# Created by Octave 3.6.4, Thu Mar 20 15:46:35 2014 N. Central Asia Standard Time <unknown@OShulyakov>
# name: HighTr
# type: matrix
# rows: 50
# columns: 18
 1.926766346547517e-035 1.96362128686404e-036 2.863609741116048e-035 9.831542156603673e-028 9.868730939939609e-028 9.869031312020786e-028 3.187111966912453e-027 3.187071613493181e-027 3.187076763387286e-027 3.18707813810089e-027 3.187069852216078e-027 3.187069797759161e-027 3.187071127004434e-027 3.187071127005455e-027 3.187071127005455e-027 3.187071127004434e-027 3.187071127005454e-027 3.187071127005455e-027
 2.972461094285689e-013 2.975273253952089e-013 2.97527701781201e-013 2.975277044805159e-013 2.975277029464889e-013 2.975277033074025e-013 2.975277019984925e-013 2.975277012286091e-013 2.975277027891289e-013 2.97527702435309e-013 2.975277033050634e-013 2.975277033353262e-013 2.975277044097836e-013 2.975277050921289e-013 2.975277044252467e-013 2.975277053772065e-013 2.975277052388137e-013 2.975277048719739e-013
 1.188215111652601e-012 1.188781823814367e-012 1.188782638803196e-012 1.188782642152485e-012 1.188782640531954e-012 1.188782641430404e-012 1.18878264145359e-012 1.188782641939829e-012 1.18878264022306e-012 1.188782640930683e-012 1.188782643954504e-012 1.188782641181657e-012 1.188782641642622e-012 1.188782640791712e-012 1.188782641822841e-012 1.188782642054012e-012 1.188782641482174e-012 1.188782641783263e-012
 4.746715542259792e-012 4.747622872368566e-012 4.747623962106377e-012 4.747623965837428e-012 4.74762396555747e-012 4.747623964702323e-012 4.747623964667587e-012 4.74762396641028e-012 4.747623964758239e-012 4.747623965094864e-012 4.747623964204756e-012 4.74762396581937e-012 4.747623965383992e-012 4.747623965067494e-012 4.747623964958857e-012 4.747623965383369e-012 4.747623965984662e-012 4.74762396551191e-012
 1.893785768084948e-011 1.893901945541555e-011 1.89390191478166e-011 1.893901915303199e-011 1.893901915454516e-011 1.893901915382437e-011 1.893901915365299e-011 1.893901915566249e-011 1.893901915237467e-011 1.893901915328136e-011 1.893901915417903e-011 1.89390191544595e-011 1.893901915495398e-011 1.893901915590153e-011 1.893901915411622e-011 1.893901915465208e-011 1.893901915523285e-011 1.893901915524336e-011
 7.536185400307916e-011 7.536296193106131e-011 7.536295341674909e-011 7.536295342181263e-011 7.536295342312302e-011 7.536295342234988e-011 7.536295342213012e-011 7.536295342245431e-011 7.536295342233312e-011 7.536295342261342e-011 7.536295342280549e-011 7.536295342203465e-011 7.536295342426552e-011 7.536295342381683e-011 7.536295342414812e-011 7.536295342384112e-011 7.536295342510499e-011 7.536295342520276e-011
 2.983696228062395e-010 2.983697509330403e-010 2.983697082046548e-010 2.983697082055805e-010 2.983697082078122e-010 2.983697082064875e-010 2.983697082059012e-010 2.983697082074628e-010 2.983697082063974e-010 2.983697082056148e-010 2.983697082082012e-010 2.983697082062895e-010 2.983697082073291e-010 2.983697082068479e-010 2.983697082075648e-010 2.9836970820763e-010 2.983697082081537e-010 2.983697082081489e-010
 1.169460886418674e-009 1.169456857488572e-009 1.169456682429478e-009 1.169456682410211e-009 1.1694566824093e-009 1.169456682411364e-009 1.169456682412022e-009 1.169456682411722e-009 1.169456682411129e-009 1.169456682411816e-009 1.169456682412474e-009 1.169456682411264e-009 1.169456682412068e-009 1.169456682413595e-009 1.169456682411712e-009 1.169456682411891e-009 1.169456682410313e-009 1.169456682411931e-009
 4.494881602854858e-009 4.494862555094135e-009 4.494861893514594e-009 4.494861893418942e-009 4.494861893415275e-009 4.494861893416363e-009 4.494861893417137e-009 4.494861893416392e-009 4.494861893416251e-009 4.494861893416996e-009 4.494861893416783e-009 4.494861893417339e-009 4.4948618934159e-009 4.494861893417328e-009 4.494861893417023e-009 4.494861893417573e-009 4.494861893418028e-009 4.494861893417245e-009
 1.664837312940559e-008 1.664830644652407e-008 1.664830413765481e-008 1.664830413731212e-008 1.664830413731124e-008 1.664830413730917e-008 1.664830413731006e-008 1.664830413730809e-008 1.664830413730989e-008 1.664830413731052e-008 1.664830413730888e-008 1.664830413731021e-008 1.66483041373109e-008 1.664830413731131e-008 1.664830413731027e-008 1.66483041373104e-008 1.664830413731037e-008 1.664830413731101e-008
 5.76896441039186e-008 5.768945764562254e-008 5.768945053673551e-008 5.768945053573545e-008 5.768945053571921e-008 5.768945053572099e-008 5.768945053572072e-008 5.768945053572058e-008 5.768945053572199e-008 5.768945053572258e-008 5.768945053572154e-008 5.768945053572146e-008 5.768945053572137e-008 5.768945053572146e-008 5.768945053572195e-008 5.768945053572211e-008 5.768945053572146e-008 5.768945053572152e-008
 1.79122041946303e-007 1.791216685912402e-007 1.791216506954495e-007 1.791216506932635e-007 1.791216506932321e-007 1.791216506932314e-007 1.791216506932316e-007 1.791216506932315e-007 1.791216506932327e-007 1.791216506932321e-007 1.791216506932323e-007 1.791216506932316e-007 1.791216506932335e-007 1.791216506932332e-007 1.791216506932325e-007 1.79121650693232e-007 1.791216506932326e-007 1.791216506932321e-007
 4.748922534263789e-007 4.748918191973667e-007 4.748917851696717e-007 4.748917851666772e-007 4.748917851666223e-007 4.748917851666266e-007 4.748917851666258e-007 4.748917851666257e-007 4.748917851666255e-007 4.748917851666259e-007 4.748917851666251e-007 4.748917851666251e-007 4.748917851666268e-007 4.748917851666273e-007 4.748917851666265e-007 4.748917851666264e-007 4.748917851666259e-007 4.748917851666259e-007
 1.03960941277257e-006 1.039609170195102e-006 1.039609122527725e-006 1.039609122525639e-006 1.039609122525587e-006 1.039609122525588e-006 1.039609122525587e-006 1.039609122525587e-006 1.039609122525587e-006 1.039609122525586e-006 1.039609122525587e-006 1.039609122525587e-006 1.039609122525588e-006 1.039609122525587e-006 1.039609122525588e-006 1.039609122525587e-006 1.039609122525587e-006 1.039609122525588e-006
 1.866844145797731e-006 1.86684389678594e-006 1.866843844806108e-006 1.866843844805655e-006 1.866843844805608e-006 1.866843844805609e-006 1.86684384480561e-006 1.866843844805609e-006 1.866843844805609e-006 1.86684384480561e-006 1.866843844805609e-006 1.866843844805609e-006 1.86684384480561e-006 1.86684384480561e-006 1.86684384480561e-006 1.86684384480561e-006 1.866843844805609e-006 1.86684384480561e-006
 2.792105127396573e-006 2.792104535575519e-006 2.792104489017179e-006 2.792104489017196e-006 2.792104489017166e-006 2.792104489017164e-006 2.792104489017163e-006 2.792104489017163e-006 2.792104489017163e-006 2.792104489017163e-006 2.792104489017163e-006 2.792104489017163e-006 2.792104489017163e-006 2.792104489017163e-006 2.792104489017163e-006 2.792104489017163e-006 2.792104489017163e-006 2.792104489017163e-006
 3.593029183246539e-006 3.593028423446336e-006 3.593028388764546e-006 3.59302838876434e-006 3.593028388764317e-006 3.593028388764317e-006 3.593028388764317e-006 3.593028388764317e-006 3.593028388764317e-006 3.593028388764317e-006 3.593028388764317e-006 3.593028388764317e-006 3.593028388764317e-006 3.593028388764317e-006 3.593028388764317e-006 3.593028388764317e-006 3.593028388764317e-006 3.593028388764317e-006
 4.154618945639088e-006 4.154618318671374e-006 4.154618296575181e-006 4.154618296574875e-006 4.154618296574858e-006 4.154618296574858e-006 4.154618296574857e-006 4.154618296574857e-006 4.154618296574858e-006 4.154618296574857e-006 4.154618296574857e-006 4.154618296574857e-006 4.154618296574857e-006 4.154618296574857e-006 4.154618296574857e-006 4.154618296574857e-006 4.154618296574857e-006 4.154618296574857e-006
