# Created by Octave 3.6.4, Mon Mar 10 12:24:23 2014 N. Central Asia Standard Time <unknown@OShulyakov>
# name: CloseCv
# type: matrix
# rows: 50
# columns: 20
 2.080631564776132e-025 1.179684246542765e-013 1.041377850867854e-015 1.78103495728399e-009 2.544944033131094e-009 6.52040461743723e-011 8.764442990979e-011 9.504843380399846e-013 6.975601485817071e-012 6.057619157727055e-013 5.754086553351157e-013 8.92736798498243e-015 6.577270798389122e-015 1.046807854901219e-014 2.860331379537252e-011 1.863310471718212e-010 4.782486670112725e-011 5.095925096408492e-012 1.811412864595855e-011 3.813719595021182e-011
 9.699351699532087e-012 2.404551954111581e-011 5.197182247970135e-011 4.55977517393017e-011 2.663023506890995e-011 1.267360581597364e-011 5.787183204729892e-012 2.991050752807301e-012 2.180566172252325e-012 2.256516214277937e-012 2.786154567325582e-012 3.40761374676023e-012 3.926019867480477e-012 4.198590150959758e-012 4.217626041028189e-012 3.987683387055467e-012 3.566714635532152e-012 3.011229833420791e-012 2.44334795615792e-012 1.899372188884189e-012
 3.824901749735359e-011 2.677820805541474e-011 6.977870556752095e-011 7.85814525540841e-011 5.79104078055717e-011 3.378231964606935e-011 1.74062877811648e-011 8.888717467610421e-012 5.078002175607044e-012 3.775180786273667e-012 3.728786440651614e-012 4.334765547297615e-012 5.17381827476714e-012 5.960377449977331e-012 6.475552923272005e-012 6.666542492266386e-012 6.497495575028881e-012 6.047017759452607e-012 5.39776768286249e-012 4.598783691101997e-012
 1.487705191706501e-010 3.221776113089865e-011 8.459802332871429e-011 1.180106963078722e-010 1.071908538696194e-010 7.630729004497542e-011 4.640878427848226e-011 2.606880920033217e-011 1.460707262371557e-011 8.932110839892375e-012 6.61327373831784e-012 6.176265717384372e-012 6.761363005730611e-012 7.813161256883426e-012 8.934490998362836e-012 9.832975976793019e-012 1.033775263052283e-011 1.039961376124415e-011 1.004083566360408e-011 9.332556679116954e-012
 5.636232270077898e-010 5.078552215942352e-011 9.624121862289257e-011 1.569822268469117e-010 1.719203598652673e-010 1.462985682269907e-010 1.058007647708848e-010 6.838804591771916e-011 4.162674506045961e-011 2.519461567466772e-011 1.619073759369463e-011 1.188357191944674e-011 1.042855655251751e-011 1.066050397570916e-011 1.18006317346197e-011 1.328986127097239e-011 1.470504185301835e-011 1.575299664766646e-011 1.626510421615019e-011 1.621691785773606e-011
 2.035404127982862e-009 1.222229354262232e-010 1.110381739324005e-010 1.89308746945916e-010 2.427393583258032e-010 2.419857663145903e-010 2.04238060049213e-010 1.533260068441643e-010 1.057418210833481e-010 6.936236915295632e-011 4.500082025652724e-011 3.016663698515942e-011 2.202727645728556e-011 1.828251380768693e-011 1.734368739132818e-011 1.811362436982082e-011 1.979187384382955e-011 2.176357733095529e-011 2.356095993779018e-011 2.48537026223655e-011
 6.784312186128689e-009 3.940995897209098e-010 1.509182945442923e-010 2.175030744000351e-010 3.06541367742582e-010 3.514338455447295e-010 3.398174672968736e-010 2.918098739725218e-010 2.294128365067223e-010 1.685934764135788e-010 1.18522744445755e-010 8.188449253498865e-011 5.730922873812263e-011 4.205745791620803e-011 3.353915310805158e-011 2.967178267919913e-011 2.889508749515764e-011 3.006699052971143e-011 3.228182478456443e-011 3.483802335942725e-011
 2.016751138848294e-008 1.381756236807297e-009 2.95448800556648e-010 2.61813102503166e-010 3.604964738206978e-010 4.549593008527341e-010 4.964348080548801e-010 4.795829038382248e-010 4.235164525671757e-010 3.491921833968944e-010 2.7251500300581e-010 2.043063130806036e-010 1.497895029152834e-010 1.096225248128718e-010 8.196544484500706e-011 6.422417031333413e-011 5.391513229952615e-011 4.899280879928904e-011 4.781451245914312e-011 4.910078575418924e-011
 5.295274902119052e-008 4.686286751103945e-009 8.298467797259778e-010 3.944751013031712e-010 4.271654321029837e-010 5.446113240983763e-010 6.47000183939145e-010 6.931993740767732e-010 6.782103964558696e-010 6.183483222039192e-010 5.335466402226253e-010 4.40034141518713e-010 3.500618438572763e-010 2.716711936067251e-010 2.084506215637218e-010 1.605846222400684e-010 1.263392889028212e-010 1.033137098518624e-010 8.909113862148155e-011 8.154971220686206e-011
 1.274125512469413e-007 1.444817315765982e-008 2.697532849988739e-009 8.698116337343963e-010 5.939119101697733e-010 6.507340244910454e-010 7.816972083074625e-010 8.977551488816418e-010 9.587190046235565e-010 9.554907043740796e-010 8.996232815961835e-010 8.093391164049944e-010 7.012599384140505e-010 5.887687860645969e-010 4.82184264308417e-010 3.883945186292905e-010 3.107451534641288e-010 2.497137705512496e-010 2.040041833669594e-010 1.715082089218133e-010
 2.922189643865e-007 3.9362795561702e-008 8.585496709596207e-009 2.53320842454481e-009 1.161803108664519e-009 8.989825703668205e-010 9.509907888235259e-010 1.089926028107142e-009 1.224887005034493e-009 1.311361630440878e-009 1.332973945519332e-009 1.293822651280329e-009 1.208490240960579e-009 1.093315711204641e-009 9.626167675330283e-010 8.282654801108211e-010 6.997589203973981e-010 5.838877619343906e-010 4.845391385355893e-010 4.030594768983013e-010
 6.21871276934374e-007 9.675920543675886e-008 2.470199345288451e-008 7.832538832862185e-009 3.110491101246361e-009 1.714276832374928e-009 1.358774407328012e-009 1.36613587017072e-009 1.498374568346695e-009 1.65160484527525e-009 1.771873904348849e-009 1.832727086942737e-009 1.827977865759036e-009 1.765101576307621e-009 1.657848941450508e-009 1.52072081593862e-009 1.366683302864035e-009 1.206866695922812e-009 1.050593973797757e-009 9.051415141055692e-010
 1.154631707808716e-006 2.25087331916807e-007 6.330658319301472e-008 2.254263007556167e-008 9.206221137854044e-009 4.42747348119174e-009 2.675169939280111e-009 2.085755818945737e-009 1.974496935201987e-009 2.061930360481119e-009 2.217132912854069e-009 2.369661041446482e-009 2.479746088088476e-009 2.528232597444765e-009 2.511503835950748e-009 2.436327823577123e-009 2.314563825653144e-009 2.159170361143669e-009 1.982281368443842e-009 1.794704737481693e-009
 1.814065834543049e-006 4.939413029899729e-007 1.504085875031503e-007 5.813233678639148e-008 2.57929183047003e-008 1.259496138806172e-008 6.884202593615345e-009 4.377418672758585e-009 3.318723767569515e-009 2.943801075059802e-009 2.898402126371369e-009 3.004353925788602e-009 3.163046166266425e-009 3.315601222243137e-009 3.426831245051424e-009 3.478504783055169e-009 3.465373321294427e-009 3.391327577781023e-009 3.265535584883643e-009 3.099251620790486e-009
 2.438855963105515e-006 9.635947911224291e-007 3.411813524415513e-007 1.385844177837225e-007 6.535695695785414e-008 3.39162704301776e-008 1.887559301014943e-008 1.132797692234508e-008 7.484701469305718e-009 5.552784505863424e-009 4.637115170624497e-009 4.272498952967189e-009 4.205800669913095e-009 4.291171628703518e-009 4.439262848798254e-009 4.592845732736505e-009 4.715324612912042e-009 4.785189682993915e-009 4.792669353092697e-009 4.736884186915091e-009
 2.908988684328169e-006 1.598263900051483e-006 7.101924337571303e-007 3.157373854967792e-007 1.544532081433579e-007 8.350744889895443e-008 4.857159407756789e-008 2.982701430597423e-008 1.92859875889754e-008 1.324119368268069e-008 9.772176364190939e-009 7.817932564272034e-009 6.769742811228429e-009 6.267845695439733e-009 6.092710181832927e-009 6.105270561635296e-009 6.213908694372317e-009 6.356396892878932e-009 6.490173522249452e-009 6.587098965058843e-009
 3.2075540889298e-006 2.251799816451783e-006 1.277843836733966e-006 6.645896452939826e-007 3.491422363869578e-007 1.945374182122218e-007 1.160565618337958e-007 7.335348998549128e-008 4.850447400707128e-008 3.333988832451404e-008 2.38325422569057e-008 1.780619933867101e-008 1.399220748442784e-008 1.161204739995541e-008 1.017184225959171e-008 9.35049023812362e-009 8.934395774641894e-009 8.777971595196329e-009 8.779428835915054e-009 8.865987516422783e-009
