# Created by Octave 3.6.4, Mon Mar 10 12:24:23 2014 N. Central Asia Standard Time <unknown@OShulyakov>
# name: CloseTr
# type: matrix
# rows: 50
# columns: 20
 2.474636634993773e-025 1.179602423402803e-013 1.036072529121775e-014 1.779954642649439e-009 2.544629748769579e-009 6.522704148795937e-011 8.765200101018646e-011 9.512633281570657e-013 6.974928920207594e-012 6.104217828995233e-013 5.797898709675427e-013 2.356616176926856e-014 3.517408075632209e-014 6.3549683265243e-014 2.881130882124903e-011 1.864602341314452e-010 4.796938095602239e-011 5.108313672130481e-012 1.812936732482906e-011 3.814134508103167e-011
 1.707063993647942e-011 1.447374017895628e-010 3.168389603155586e-010 2.89162786172772e-010 1.804312799016117e-010 9.179394448112628e-011 4.48597214897746e-011 2.538773224469806e-011 2.001651660393853e-011 2.169054536016171e-011 2.68215046665482e-011 3.299932207032738e-011 3.851822775228452e-011 4.211983838037445e-011 4.335607210021587e-011 4.217826949208755e-011 3.889475180246277e-011 3.413401611549772e-011 2.871465671422479e-011 2.341443089286911e-011
 6.730369429093199e-011 1.56942717050653e-010 4.232415247219645e-010 4.829769480459027e-010 3.737832819492467e-010 2.306230659709752e-010 1.260077700762791e-010 6.837466509150214e-011 4.227508290978761e-011 3.392680810308922e-011 3.516596186895477e-011 4.143357982195187e-011 4.971127128435742e-011 5.769680538876684e-011 6.372754023602428e-011 6.69123957969701e-011 6.701441597891209e-011 6.421835021866272e-011 5.900975198319984e-011 5.216144891443458e-011
 2.616692999654241e-010 1.707785625300068e-010 5.101848034211159e-010 7.168405099031565e-010 6.665485696110128e-010 4.956143272358858e-010 3.170891753643994e-010 1.873193322142363e-010 1.108506934269535e-010 7.252995853676977e-011 5.770280935312725e-011 5.663544906467201e-011 6.334814621243083e-011 7.383830885768719e-011 8.506553218213342e-011 9.47039779134577e-011 1.012519255422877e-010 1.040375648221211e-010 1.029951593280902e-010 9.844733270101177e-011
 9.905371822851094e-010 2.061897212843297e-010 5.719411544572347e-010 9.492551417928382e-010 1.048275197364336e-009 9.133357067373047e-010 6.858673597841649e-010 4.629458383928855e-010 2.946674674363017e-010 1.873063946211974e-010 1.274258568674842e-010 9.95931696622054e-011 9.21006953759907e-011 9.704277123879659e-011 1.089708446867395e-010 1.237815847465903e-010 1.382378858614768e-010 1.499569037896684e-010 1.574962549254122e-010 1.602783548305122e-010
 3.571323486378007e-009 3.340910652471597e-010 6.225389517902949e-010 1.136961238401613e-009 1.468283463677714e-009 1.476852062798546e-009 1.272880942483046e-009 9.862994400703246e-010 7.054762572938382e-010 4.809797434171705e-010 3.251666794622931e-010 2.285784253184417e-010 1.759669079493703e-010 1.537008605974565e-010 1.514934320937367e-010 1.618653183367892e-010 1.791676385779611e-010 1.989041718098627e-010 2.175058979871724e-010 2.323839432556379e-010
 1.186669127726496e-008 8.146348590961075e-010 7.0661787058835e-010 1.273245728204433e-009 1.843241440389353e-009 2.124223967134089e-009 2.070574579373184e-009 1.807848875547561e-009 1.457285960607783e-009 1.10347627555144e-009 8.013073532797123e-010 5.729773393540631e-010 4.164859910597739e-010 3.191254608578969e-010 2.663624705611863e-010 2.455405221142394e-010 2.466378761961071e-010 2.618367128534229e-010 2.848751054514995e-010 3.106219630887325e-010
 3.507489428895583e-008 2.551712975148096e-009 9.689415989588582e-010 1.401692486061465e-009 2.126950271536223e-009 2.731306683671364e-009 2.994392811001707e-009 2.910229062369566e-009 2.601240758804391e-009 2.1848348908105e-009 1.745315067935259e-009 1.343133659213342e-009 1.012764369258559e-009 7.639746893688058e-010 5.90730881135772e-010 4.803043059320803e-010 4.188676802057296e-010 3.939631157239564e-010 3.951363653084541e-010 4.137486781922554e-010
 9.124756411040969e-008 8.33813322185495e-009 1.913132866446247e-009 1.66180248507242e-009 2.35920792857422e-009 3.207290742939238e-009 3.869894726931884e-009 4.165905723789994e-009 4.092918959975696e-009 3.760763134585734e-009 3.285995597027655e-009 2.756070265366716e-009 2.236711079439921e-009 1.774427954154202e-009 1.394153800663917e-009 1.101959018031702e-009 8.918158483170702e-010 7.520079430193266e-010 6.692982581571741e-010 6.310424553707841e-010
 2.170283113304212e-007 2.532024774193924e-008 5.190410361275861e-009 2.509211351054513e-009 2.713311380970762e-009 3.592080259250934e-009 4.566524448361697e-009 5.335854157228321e-009 5.730760793439578e-009 5.729333736340404e-009 5.418081093832236e-009 4.910707782374554e-009 4.301287233079743e-009 3.661526808759564e-009 3.047310600317114e-009 2.498597581696656e-009 2.037853487883391e-009 1.672066283179497e-009 1.3974411113759e-009 1.204175772764634e-009
 4.92927787971577e-007 6.820135171048285e-008 1.546548238962138e-008 5.427127418637534e-009 3.735602196451112e-009 4.132311719770064e-009 5.148718948292541e-009 6.268949963104892e-009 7.203701394072312e-009 7.776841319754929e-009 7.93206300487934e-009 7.71832536859104e-009 7.235735571650358e-009 6.584433244006516e-009 5.845268100269871e-009 5.082154870270356e-009 4.346367804729116e-009 3.676347256068674e-009 3.096379200775153e-009 2.617384031738588e-009
 1.043490123311534e-006 1.655989784185478e-007 4.335376824684452e-008 1.466865644789614e-008 7.147576983156512e-009 5.600547147592521e-009 6.008022453789652e-009 7.11042074402153e-009 8.387665914609707e-009 9.541189254094007e-009 1.037652107007621e-008 1.079532218086274e-008 1.07949958913842e-008 1.044225891438964e-008 9.831373476045091e-009 9.052391983200582e-009 8.179917232738045e-009 7.274673403531227e-009 6.386749328169648e-009 5.556041304092609e-009
 1.933575694015937e-006 3.80939406980706e-007 1.093076900765477e-007 4.012446037400021e-008 1.77488596559576e-008 1.033300755636271e-008 8.353978246759062e-009 8.535456604092782e-009 9.617244846565803e-009 1.102214794423041e-008 1.241828876660717e-008 1.35834694655228e-008 1.437593570559202e-008 1.473419835805626e-008 1.467041952355851e-008 1.424787282347107e-008 1.355146422923199e-008 1.266496124868674e-008 1.16609455260239e-008 1.060017923031273e-008
 3.036094183474218e-006 8.302303240799386e-007 2.561380387662075e-007 1.009742194125678e-007 4.637378469547832e-008 2.447892598249691e-008 1.565529343353862e-008 1.255792539938379e-008 1.211603720912756e-008 1.294596029369774e-008 1.435655370596589e-008 1.59489419730714e-008 1.745842120829582e-008 1.869953840852801e-008 1.955351901025677e-008 1.996699966135229e-008 1.994590641660622e-008 1.953995953051166e-008 1.882212435161379e-008 1.78705152950975e-008
 4.08128924821927e-006 1.614873540031709e-006 5.753874670841862e-007 2.367065630933993e-007 1.138358266575262e-007 6.110418880630523e-008 3.63159299389958e-008 2.453948026110213e-008 1.932746198059854e-008 1.757362395325321e-008 1.768676462726321e-008 1.880053627578598e-008 2.040246675690496e-008 2.215766715993826e-008 2.38285254034882e-008 2.524261722328193e-008 2.628327074621668e-008 2.688751702290107e-008 2.704236403616096e-008 2.677571422130867e-008
 4.868063382100272e-006 2.675788023628557e-006 1.191924737504967e-006 5.332693682389165e-007 2.638658914431431e-007 1.452542531753782e-007 8.701167734157025e-008 5.621204174865344e-008 3.953740227883318e-008 3.074256579858433e-008 2.65433517121159e-008 2.508865679416156e-008 2.528413895701812e-008 2.645076825895054e-008 2.814154674920932e-008 3.004239820821501e-008 3.192060335129281e-008 3.360049486716306e-008 3.495400612267303e-008 3.589778444242814e-008
 5.367832885579024e-006 3.768790641214444e-006 2.140601107821034e-006 1.116167118051414e-006 5.895644150248924e-007 3.316292822181412e-007 2.008488995168362e-007 1.29972675998922e-007 8.918996439849613e-008 6.491642384465138e-008 5.042785220890925e-008 4.205566182310463e-008 3.762939512878834e-008 3.578916439866231e-008 3.564608474879833e-008 3.659627005262291e-008 3.821214276603279e-008 4.017756824387855e-008 4.224986557110037e-008 4.423887539233512e-008
