# Created by Octave 3.6.4, Mon Mar 10 12:24:23 2014 N. Central Asia Standard Time <unknown@OShulyakov>
# name: CloseTst
# type: matrix
# rows: 50
# columns: 20
 2.490065061449283e-025 1.179740734695444e-013 3.619976151229361e-015 1.781084139312073e-009 2.544924909315012e-009 6.52176752151106e-011 8.765603141644807e-011 9.528394354249188e-013 6.974576430398046e-012 6.076543429230467e-013 5.780620532300013e-013 1.730799069929257e-014 2.410140751922746e-014 4.468046981245226e-014 2.88365087174454e-011 1.867594895338808e-010 4.808833994632381e-011 5.098488806695108e-012 1.820264266219994e-011 3.810213904444336e-011
 1.730922748536073e-011 1.306286018666374e-010 2.77498820677697e-010 2.293674479861925e-010 1.264847333613898e-010 5.847819359710032e-011 2.699847933409195e-011 1.480971739073288e-011 1.129788887310286e-011 1.188710023757007e-011 1.418775365734795e-011 1.680816149079875e-011 1.8573470646187e-011 1.909423334556853e-011 1.832033105980093e-011 1.660003931122424e-011 1.437717513221854e-011 1.187282793003366e-011 9.511593077464968e-012 7.417412948103522e-012
 6.827063472491243e-011 1.412478472325332e-010 3.782928869288666e-010 4.072982417181247e-010 2.846869519795015e-010 1.580469004485218e-010 7.983809663585176e-011 4.132234021569588e-011 2.487577699029985e-011 1.950632585649884e-011 1.96905457900767e-011 2.246049772583696e-011 2.598280756955747e-011 2.887400881690351e-011 3.024227203488779e-011 2.998497699507879e-011 2.820961158434587e-011 2.541303061194729e-011 2.21212656861917e-011 1.857753723251963e-011
 2.656346409259677e-010 1.527677484528976e-010 4.596279834534026e-010 6.284672350320184e-010 5.455818984463237e-010 3.693039233967538e-010 2.158979797902046e-010 1.192207219174645e-010 6.773510908121871e-011 4.336779231512506e-011 3.393357286558283e-011 3.256519953990387e-011 3.537502646758698e-011 3.988061380084307e-011 4.423600112710553e-011 4.717428286346262e-011 4.807323349105953e-011 4.685602277453441e-011 4.398364742622738e-011 3.990465349667353e-011
 1.007102853138381e-009 1.843140879281557e-010 5.156780799575991e-010 8.487018748220618e-010 9.028699362701067e-010 7.347150826141832e-010 5.075785989748374e-010 3.16668215977537e-010 1.897857148690025e-010 1.162540125668759e-010 7.762271175911822e-011 5.997108484155071e-011 5.457624591630119e-011 5.612739090266767e-011 6.118784368416912e-011 6.724140625870466e-011 7.241703196461179e-011 7.552081724053738e-011 7.59319465770821e-011 7.383048880717673e-011
 3.642314396353674e-009 3.058550994312159e-010 5.590825859213255e-010 1.0241561468789e-009 1.301594297500409e-009 1.257829147809847e-009 1.018255321671202e-009 7.333211285727443e-010 4.891525268154949e-010 3.154535313769154e-010 2.056882982423401e-010 1.419991058697872e-010 1.084286159228593e-010 9.385265325389274e-011 9.096087075085801e-011 9.485769479265162e-011 1.020407121347537e-010 1.098194357149835e-010 1.161595992848949e-010 1.197763675010365e-010
 1.217719853991919e-008 7.785160333346543e-010 6.320166321574443e-010 1.147214590176285e-009 1.655380143313829e-009 1.872124393522941e-009 1.75696131352207e-009 1.451780217419101e-009 1.09794270541397e-009 7.810249837560538e-010 5.381402895525313e-010 3.708605423552679e-010 2.641905589621858e-010 2.009211811405703e-010 1.671319221806592e-010 1.528492710134494e-010 1.511028928117663e-010 1.568206818067979e-010 1.661865885513075e-010 1.761481511863472e-010
 3.642025038452813e-008 2.520066132524723e-009 8.761383089024136e-010 1.258155210699073e-009 1.916894249045086e-009 2.447011091370864e-009 2.633657977038538e-009 2.475732962138334e-009 2.111423272145247e-009 1.678561088615794e-009 1.268086734591083e-009 9.284448488005896e-010 6.737512598414275e-010 4.962195970906833e-010 3.797347039347182e-010 3.082230948680386e-010 2.686634575273263e-010 2.512334970431243e-010 2.486463282281812e-010 2.553040190009224e-010
 9.671074535987993e-008 8.403338279584107e-009 1.7956287937055e-009 1.490951310949218e-009 2.122064052819375e-009 2.889285288803795e-009 3.463906659272034e-009 3.668892027477753e-009 3.506176580210844e-009 3.099269663437157e-009 2.585081401449885e-009 2.064066316910713e-009 1.598697091784359e-009 1.21936056578892e-009 9.312858781122638e-010 7.245444777203956e-010 5.835835641479372e-010 4.929947870613768e-010 4.397982609687966e-010 4.136935559587302e-010
 2.366021298602189e-007 2.595189638524989e-008 5.070389838258438e-009 2.296907109975459e-009 2.436336934226337e-009 3.233846360674152e-009 4.112822670813485e-009 4.778636913899815e-009 5.065357158851541e-009 4.95455083014792e-009 4.543290326313248e-009 3.963888653034736e-009 3.328273591173482e-009 2.715116324650424e-009 2.173293068361311e-009 1.726186980283669e-009 1.377206850472112e-009 1.117297438267947e-009 9.320500963397241e-010 8.064310279499094e-010
 5.518354578930986e-007 7.138710770276904e-008 1.553771540570243e-008 5.176418353976623e-009 3.398587570721687e-009 3.716810155367073e-009 4.637616341395572e-009 5.647197026214006e-009 6.461215125933406e-009 6.906608961422508e-009 6.929687184683154e-009 6.58657854387753e-009 5.99221160167575e-009 5.26581931137517e-009 4.503607273102243e-009 3.77441770143351e-009 3.122567687051081e-009 2.5710412796704e-009 2.125534735515212e-009 1.779883524052058e-009
 1.187217504293366e-006 1.783014199016539e-007 4.459504299900679e-008 1.452150890219064e-008 6.748261248904413e-009 5.101733994838121e-009 5.416199304487967e-009 6.409101755990141e-009 7.560245425442451e-009 8.574731132545907e-009 9.260928070118904e-009 9.522574679813548e-009 9.361370296647094e-009 8.85402037050139e-009 8.110991368112139e-009 7.240957370125884e-009 6.333384217011686e-009 5.455059903460332e-009 4.651734305343188e-009 3.950436184049798e-009
 2.214038698514438e-006 4.224304875646544e-007 1.155692680294048e-007 4.089472019933265e-008 1.744978949313164e-008 9.756956735131673e-009 7.651896980742552e-009 7.72349303433153e-009 8.681887877881598e-009 9.945522122118777e-009 1.118422346535162e-008 1.21781149530713e-008 1.278722696195449e-008 1.295253814221199e-008 1.269187888021059e-008 1.207949175196401e-008 1.121641083267064e-008 1.020475426177667e-008 9.133055610093813e-009 8.071376388213564e-009
 3.48076018669869e-006 9.397584968227229e-007 2.795219788187946e-007 1.060202992291592e-007 4.713506895665501e-008 2.408702195349985e-008 1.488733014062379e-008 1.161347227753948e-008 1.10364497727669e-008 1.172684617636185e-008 1.298118115272914e-008 1.439860748870059e-008 1.571530988189862e-008 1.674712823893551e-008 1.73767690893797e-008 1.755370699458102e-008 1.72898671386414e-008 1.664556643513529e-008 1.570898189524127e-008 1.457622208191705e-008
 4.676547996400742e-006 1.845394695332046e-006 6.448762781098144e-007 2.568985368132429e-007 1.195680898379134e-007 6.232048113258567e-008 3.599043655595622e-008 2.362058906765644e-008 1.812688230724081e-008 1.618760067233923e-008 1.613473425926279e-008 1.707418462669441e-008 1.848398092132264e-008 2.002657072942256e-008 2.146406286872152e-008 2.262455419598059e-008 2.339258921336068e-008 2.370790784108288e-008 2.356297265994847e-008 2.299499689630957e-008
 5.573922335314395e-006 3.066093634398598e-006 1.356148700930899e-006 5.954943148844624e-007 2.868908176621536e-007 1.535326385044679e-007 8.954827991084569e-008 5.638889965168717e-008 3.867318740962898e-008 2.936524633487594e-008 2.486273444946796e-008 2.318099226389666e-008 2.316792466470002e-008 2.411921906429526e-008 2.557690694617141e-008 2.722230095235627e-008 2.882088541063848e-008 3.019655726149468e-008 3.122186832990698e-008 3.181553564835142e-008
 6.142885649001548e-006 4.318436413238305e-006 2.449614005382262e-006 1.26750253270436e-006 6.592719793000071e-007 3.6301624623723e-007 2.1467058696165e-007 1.35638388059877e-007 9.095476172640867e-008 6.473871146950906e-008 4.922644719848346e-008 4.026529950373252e-008 3.545249724033999e-008 3.331360619388285e-008 3.290201832083766e-008 3.358428975974739e-008 3.49175340719368e-008 3.657761766622749e-008 3.831768092433899e-008 3.994552440278514e-008
