# Created by Octave 3.6.4, Mon Mar 10 12:24:23 2014 N. Central Asia Standard Time <unknown@OShulyakov>
# name: OpenTst
# type: matrix
# rows: 50
# columns: 20
 1.58270255543624e-025 1.179701046700788e-013 6.373741897222265e-015 1.780158863766937e-009 2.544663609141744e-009 6.521693738419064e-011 8.765778511974744e-011 9.515514615611176e-013 6.979590982036122e-012 6.094880135913919e-013 5.760913332999282e-013 1.713770518450404e-014 2.327105523232694e-014 4.268075805552468e-014 2.868501451850535e-011 1.867008995425762e-010 4.810395831524487e-011 5.12730416187211e-012 1.832570775983218e-011 3.817104996073426e-011
 1.481873969983069e-011 1.355861101908331e-010 2.956274991564566e-010 2.563665502569516e-010 1.533024635535836e-010 7.685713544666287e-011 3.682248480964502e-011 2.004965292479498e-011 1.516426792735176e-011 1.614250282848144e-011 1.982771258456151e-011 2.403157093658007e-011 2.728632748873093e-011 2.837946181222067e-011 2.71865568309389e-011 2.417938111899234e-011 2.026618517026097e-011 1.640166754121742e-011 1.309177329410413e-011 1.052428051564443e-011
 5.850816089916059e-011 1.463731471062401e-010 3.974082546683191e-010 4.426809091997053e-010 3.264992406754726e-010 1.957164670502302e-010 1.054822541885891e-010 5.60803789681024e-011 3.350706439204709e-011 2.595697159700886e-011 2.63839605059092e-011 3.080013094757746e-011 3.653585682122386e-011 4.152417052085396e-011 4.426461987639232e-011 4.401068703737198e-011 4.101869149288819e-011 3.614766516490748e-011 3.048699499141267e-011 2.506986056407786e-011
 2.281207843400189e-010 1.57887742403161e-010 4.787593161235654e-010 6.69389554047991e-010 6.027909667849553e-010 4.311383122878718e-010 2.697848540903871e-010 1.572318882306277e-010 9.133281030748931e-011 5.80772600457714e-011 4.478502203228974e-011 4.300972076149924e-011 4.753220353491317e-011 5.484253723822907e-011 6.224440604770154e-011 6.761863279699717e-011 6.960729911236533e-011 6.782927654859581e-011 6.276914949827584e-011 5.557420634906228e-011
 8.684382291231943e-010 1.872142835886597e-010 5.350347412304278e-010 8.911830334434637e-010 9.723133445072779e-010 8.213226055485264e-010 5.978931081371593e-010 3.959341109979814e-010 2.487787696466037e-010 1.556670118632578e-010 1.034996451367699e-010 7.872940838860335e-011 7.113761667074336e-011 7.380522319004342e-011 8.197171198424681e-011 9.203364265001864e-011 1.011001444825456e-010 1.06980303073738e-010 1.084103793251673e-010 1.051134442433147e-010
 3.166411044997992e-009 2.953983102069089e-010 5.788302235796436e-010 1.066533845588312e-009 1.376260291052989e-009 1.364551980903354e-009 1.145320621386583e-009 8.65081598380899e-010 6.081880642209857e-010 4.096407739830599e-010 2.733427784046862e-010 1.887804031583461e-010 1.421275222362809e-010 1.213662350391978e-010 1.174443011433608e-010 1.238040163287969e-010 1.355104414504524e-010 1.486140879833919e-010 1.599139932543956e-010 1.670255503949313e-010
 1.075374290758407e-008 7.092378637094559e-010 6.486304214757775e-010 1.190018791878043e-009 1.730243665208684e-009 1.98831138361822e-009 1.912540860237389e-009 1.634315267523707e-009 1.289644382663525e-009 9.612357879456911e-010 6.901131103569739e-010 4.881838258468809e-010 3.501669671070705e-010 2.637784449721269e-010 2.158824931154885e-010 1.952177785794824e-010 1.929332912390694e-010 2.02165749044256e-010 2.174568535911408e-010 2.343002264715635e-010
 3.310347989003194e-008 2.23153329303727e-009 8.689955327406442e-010 1.300213073307981e-009 1.991542465673628e-009 2.56379704159141e-009 2.801837537065782e-009 2.694082491557626e-009 2.368099876093049e-009 1.954401480946525e-009 1.539111470829752e-009 1.171915037332956e-009 8.75705361909581e-010 6.541263293083536e-010 4.996383879830822e-010 4.001415952838469e-010 3.430628149766569e-010 3.172221388154244e-010 3.133470903051752e-010 3.23847796409357e-010
 9.206648587813488e-008 7.431394964129282e-009 1.679866312395942e-009 1.517264202831167e-009 2.195980452293677e-009 3.0048174169073e-009 3.63201232227229e-009 3.900078956132728e-009 3.802066008091866e-009 3.450656175442441e-009 2.973307199938265e-009 2.462960910547551e-009 1.979406487877008e-009 1.558092564911282e-009 1.215190484504402e-009 9.524646202560063e-010 7.628259328961779e-010 6.350548018744088e-010 5.569862689240121e-010 5.17182047041847e-010
 2.382742252650431e-007 2.338304811931508e-008 4.562921264749947e-009 2.236614173742842e-009 2.493659532954935e-009 3.34689949531721e-009 4.27783957173976e-009 5.007022211673336e-009 5.369796205802731e-009 5.341268125293629e-009 5.008333680608486e-009 4.49231595924719e-009 3.894758651065784e-009 3.286973613299279e-009 2.716996069351294e-009 2.215060920997198e-009 1.796396033546169e-009 1.464255318968812e-009 1.213682366360921e-009 1.035098948276248e-009
 5.802122268504102e-007 6.68703232077739e-008 1.392931734219782e-008 4.778718007496991e-009 3.358600891952968e-009 3.804216695051024e-009 4.795387937610268e-009 5.869000855495154e-009 6.757582622684206e-009 7.292343877971455e-009 7.416491309261928e-009 7.178121766348582e-009 6.681238076260214e-009 6.032807721404067e-009 5.317437172301333e-009 4.596259028759898e-009 3.912822615635791e-009 3.296888253294526e-009 2.766071779505396e-009 2.327451532973461e-009
 1.265757562315987e-006 1.76422100726599e-007 4.095789817224526e-008 1.312380209618029e-008 6.324480975481407e-009 5.049280504456975e-009 5.524731962159198e-009 6.611699697393068e-009 7.842723713615629e-009 8.944096202409706e-009 9.732558162488277e-009 1.011295105394576e-008 1.008266456355906e-008 9.70980830305534e-009 9.093016457976829e-009 8.327284864619484e-009 7.488912484964491e-009 6.635279636226119e-009 5.809348516085216e-009 5.042900346778181e-009
 2.33535465416283e-006 4.394575001814972e-007 1.112743018085021e-007 3.752136486213444e-008 1.591062341302287e-008 9.180440334543244e-009 7.525945228285079e-009 7.822345176497534e-009 8.915185682599088e-009 1.02834856685276e-008 1.162538833670277e-008 1.273486776128104e-008 1.347802077547269e-008 1.379637764619916e-008 1.370357014813086e-008 1.326530961756962e-008 1.257036372776792e-008 1.170607736408246e-008 1.07459102499393e-008 9.747543414151822e-009
 3.594168241671427e-006 1.000973473578034e-006 2.845362206105571e-007 1.015748780742546e-007 4.353116621161482e-008 2.21098107852247e-008 1.39685845763907e-008 1.128822597051372e-008 1.104551436309841e-008 1.194201099609782e-008 1.334566897647995e-008 1.489407632419987e-008 1.634477092822082e-008 1.752565714055172e-008 1.832557308289383e-008 1.86953880587868e-008 1.864395875152369e-008 1.82241023121856e-008 1.751231156629427e-008 1.658967378601331e-008
 4.733405688815403e-006 1.95704042097161e-006 6.819289982706157e-007 2.602130130776413e-007 1.153856063842669e-007 5.82099596140827e-008 3.325654033295149e-008 2.206129239175518e-008 1.735976382691525e-008 1.59268560925118e-008 1.620482048526466e-008 1.737773943211416e-008 1.897335976949737e-008 2.068519511791346e-008 2.22950576102146e-008 2.364362271609534e-008 2.462297391681149e-008 2.51761282529402e-008 2.529464322710352e-008 2.501046883312778e-008
 5.563662005891104e-006 3.188527949478085e-006 1.44554779202516e-006 6.283170511965175e-007 2.925231440330214e-007 1.504588736507914e-007 8.504295704852582e-008 5.265494398025301e-008 3.608192748281499e-008 2.775351672548256e-008 2.39819959101315e-008 2.282539640833159e-008 2.319466203236932e-008 2.443907926439579e-008 2.614047194300941e-008 2.800853225968644e-008 2.982888961078561e-008 3.143973570264496e-008 3.272346525019168e-008 3.360478400209588e-008
 6.080995704949565e-006 4.396256534936351e-006 2.574167331828249e-006 1.351817373736113e-006 6.978467013387887e-007 3.750196233694846e-007 2.14882104642655e-007 1.317965906467403e-007 8.646518487383203e-008 6.08636918160349e-008 4.628764016902793e-008 3.822258282542304e-008 3.415907996513416e-008 3.261753479015126e-008 3.267995173520597e-008 3.374789552080984e-008 3.541028147847161e-008 3.736920552202114e-008 3.939867500762222e-008 4.13228391595169e-008
