# Created by Octave 3.6.4, Tue Mar 11 16:28:23 2014 N. Central Asia Standard Time <unknown@OShulyakov>
# name: CloseCv
# type: matrix
# rows: 50
# columns: 18
 2.314662231575127e-035 1.677632368026249e-034 2.777055489940772e-034 3.145720492364079e-028 4.157980911655852e-027 4.15754274851189e-027 4.157750012325135e-027 4.157759016711748e-027 4.157882488632826e-027 4.157881680666447e-027 4.157885236273442e-027 4.157884980940493e-027 4.157884735834005e-027 4.157884735834005e-027 4.157884735834005e-027 4.157884735834005e-027 4.157884735834005e-027 4.157884735834005e-027
 3.924571511146398e-013 4.023377361428072e-013 4.02376971554507e-013 4.023769709543981e-013 4.023769712255895e-013 4.023769714789029e-013 4.023769713168038e-013 4.023769718293826e-013 4.023769723594371e-013 4.023769718380873e-013 4.023769727394969e-013 4.023769715914427e-013 4.023769713073353e-013 4.023769710977182e-013 4.02376972077269e-013 4.023769710876994e-013 4.023769720259305e-013 4.02376971888327e-013
 1.565309643286867e-012 1.589873045066913e-012 1.589958439922689e-012 1.589958450993285e-012 1.589958451871422e-012 1.5899584510676e-012 1.589958451391135e-012 1.589958452792483e-012 1.589958452298297e-012 1.589958451941008e-012 1.589958451350634e-012 1.589958451702943e-012 1.589958453298074e-012 1.589958452993105e-012 1.58995845257312e-012 1.589958452323203e-012 1.589958452125614e-012 1.589958452176235e-012
 6.225357909565108e-012 6.281430731151763e-012 6.281613238687018e-012 6.281613288266822e-012 6.281613288444448e-012 6.281613288996401e-012 6.281613288433135e-012 6.281613287892955e-012 6.281613287651174e-012 6.281613288113883e-012 6.281613288305778e-012 6.281613288775335e-012 6.281613287636676e-012 6.281613289544072e-012 6.281613289568046e-012 6.281613288933028e-012 6.281613289419248e-012 6.281613289443023e-012
 2.461865456805899e-011 2.473922188032855e-011 2.47396014635831e-011 2.47396016092886e-011 2.473960160921456e-011 2.473960160875403e-011 2.473960160951253e-011 2.473960160973941e-011 2.473960160899487e-011 2.473960161044628e-011 2.473960160974296e-011 2.473960161096728e-011 2.47396016098095e-011 2.473960160999812e-011 2.473960161071453e-011 2.473960161056175e-011 2.473960161053546e-011 2.473960161051666e-011
 9.627858355671677e-011 9.65277886173017e-011 9.652855725258522e-011 9.652855760475281e-011 9.652855760562354e-011 9.65285576048685e-011 9.652855760563701e-011 9.652855760456683e-011 9.652855760555221e-011 9.652855760554668e-011 9.652855760616523e-011 9.652855760572836e-011 9.652855760699178e-011 9.652855760645696e-011 9.652855760625905e-011 9.65285576063111e-011 9.65285576059108e-011 9.65285576055187e-011
 3.685415178752517e-010 3.690425402280908e-010 3.690440562182138e-010 3.690440569848667e-010 3.690440569861829e-010 3.690440569858466e-010 3.690440569860027e-010 3.690440569868407e-010 3.690440569866782e-010 3.690440569865352e-010 3.690440569865279e-010 3.690440569854335e-010 3.690440569860561e-010 3.690440569857003e-010 3.690440569867641e-010 3.690440569862661e-010 3.690440569863966e-010 3.690440569866447e-010
 1.355712033659344e-009 1.35669447937923e-009 1.356697377933112e-009 1.356697379495121e-009 1.356697379499576e-009 1.356697379500086e-009 1.356697379500002e-009 1.356697379498997e-009 1.35669737949977e-009 1.356697379499361e-009 1.356697379498399e-009 1.356697379499275e-009 1.356697379499771e-009 1.356697379500083e-009 1.356697379500147e-009 1.356697379500694e-009 1.356697379500671e-009 1.356697379500315e-009
 4.655497952177741e-009 4.65736569171497e-009 4.657371015269857e-009 4.657371018301998e-009 4.657371018309997e-009 4.657371018311385e-009 4.657371018310879e-009 4.657371018310595e-009 4.657371018311021e-009 4.657371018310539e-009 4.657371018310667e-009 4.657371018310574e-009 4.657371018311732e-009 4.657371018311781e-009 4.657371018312306e-009 4.657371018311576e-009 4.657371018312187e-009 4.657371018312186e-009
 1.44012199122857e-008 1.440460788771637e-008 1.4404617215998e-008 1.440461722161161e-008 1.440461722162442e-008 1.440461722162612e-008 1.440461722162587e-008 1.440461722162612e-008 1.440461722162583e-008 1.440461722162605e-008 1.44046172216255e-008 1.440461722162624e-008 1.440461722162521e-008 1.44046172216263e-008 1.440461722162638e-008 1.44046172216263e-008 1.440461722162606e-008 1.440461722162635e-008
 3.92823862043949e-008 3.928804732740564e-008 3.928806289856833e-008 3.928806290838218e-008 3.928806290840587e-008 3.928806290840696e-008 3.928806290840581e-008 3.928806290840596e-008 3.928806290840585e-008 3.928806290840614e-008 3.92880629084065e-008 3.928806290840666e-008 3.928806290840552e-008 3.92880629084061e-008 3.928806290840636e-008 3.928806290840675e-008 3.928806290840617e-008 3.928806290840651e-008
 9.663489525538509e-008 9.664294474670161e-008 9.664296898012748e-008 9.66429689958082e-008 9.664296899585229e-008 9.664296899585162e-008 9.664296899585123e-008 9.66429689958505e-008 9.664296899585133e-008 9.664296899585039e-008 9.664296899585083e-008 9.66429689958515e-008 9.664296899585136e-008 9.664296899585096e-008 9.664296899585087e-008 9.664296899585135e-008 9.664296899585094e-008 9.664296899585132e-008
 2.249052601538184e-007 2.249134407363163e-007 2.249134734130248e-007 2.24913473434392e-007 2.249134734344517e-007 2.249134734344526e-007 2.249134734344526e-007 2.249134734344527e-007 2.24913473434452e-007 2.24913473434453e-007 2.249134734344529e-007 2.249134734344527e-007 2.249134734344529e-007 2.249134734344527e-007 2.249134734344527e-007 2.249134734344526e-007 2.249134734344525e-007 2.249134734344523e-007
 4.936134939333118e-007 4.936166461649558e-007 4.936166803241579e-007 4.93616680346712e-007 4.936166803467894e-007 4.936166803467892e-007 4.936166803467892e-007 4.936166803467893e-007 4.936166803467893e-007 4.936166803467894e-007 4.936166803467891e-007 4.936166803467896e-007 4.936166803467897e-007 4.936166803467898e-007 4.936166803467899e-007 4.936166803467901e-007 4.936166803467899e-007 4.936166803467899e-007
 9.629781259997857e-007 9.629726957958443e-007 9.629727199255755e-007 9.629727199423548e-007 9.629727199424272e-007 9.629727199424264e-007 9.629727199424268e-007 9.629727199424266e-007 9.629727199424266e-007 9.629727199424268e-007 9.629727199424268e-007 9.629727199424268e-007 9.62972719942427e-007 9.629727199424268e-007 9.62972719942427e-007 9.629727199424272e-007 9.629727199424272e-007 9.62972719942427e-007
 1.597382932275322e-006 1.597371645578513e-006 1.597371653860555e-006 1.59737165386857e-006 1.597371653868611e-006 1.59737165386861e-006 1.59737165386861e-006 1.59737165386861e-006 1.597371653868611e-006 1.59737165386861e-006 1.59737165386861e-006 1.597371653868611e-006 1.597371653868611e-006 1.597371653868611e-006 1.597371653868611e-006 1.597371653868611e-006 1.597371653868611e-006 1.597371653868611e-006
 2.250905916034257e-006 2.250894432682114e-006 2.250894429784543e-006 2.250894429786368e-006 2.250894429786384e-006 2.250894429786386e-006 2.250894429786385e-006 2.250894429786385e-006 2.250894429786385e-006 2.250894429786385e-006 2.250894429786385e-006 2.250894429786385e-006 2.250894429786385e-006 2.250894429786385e-006 2.250894429786385e-006 2.250894429786385e-006 2.250894429786385e-006 2.250894429786385e-006
 2.777406641990834e-006 2.777398187810313e-006 2.777398181660061e-006 2.777398181659474e-006 2.777398181659479e-006 2.777398181659479e-006 2.777398181659479e-006 2.777398181659479e-006 2.777398181659479e-006 2.777398181659479e-006 2.777398181659479e-006 2.777398181659479e-006 2.777398181659479e-006 2.777398181659479e-006 2.777398181659479e-006 2.777398181659479e-006 2.777398181659479e-006 2.777398181659479e-006
 3.12802033047537e-006 3.128015130488684e-006 3.128015125392145e-006 3.128015125391217e-006 3.128015125391217e-006 3.128015125391217e-006 3.128015125391217e-006 3.128015125391217e-006 3.128015125391217e-006 3.128015125391217e-006 3.128015125391217e-006 3.128015125391217e-006 3.128015125391217e-006 3.128015125391217e-006 3.128015125391217e-006 3.128015125391217e-006 3.128015125391217e-006 3.128015125391217e-006
