# Created by Octave 3.6.4, Tue Mar 11 16:28:23 2014 N. Central Asia Standard Time <unknown@OShulyakov>
# name: LowCv
# type: matrix
# rows: 50
# columns: 18
 2.945260645492836e-035 5.443696561059191e-035 5.983919113608275e-034 2.949828581869761e-027 1.592144775849322e-026 1.592028762572104e-026 1.592011905240695e-026 1.592015013659052e-026 1.592041444277071e-026 1.592050142171991e-026 1.592052237035658e-026 1.592052425977274e-026 1.592052237035658e-026 1.592052237035469e-026 1.592052237035658e-026 1.592052237035658e-026 1.592052237035658e-026 1.592052237035657e-026
 3.072824114392847e-013 3.315586042420444e-013 3.316559460427296e-013 3.316559566910997e-013 3.316559576037932e-013 3.316559572893315e-013 3.316559566313234e-013 3.316559576022562e-013 3.316559563788089e-013 3.316559575362799e-013 3.316559562001002e-013 3.316559564816726e-013 3.31655957261031e-013 3.316559577152094e-013 3.316559580815952e-013 3.31655957648191e-013 3.316559577828494e-013 3.316559579714536e-013
 1.226144802172745e-012 1.282949648590128e-012 1.283171384164875e-012 1.283171439628632e-012 1.283171439722311e-012 1.283171440305073e-012 1.283171440532404e-012 1.283171438786636e-012 1.28317144085507e-012 1.283171440420864e-012 1.283171439209243e-012 1.283171440595755e-012 1.28317143985582e-012 1.283171439564016e-012 1.283171439860924e-012 1.283171440526033e-012 1.283171440071022e-012 1.283171440271532e-012
 4.880869548667446e-012 5.00476227889189e-012 5.005245157599979e-012 5.005245331183072e-012 5.005245332848529e-012 5.005245332502684e-012 5.005245332326687e-012 5.00524533251269e-012 5.005245331351811e-012 5.005245331929707e-012 5.005245332436973e-012 5.005245331426529e-012 5.00524533288476e-012 5.005245332522884e-012 5.005245332351385e-012 5.005245332706329e-012 5.0052453320506e-012 5.005245332336409e-012
 1.933646476421871e-011 1.95952849584724e-011 1.959629632436174e-011 1.959629676043711e-011 1.959629676340337e-011 1.959629676318987e-011 1.959629676337012e-011 1.959629676266677e-011 1.959629676258524e-011 1.959629676432124e-011 1.959629676292976e-011 1.959629676267941e-011 1.959629676365472e-011 1.959629676402427e-011 1.959629676296691e-011 1.959629676386117e-011 1.95962967639015e-011 1.959629676338489e-011
 7.589107237378845e-011 7.641778885332652e-011 7.641984431895807e-011 7.641984529696637e-011 7.641984530451636e-011 7.641984530331065e-011 7.641984530378812e-011 7.641984530333604e-011 7.641984530342566e-011 7.64198453024135e-011 7.641984530358953e-011 7.641984530410734e-011 7.641984530416583e-011 7.641984530400429e-011 7.641984530386495e-011 7.641984530406314e-011 7.64198453042174e-011 7.641984530403878e-011
 2.925480097307287e-010 2.935994620597586e-010 2.936035310878416e-010 2.936035331462078e-010 2.936035331604595e-010 2.936035331603734e-010 2.936035331607235e-010 2.936035331599935e-010 2.936035331603362e-010 2.936035331594174e-010 2.936035331603671e-010 2.936035331609522e-010 2.93603533161343e-010 2.936035331608606e-010 2.936035331611946e-010 2.936035331608857e-010 2.936035331614756e-010 2.936035331608788e-010
 1.09090471296303e-009 1.092957178492643e-009 1.092964989505399e-009 1.092964993663809e-009 1.092964993690654e-009 1.092964993690834e-009 1.092964993690481e-009 1.092964993691177e-009 1.092964993690954e-009 1.092964993690878e-009 1.092964993691617e-009 1.092964993690448e-009 1.09296499369043e-009 1.092964993691302e-009 1.092964993691161e-009 1.092964993691414e-009 1.092964993691425e-009 1.092964993691222e-009
 3.842566321813688e-009 3.846413438546495e-009 3.846427775201079e-009 3.846427783282866e-009 3.846427783331637e-009 3.846427783331066e-009 3.846427783331099e-009 3.846427783330998e-009 3.846427783330983e-009 3.846427783330626e-009 3.846427783330782e-009 3.846427783330766e-009 3.846427783331867e-009 3.846427783331133e-009 3.846427783330145e-009 3.846427783331015e-009 3.8464277833312e-009 3.846427783331122e-009
 1.241672039868344e-008 1.242332179328801e-008 1.242334636207388e-008 1.242334637689141e-008 1.242334637697382e-008 1.242334637697072e-008 1.242334637697109e-008 1.242334637697087e-008 1.242334637697032e-008 1.2423346376971e-008 1.242334637697053e-008 1.242334637697042e-008 1.24233463769712e-008 1.242334637697217e-008 1.242334637697184e-008 1.242334637697173e-008 1.242334637697112e-008 1.242334637697147e-008
 3.602181454688632e-008 3.603112512936071e-008 3.603116316071001e-008 3.603116318517249e-008 3.603116318529779e-008 3.603116318529706e-008 3.603116318529778e-008 3.60311631852968e-008 3.603116318529785e-008 3.603116318529768e-008 3.60311631852968e-008 3.603116318529759e-008 3.603116318529743e-008 3.603116318529704e-008 3.603116318529781e-008 3.60311631852971e-008 3.603116318529778e-008 3.603116318529782e-008
 9.353899312656368e-008 9.354731543430001e-008 9.354736634592951e-008 9.354736637973079e-008 9.354736637990272e-008 9.354736637990181e-008 9.354736637990176e-008 9.354736637990188e-008 9.354736637990152e-008 9.354736637990144e-008 9.354736637990201e-008 9.354736637990195e-008 9.35473663799017e-008 9.354736637990223e-008 9.354736637990174e-008 9.354736637990223e-008 9.354736637990205e-008 9.354736637990215e-008
 2.176120214077567e-007 2.176117104641735e-007 2.176117667147746e-007 2.176117667509502e-007 2.176117667511334e-007 2.176117667511344e-007 2.176117667511342e-007 2.17611766751134e-007 2.176117667511339e-007 2.176117667511338e-007 2.176117667511341e-007 2.176117667511339e-007 2.17611766751134e-007 2.176117667511344e-007 2.17611766751134e-007 2.176117667511343e-007 2.176117667511341e-007 2.176117667511341e-007
 4.50480715150332e-007 4.504677297409681e-007 4.504677793444611e-007 4.504677793731953e-007 4.504677793733598e-007 4.5046777937336e-007 4.504677793733601e-007 4.504677793733601e-007 4.504677793733606e-007 4.504677793733602e-007 4.504677793733602e-007 4.504677793733601e-007 4.504677793733604e-007 4.504677793733606e-007 4.504677793733606e-007 4.504677793733606e-007 4.504677793733607e-007 4.504677793733607e-007
 8.295336834188799e-007 8.295131892510654e-007 8.295132219287814e-007 8.295132219455131e-007 8.295132219456345e-007 8.295132219456334e-007 8.295132219456342e-007 8.29513221945634e-007 8.295132219456339e-007 8.295132219456342e-007 8.29513221945634e-007 8.295132219456339e-007 8.295132219456345e-007 8.295132219456344e-007 8.295132219456344e-007 8.295132219456345e-007 8.295132219456344e-007 8.295132219456344e-007
 1.352350063585496e-006 1.352330003045569e-006 1.352330015196992e-006 1.352330015203453e-006 1.352330015203521e-006 1.352330015203521e-006 1.352330015203521e-006 1.352330015203521e-006 1.352330015203521e-006 1.35233001520352e-006 1.352330015203521e-006 1.352330015203521e-006 1.352330015203521e-006 1.352330015203521e-006 1.352330015203521e-006 1.352330015203521e-006 1.352330015203521e-006 1.352330015203521e-006
 1.925956136493567e-006 1.925940881308618e-006 1.925940879125937e-006 1.925940879126598e-006 1.925940879126624e-006 1.925940879126623e-006 1.925940879126623e-006 1.925940879126623e-006 1.925940879126623e-006 1.925940879126623e-006 1.925940879126623e-006 1.925940879126623e-006 1.925940879126623e-006 1.925940879126623e-006 1.925940879126623e-006 1.925940879126623e-006 1.925940879126623e-006 1.925940879126623e-006
 2.414616694830005e-006 2.41460684963093e-006 2.414606842835808e-006 2.414606842834561e-006 2.414606842834569e-006 2.414606842834568e-006 2.414606842834568e-006 2.414606842834568e-006 2.414606842834568e-006 2.414606842834568e-006 2.414606842834568e-006 2.414606842834568e-006 2.414606842834568e-006 2.414606842834568e-006 2.414606842834568e-006 2.414606842834568e-006 2.414606842834568e-006 2.414606842834568e-006
