# Created by Octave 3.6.4, Tue Mar 11 16:28:23 2014 N. Central Asia Standard Time <unknown@OShulyakov>
# name: LowTr
# type: matrix
# rows: 50
# columns: 18
 4.682075453415179e-035 1.094217487042352e-034 1.318823408281686e-033 1.557243970749955e-026 8.746964257281005e-026 8.74722787023066e-026 8.747185551817019e-026 8.747204683868125e-026 8.747153394416759e-026 8.747149849101655e-026 8.747152848341321e-026 8.747152387524789e-026 8.747152848341321e-026 8.747152848341207e-026 8.747152848341321e-026 8.747152848341328e-026 8.747152848341321e-026 8.74715284834132e-026
 5.802019202858282e-013 6.014983662586673e-013 6.015301881756586e-013 6.015302031057177e-013 6.015302044379928e-013 6.015302038593521e-013 6.015302026625364e-013 6.015302044565303e-013 6.015302022043906e-013 6.015302043503617e-013 6.015302018496975e-013 6.015302024015619e-013 6.015302037887817e-013 6.01530204680492e-013 6.015302053911213e-013 6.01530204518585e-013 6.015302048047251e-013 6.015302051482124e-013
 2.315302129851432e-012 2.349405768119595e-012 2.349467322894575e-012 2.349467378492599e-012 2.34946737774605e-012 2.349467378796896e-012 2.349467379253818e-012 2.349467376022037e-012 2.349467379892857e-012 2.349467379072294e-012 2.349467376751907e-012 2.34946737940176e-012 2.349467378075532e-012 2.349467377461349e-012 2.34946737802043e-012 2.349467379254776e-012 2.349467378381304e-012 2.349467378758789e-012
 9.217472812365618e-012 9.263662689302089e-012 9.263757314127934e-012 9.263757425872645e-012 9.263757426608074e-012 9.263757425983536e-012 9.263757425584063e-012 9.263757425954068e-012 9.263757423700636e-012 9.263757424823461e-012 9.263757425783743e-012 9.263757423913347e-012 9.263757426663933e-012 9.263757426046622e-012 9.263757425729795e-012 9.263757426376316e-012 9.263757425148636e-012 9.263757425690493e-012
 3.652486932062564e-011 3.657934960216896e-011 3.657946776135706e-011 3.657946792717675e-011 3.65794679271481e-011 3.657946792670427e-011 3.65794679270868e-011 3.657946792574072e-011 3.657946792552973e-011 3.657946792898993e-011 3.657946792622328e-011 3.657946792582862e-011 3.657946792764899e-011 3.657946792838692e-011 3.657946792636976e-011 3.657946792806981e-011 3.657946792816833e-011 3.657946792717526e-011
 1.434147561780425e-010 1.434689879502072e-010 1.434690981849654e-010 1.434690983872155e-010 1.434690983893587e-010 1.434690983869709e-010 1.434690983879312e-010 1.434690983869695e-010 1.434690983871874e-010 1.434690983852396e-010 1.434690983875674e-010 1.434690983885659e-010 1.434690983887326e-010 1.434690983883758e-010 1.434690983881029e-010 1.434690983884896e-010 1.434690983887666e-010 1.434690983883925e-010
 5.533173855498689e-010 5.533465301097897e-010 5.533465370599526e-010 5.533465372616068e-010 5.533465372633065e-010 5.533465372631015e-010 5.533465372638047e-010 5.533465372624276e-010 5.533465372630739e-010 5.533465372612823e-010 5.533465372631315e-010 5.533465372642251e-010 5.533465372650371e-010 5.533465372640486e-010 5.533465372647563e-010 5.533465372641254e-010 5.533465372653016e-010 5.53346537264139e-010
 2.066696632197368e-009 2.066607023678757e-009 2.066606609496024e-009 2.066606609599818e-009 2.066606609600236e-009 2.066606609600568e-009 2.066606609599852e-009 2.066606609601185e-009 2.066606609600781e-009 2.066606609600622e-009 2.066606609601994e-009 2.06660660959975e-009 2.066606609599725e-009 2.06660660960146e-009 2.066606609601213e-009 2.066606609601727e-009 2.066606609601737e-009 2.066606609601321e-009
 7.301369795161853e-009 7.300781190310265e-009 7.300779326777637e-009 7.300779326437482e-009 7.300779326433582e-009 7.300779326432484e-009 7.30077932643248e-009 7.300779326432251e-009 7.300779326432243e-009 7.300779326431534e-009 7.300779326431853e-009 7.300779326431819e-009 7.300779326434011e-009 7.300779326432579e-009 7.300779326430674e-009 7.30077932643235e-009 7.300779326432745e-009 7.300779326432579e-009
 2.37091078096173e-008 2.370654433883582e-008 2.37065380816305e-008 2.370653807955424e-008 2.370653807953628e-008 2.370653807953023e-008 2.370653807953095e-008 2.370653807953052e-008 2.370653807952944e-008 2.370653807953078e-008 2.370653807952984e-008 2.370653807952966e-008 2.370653807953115e-008 2.370653807953305e-008 2.37065380795324e-008 2.370653807953222e-008 2.370653807953099e-008 2.370653807953169e-008
 6.923992015962106e-008 6.923055656033932e-008 6.923053885573572e-008 6.923053884777443e-008 6.923053884772063e-008 6.923053884771892e-008 6.923053884772026e-008 6.923053884771842e-008 6.923053884772042e-008 6.923053884772017e-008 6.923053884771843e-008 6.923053884771999e-008 6.923053884771962e-008 6.923053884771888e-008 6.923053884772035e-008 6.9230538847719e-008 6.923053884772034e-008 6.923053884772035e-008
 1.809261796504311e-007 1.808989615255828e-007 1.808989191581346e-007 1.808989191346881e-007 1.808989191345744e-007 1.80898919134572e-007 1.808989191345719e-007 1.808989191345721e-007 1.808989191345713e-007 1.808989191345712e-007 1.808989191345724e-007 1.808989191345723e-007 1.808989191345718e-007 1.808989191345728e-007 1.808989191345719e-007 1.808989191345728e-007 1.808989191345725e-007 1.808989191345727e-007
 4.218247270109269e-007 4.217668837693146e-007 4.217668007858052e-007 4.217668007347596e-007 4.217668007345255e-007 4.217668007345267e-007 4.217668007345262e-007 4.21766800734526e-007 4.217668007345258e-007 4.217668007345255e-007 4.217668007345261e-007 4.217668007345257e-007 4.217668007345259e-007 4.217668007345268e-007 4.21766800734526e-007 4.217668007345266e-007 4.217668007345262e-007 4.217668007345261e-007
 8.689029213432412e-007 8.68816854458733e-007 8.688167253515441e-007 8.688167252718706e-007 8.688167252715287e-007 8.688167252715285e-007 8.688167252715285e-007 8.688167252715285e-007 8.688167252715295e-007 8.688167252715287e-007 8.688167252715287e-007 8.688167252715287e-007 8.688167252715295e-007 8.688167252715296e-007 8.688167252715295e-007 8.688167252715295e-007 8.688167252715298e-007 8.688167252715296e-007
 1.580535311480894e-006 1.580443064657935e-006 1.580442903166265e-006 1.580442903074462e-006 1.58044290307407e-006 1.580442903074066e-006 1.580442903074068e-006 1.580442903074068e-006 1.580442903074067e-006 1.580442903074068e-006 1.580442903074068e-006 1.580442903074067e-006 1.580442903074069e-006 1.580442903074068e-006 1.580442903074068e-006 1.580442903074069e-006 1.580442903074068e-006 1.580442903074069e-006
 2.537791392011111e-006 2.537714518641435e-006 2.537714352998519e-006 2.537714352915326e-006 2.537714352914954e-006 2.537714352914953e-006 2.537714352914953e-006 2.537714352914953e-006 2.537714352914953e-006 2.537714352914953e-006 2.537714352914953e-006 2.537714352914954e-006 2.537714352914954e-006 2.537714352914954e-006 2.537714352914954e-006 2.537714352914953e-006 2.537714352914954e-006 2.537714352914953e-006
 3.568591452986954e-006 3.568537902942296e-006 3.568537764015545e-006 3.568537763953185e-006 3.568537763952888e-006 3.568537763952886e-006 3.568537763952886e-006 3.568537763952886e-006 3.568537763952886e-006 3.568537763952886e-006 3.568537763952886e-006 3.568537763952886e-006 3.568537763952886e-006 3.568537763952886e-006 3.568537763952886e-006 3.568537763952887e-006 3.568537763952886e-006 3.568537763952886e-006
 4.437049941963654e-006 4.437017117029579e-006 4.437017020307314e-006 4.437017020267098e-006 4.437017020266902e-006 4.4370170202669e-006 4.4370170202669e-006 4.4370170202669e-006 4.4370170202669e-006 4.4370170202669e-006 4.4370170202669e-006 4.4370170202669e-006 4.4370170202669e-006 4.4370170202669e-006 4.4370170202669e-006 4.4370170202669e-006 4.4370170202669e-006 4.4370170202669e-006
 5.032873795649881e-006 5.032855348991304e-006 5.032855290414052e-006 5.03285529039076e-006 5.032855290390645e-006 5.032855290390644e-006 5.032855290390644e-006 5.032855290390644e-006 5.032855290390644e-006 5.032855290390644e-006 5.032855290390645e-006 5.032855290390645e-006 5.032855290390645e-006 5.032855290390645e-006 5.032855290390645e-006 5.032855290390645e-006 5.032855290390645e-006 5.032855290390645e-006
