# Created by Octave 3.6.4, Thu Mar 20 14:17:31 2014 N. Central Asia Standard Time <unknown@OShulyakov>
# name: LowTr
# type: matrix
# rows: 50
# columns: 18
 2.729723696104176e-014 295.8880838679057 2174022.290386234 19201258.34503141 72277553.29558566 183081897.6487459 367239466.2180015 631863806.6973366 976236388.0956659 1393836498.609432 1874579885.694609 2406774164.997904 8906495958.682648 9207772566.331318 9434978588.98045 9607135028.477724 9738556360.531898 9839805181.836487
 2.729723696104176e-014 295.8880838679057 2174022.290386234 19201258.34503141 72277553.29558566 183081897.6487459 367239466.2180015 631863806.6973366 976236388.0956659 1393836498.609432 1874579885.694609 2406774164.997904 8906495958.682648 9207772566.331318 9434978588.98045 9607135028.477724 9738556360.531898 9839805181.836487
 2.729723696104176e-014 295.8880838679057 2174022.290386234 19201258.34503141 72277553.29558566 183081897.6487459 367239466.2180015 631863806.6973366 976236388.0956659 1393836498.609432 1874579885.694609 2406774164.997904 8906495958.682648 9207772566.331318 9434978588.98045 9607135028.477724 9738556360.531898 9839805181.836487
 2.729723696104176e-014 295.8880838679057 2174022.290386234 19201258.34503141 72277553.29558566 183081897.6487459 367239466.2180015 631863806.6973366 976236388.0956659 1393836498.609432 1874579885.694609 2406774164.997904 8906495958.682648 9207772566.331318 9434978588.98045 9607135028.477724 9738556360.531898 9839805181.836487
 2.729723696104176e-014 295.8880838679057 2174022.290386234 19201258.34503141 72277553.29558566 183081897.6487459 367239466.2180015 631863806.6973366 976236388.0956659 1393836498.609432 1874579885.694609 2406774164.997904 8906495958.682648 9207772566.331318 9434978588.98045 9607135028.477724 9738556360.531898 9839805181.836487
 2.729723696104176e-014 295.8880838679057 2174022.290386234 19201258.34503141 72277553.29558566 183081897.6487459 367239466.2180015 631863806.6973366 976236388.0956659 1393836498.609432 1874579885.694609 2406774164.997904 8906495958.682648 9207772566.331318 9434978588.98045 9607135028.477724 9738556360.531898 9839805181.836487
 8.986616837699663e-013 295.8880838679344 2174022.290386234 19201258.34503141 72277553.29558566 183081897.6487459 367239466.2180015 631863806.6973366 976236388.0956659 1393836498.609432 1874579885.694609 2406774164.997904 8906495958.682648 9207772566.331318 9434978588.98045 9607135028.477724 9738556360.531898 9839805181.836487
 8.986616837699663e-013 295.8880838679344 2174022.290386234 19201258.34503141 72277553.29558566 183081897.6487459 367239466.2180015 631863806.6973366 976236388.0956659 1393836498.609432 1874579885.694609 2406774164.997904 8906495958.682648 9207772566.331318 9434978588.98045 9607135028.477724 9738556360.531898 9839805181.836487
 3.598531510928267e-013 295.8880838679039 2174022.290386234 19201258.34503141 72277553.29558566 183081897.6487459 367239466.2180015 631863806.6973366 976236388.0956659 1393836498.609432 1874579885.694609 2406774164.997904 8906495958.682648 9207772566.331318 9434978588.98045 9607135028.477724 9738556360.531898 9839805181.836487
 3.349244918652362e-013 295.8880838678969 2174022.290386234 19201258.34503141 72277553.29558566 183081897.6487459 367239466.2180015 631863806.6973366 976236388.0956659 1393836498.609432 1874579885.694609 2406774164.997904 8906495958.682648 9207772566.331318 9434978588.98045 9607135028.477724 9738556360.531898 9839805181.836487
 1.89395375109207e-013 295.8880838678682 2174022.290386234 19201258.34503141 72277553.29558566 183081897.6487459 367239466.2180015 631863806.6973366 976236388.0956659 1393836498.609432 1874579885.694609 2406774164.997904 8906495958.682648 9207772566.331318 9434978588.98045 9607135028.477724 9738556360.531898 9839805181.836487
 1.009032316864348e-012 295.8880838678899 2174022.290386234 19201258.34503141 72277553.29558566 183081897.6487459 367239466.2180015 631863806.6973366 976236388.0956659 1393836498.609432 1874579885.694609 2406774164.997904 8906495958.682648 9207772566.331318 9434978588.98045 9607135028.477724 9738556360.531898 9839805181.836487
 1.070388529133265e-015 295.8880838678841 2174022.290386234 19201258.34503141 72277553.29558566 183081897.6487459 367239466.2180015 631863806.6973366 976236388.0956659 1393836498.609432 1874579885.694609 2406774164.997904 8906495958.682648 9207772566.331318 9434978588.98045 9607135028.477724 9738556360.531898 9839805181.836487
 6.799521649418976e-013 295.8880838678878 2174022.290386234 19201258.34503141 72277553.29558566 183081897.6487459 367239466.2180015 631863806.6973366 976236388.0956659 1393836498.609432 1874579885.694609 2406774164.997904 8906495958.682648 9207772566.331318 9434978588.98045 9607135028.477724 9738556360.531898 9839805181.836487
 5.088000668617292e-014 295.8880838678888 2174022.290386234 19201258.34503141 72277553.29558566 183081897.6487459 367239466.2180015 631863806.6973366 976236388.0956659 1393836498.609432 1874579885.694609 2406774164.997904 8906495958.682648 9207772566.331318 9434978588.98045 9607135028.477724 9738556360.531898 9839805181.836487
 3.734622207986148e-014 295.8880838678863 2174022.290386234 19201258.34503141 72277553.29558566 183081897.6487459 367239466.2180015 631863806.6973366 976236388.0956659 1393836498.609432 1874579885.694609 2406774164.997904 8906495958.682648 9207772566.331318 9434978588.98045 9607135028.477724 9738556360.531898 9839805181.836487
 5.285001188159935e-013 295.8880838678925 2174022.290386234 19201258.34503141 72277553.29558566 183081897.6487459 367239466.2180015 631863806.6973366 976236388.0956659 1393836498.609432 1874579885.694609 2406774164.997904 8906495958.682648 9207772566.331318 9434978588.98045 9607135028.477724 9738556360.531898 9839805181.836487
 3.882051341942974e-013 295.8880838678953 2174022.290386234 19201258.34503141 72277553.29558566 183081897.6487459 367239466.2180015 631863806.6973366 976236388.0956659 1393836498.609432 1874579885.694609 2406774164.997904 8906495958.682648 9207772566.331318 9434978588.98045 9607135028.477724 9738556360.531898 9839805181.836487
 1.869214796856748e-013 295.8880838679078 2174022.290386234 19201258.34503141 72277553.29558566 183081897.6487459 367239466.2180015 631863806.6973366 976236388.0956659 1393836498.609432 1874579885.694609 2406774164.997904 8906495958.682648 9207772566.331318 9434978588.98045 9607135028.477724 9738556360.531898 9839805181.836487
 4729.964277770508 295.8880838679232 2174022.290386234 19201258.34503141 72277553.29558566 183081897.6487459 367239466.2180015 631863806.6973366 976236388.0956659 1393836498.609432 1874579885.694609 2406774164.997904 8906495958.682648 9207772566.331318 9434978588.98045 9607135028.477724 9738556360.531898 9839805181.836487
 6928.988173122009 295.8880838678689 2174022.290386234 19201258.34503141 72277553.29558566 183081897.6487459 367239466.2180015 631863806.6973366 976236388.0956659 1393836498.609432 1874579885.694609 2406774164.997904 8906495958.682648 9207772566.331318 9434978588.98045 9607135028.477724 9738556360.531898 9839805181.836487
 1818.202838533062 295.8880838678355 2174022.290386234 19201258.34503141 72277553.29558566 183081897.6487459 367239466.2180015 631863806.6973366 976236388.0956659 1393836498.609432 1874579885.694609 2406774164.997904 8906495958.682648 9207772566.331318 9434978588.98045 9607135028.477724 9738556360.531898 9839805181.836487
 667.8897511820983 295.888083867773 2174022.290386234 19201258.34503141 72277553.29558566 183081897.6487459 367239466.2180015 631863806.6973366 976236388.0956659 1393836498.609432 1874579885.694609 2406774164.997904 8906495958.682648 9207772566.331318 9434978588.98045 9607135028.477724 9738556360.531898 9839805181.836487
