# Created by Octave 3.6.4, Tue Mar 11 13:39:21 2014 N. Central Asia Standard Time <unknown@OShulyakov>
# name: CloseTr
# type: matrix
# rows: 50
# columns: 20
 5.266120416377547e-036 6.649970422004445e-036 1.80134821386076e-035 2.240333141037527e-026 2.247185913997014e-026 2.247242430239186e-026 2.247238629591146e-026 2.247237018543288e-026 2.247237543622068e-026 2.247239939372223e-026 2.247240392551027e-026 2.247240389050706e-026 2.247239887398851e-026 2.247236723670444e-026 2.247240235551826e-026 2.247237898640213e-026 2.247240538170154e-026 2.247240392551027e-026 2.247240392551027e-026 2.247240392551027e-026
 1.707062402963456e-011 1.709250880227178e-011 1.709253402619787e-011 1.709253407615918e-011 1.709253407482362e-011 1.709253407667551e-011 1.709253407463651e-011 1.709253407715232e-011 1.70925340725183e-011 1.709253407771735e-011 1.709253407496068e-011 1.709253407266378e-011 1.709253407708342e-011 1.709253407711893e-011 1.709253407599823e-011 1.70925340774359e-011 1.709253407750056e-011 1.709253407722626e-011 1.70925340771924e-011 1.709253407601061e-011
 6.730368430542682e-011 6.733051832835496e-011 6.733054875583496e-011 6.733054883223135e-011 6.733054883071638e-011 6.733054883238463e-011 6.733054883342888e-011 6.733054883207589e-011 6.7330548831484e-011 6.733054883272532e-011 6.733054883130426e-011 6.733054883120704e-011 6.73305488310667e-011 6.733054883060219e-011 6.73305488308079e-011 6.73305488326068e-011 6.733054883209918e-011 6.733054883211673e-011 6.733054883025329e-011 6.733054882950193e-011
 2.616692818088409e-010 2.61695900043256e-010 2.616959193042785e-010 2.616959193987838e-010 2.616959193977881e-010 2.616959193982597e-010 2.616959193966699e-010 2.61695919398388e-010 2.616959194038018e-010 2.616959194014764e-010 2.616959193980504e-010 2.61695919398576e-010 2.616959193999768e-010 2.616959193972152e-010 2.616959193986855e-010 2.616959193991213e-010 2.616959194008662e-010 2.616959194002841e-010 2.616959194009537e-010 2.616959194013019e-010
 9.905372111193567e-010 9.905490657746521e-010 9.905490222744746e-010 9.905490223675961e-010 9.905490223629608e-010 9.905490223641292e-010 9.905490223666806e-010 9.905490223642038e-010 9.90549022367131e-010 9.905490223660517e-010 9.905490223693164e-010 9.90549022363387e-010 9.905490223685804e-010 9.905490223676325e-010 9.905490223713339e-010 9.905490223705328e-010 9.905490223696053e-010 9.905490223698638e-010 9.905490223699329e-010 9.905490223711004e-010
 3.571323450311739e-009 3.571273429090212e-009 3.571273164022055e-009 3.571273164051245e-009 3.571273164052404e-009 3.571273164053651e-009 3.571273164053664e-009 3.571273164052569e-009 3.571273164053341e-009 3.571273164053304e-009 3.571273164052129e-009 3.571273164049498e-009 3.571273164051895e-009 3.571273164050399e-009 3.571273164052009e-009 3.571273164051256e-009 3.571273164052369e-009 3.571273164053186e-009 3.571273164052053e-009 3.571273164052012e-009
 1.18666912831125e-008 1.186642559293188e-008 1.186642468176905e-008 1.186642468158416e-008 1.186642468158318e-008 1.186642468158533e-008 1.186642468158507e-008 1.186642468158539e-008 1.18664246815832e-008 1.186642468158784e-008 1.186642468158629e-008 1.186642468158587e-008 1.186642468158437e-008 1.186642468158383e-008 1.186642468158402e-008 1.186642468158406e-008 1.186642468158352e-008 1.186642468158357e-008 1.186642468158409e-008 1.186642468158425e-008
 3.507489438561659e-008 3.507393406734376e-008 3.507393159649537e-008 3.507393159569156e-008 3.507393159569243e-008 3.507393159569094e-008 3.507393159569125e-008 3.507393159569018e-008 3.507393159569062e-008 3.507393159568807e-008 3.507393159569103e-008 3.507393159569254e-008 3.507393159569169e-008 3.50739315956919e-008 3.507393159569206e-008 3.507393159569133e-008 3.507393159569293e-008 3.507393159569424e-008 3.507393159569166e-008 3.507393159569084e-008
 9.124756407179112e-008 9.124448184549351e-008 9.124447600665208e-008 9.12444760041604e-008 9.124447600415969e-008 9.124447600415917e-008 9.124447600415883e-008 9.124447600416065e-008 9.124447600415744e-008 9.124447600415869e-008 9.124447600415849e-008 9.124447600415775e-008 9.124447600415848e-008 9.124447600415873e-008 9.124447600415775e-008 9.124447600415826e-008 9.12444760041579e-008 9.124447600415697e-008 9.124447600415722e-008 9.12444760041571e-008
 2.170283112943647e-007 2.170193501768759e-007 2.170193365969424e-007 2.17019336589973e-007 2.170193365899625e-007 2.170193365899615e-007 2.170193365899634e-007 2.170193365899661e-007 2.170193365899629e-007 2.1701933658996e-007 2.170193365899642e-007 2.170193365899628e-007 2.170193365899651e-007 2.170193365899638e-007 2.170193365899643e-007 2.170193365899637e-007 2.17019336589965e-007 2.170193365899635e-007 2.170193365899635e-007 2.17019336589963e-007
 4.929277879792823e-007 4.929060126172113e-007 4.929059815619705e-007 4.929059815447891e-007 4.929059815447591e-007 4.929059815447558e-007 4.929059815447576e-007 4.929059815447587e-007 4.929059815447586e-007 4.929059815447581e-007 4.929059815447589e-007 4.929059815447576e-007 4.929059815447588e-007 4.929059815447598e-007 4.929059815447589e-007 4.929059815447602e-007 4.929059815447589e-007 4.929059815447589e-007 4.929059815447596e-007 4.929059815447599e-007
 1.043490123259378e-006 1.043450106446065e-006 1.043450046082589e-006 1.043450046049235e-006 1.04345004604916e-006 1.043450046049159e-006 1.04345004604916e-006 1.04345004604916e-006 1.043450046049159e-006 1.043450046049162e-006 1.043450046049159e-006 1.043450046049164e-006 1.043450046049161e-006 1.043450046049161e-006 1.043450046049162e-006 1.043450046049161e-006 1.043450046049161e-006 1.043450046049162e-006 1.043450046049161e-006 1.043450046049161e-006
 1.933575694175168e-006 1.93352285655494e-006 1.933522767136016e-006 1.933522767088797e-006 1.933522767088669e-006 1.933522767088669e-006 1.933522767088667e-006 1.933522767088667e-006 1.933522767088667e-006 1.933522767088668e-006 1.933522767088668e-006 1.933522767088668e-006 1.933522767088667e-006 1.933522767088669e-006 1.933522767088667e-006 1.933522767088667e-006 1.933522767088668e-006 1.933522767088667e-006 1.933522767088668e-006 1.933522767088668e-006
 3.036094183335609e-006 3.036043152802431e-006 3.036043054472582e-006 3.036043054423852e-006 3.036043054423709e-006 3.036043054423708e-006 3.036043054423708e-006 3.036043054423708e-006 3.036043054423707e-006 3.036043054423709e-006 3.036043054423708e-006 3.03604305442371e-006 3.036043054423708e-006 3.036043054423709e-006 3.03604305442371e-006 3.036043054423708e-006 3.036043054423709e-006 3.036043054423709e-006 3.036043054423709e-006 3.036043054423708e-006
 4.081289248089346e-006 4.081250824312441e-006 4.081250741804863e-006 4.081250741766249e-006 4.081250741766124e-006 4.081250741766124e-006 4.081250741766125e-006 4.081250741766125e-006 4.081250741766125e-006 4.081250741766125e-006 4.081250741766125e-006 4.081250741766124e-006 4.081250741766125e-006 4.081250741766125e-006 4.081250741766125e-006 4.081250741766125e-006 4.081250741766125e-006 4.081250741766124e-006 4.081250741766125e-006 4.081250741766125e-006
 4.868063382044791e-006 4.868039049196453e-006 4.868038992993896e-006 4.86803899296862e-006 4.868038992968535e-006 4.868038992968535e-006 4.868038992968535e-006 4.868038992968535e-006 4.868038992968535e-006 4.868038992968535e-006 4.868038992968535e-006 4.868038992968535e-006 4.868038992968535e-006 4.868038992968535e-006 4.868038992968535e-006 4.868038992968535e-006 4.868038992968535e-006 4.868038992968535e-006 4.868038992968535e-006 4.868038992968535e-006
 5.367832885555683e-006 5.367819047125942e-006 5.367819013763724e-006 5.367819013749069e-006 5.367819013749019e-006 5.367819013749018e-006 5.367819013749018e-006 5.367819013749018e-006 5.367819013749019e-006 5.367819013749018e-006 5.367819013749018e-006 5.367819013749018e-006 5.367819013749018e-006 5.367819013749018e-006 5.367819013749018e-006 5.367819013749018e-006 5.367819013749018e-006 5.367819013749018e-006 5.367819013749018e-006 5.367819013749018e-006
