# Created by Octave 3.6.4, Tue Mar 11 13:39:21 2014 N. Central Asia Standard Time <unknown@OShulyakov>
# name: HighCv
# type: matrix
# rows: 50
# columns: 20
 5.02171526124733e-036 1.350353460706411e-035 1.036599417877449e-035 2.905362586139519e-027 2.908578341779299e-027 2.908622788173566e-027 2.90844054012519e-027 2.908461894909431e-027 2.908457385403546e-027 2.908461862829861e-027 2.908461081174349e-027 2.908461231964598e-027 2.908458888914554e-027 2.908458916958321e-027 2.908460952525317e-027 2.908461304500502e-027 2.908461114204992e-027 2.908461081174349e-027 2.908461081174349e-027 2.908461081174349e-027
 9.271088252227171e-012 9.516051753778182e-012 9.516211655648248e-012 9.516211919228628e-012 9.516211920386715e-012 9.516211919950506e-012 9.516211919701315e-012 9.516211917750956e-012 9.516211919597968e-012 9.516211920187914e-012 9.516211919554827e-012 9.516211919713264e-012 9.516211919463657e-012 9.516211918740288e-012 9.516211918432838e-012 9.516211919081594e-012 9.516211919471149e-012 9.516211919254268e-012 9.516211919372978e-012 9.516211919461862e-012
 3.662905495025979e-011 3.712995759830342e-011 3.713029757326587e-011 3.713029818822487e-011 3.713029818914563e-011 3.713029818870954e-011 3.713029819041897e-011 3.713029818891993e-011 3.713029819024283e-011 3.713029818763473e-011 3.713029818739872e-011 3.713029818698129e-011 3.713029818808175e-011 3.713029818874472e-011 3.713029818843542e-011 3.71302981883972e-011 3.713029818840621e-011 3.713029818938801e-011 3.713029818944201e-011 3.713029818886676e-011
 1.429988761059156e-010 1.439936407234796e-010 1.439943362964752e-010 1.439943376120413e-010 1.439943376122053e-010 1.439943376117984e-010 1.439943376128811e-010 1.43994337611905e-010 1.439943376119355e-010 1.439943376139094e-010 1.439943376144808e-010 1.439943376122892e-010 1.43994337612141e-010 1.439943376126188e-010 1.439943376130531e-010 1.439943376123566e-010 1.439943376123682e-010 1.439943376129918e-010 1.439943376129727e-010 1.439943376130142e-010
 5.457119649168168e-010 5.476250984304533e-010 5.476264818934342e-010 5.476264845401918e-010 5.476264845423788e-010 5.476264845429442e-010 5.476264845437829e-010 5.476264845422173e-010 5.476264845432787e-010 5.476264845425871e-010 5.476264845432647e-010 5.476264845420134e-010 5.47626484543396e-010 5.476264845431085e-010 5.476264845433209e-010 5.476264845431109e-010 5.476264845430711e-010 5.476264845433515e-010 5.476264845431107e-010 5.4762648454316e-010
 1.998251347719293e-009 2.001753415424859e-009 2.001756087050912e-009 2.001756092102394e-009 2.001756092106989e-009 2.001756092106542e-009 2.001756092107858e-009 2.001756092108238e-009 2.001756092107459e-009 2.001756092106808e-009 2.001756092107721e-009 2.001756092107833e-009 2.001756092106813e-009 2.001756092107057e-009 2.001756092108145e-009 2.001756092107442e-009 2.001756092108008e-009 2.001756092108291e-009 2.001756092107211e-009 2.001756092106059e-009
 6.829762650783555e-009 6.835638961698991e-009 6.835643905224607e-009 6.835643914212114e-009 6.835643914222162e-009 6.835643914221616e-009 6.835643914222221e-009 6.835643914220593e-009 6.835643914224281e-009 6.835643914222145e-009 6.835643914221014e-009 6.83564391422224e-009 6.835643914221521e-009 6.83564391422075e-009 6.835643914222577e-009 6.835643914220892e-009 6.835643914221754e-009 6.835643914222106e-009 6.835643914221422e-009 6.835643914221092e-009
 2.113211016396656e-008 2.114050702031189e-008 2.114051551281708e-008 2.114051552717161e-008 2.114051552718962e-008 2.11405155271899e-008 2.114051552719041e-008 2.114051552718913e-008 2.114051552718992e-008 2.114051552719118e-008 2.11405155271905e-008 2.114051552719077e-008 2.114051552718873e-008 2.11405155271904e-008 2.114051552719094e-008 2.114051552719085e-008 2.114051552719089e-008 2.114051552719077e-008 2.114051552718994e-008 2.114051552718995e-008
 5.814405851306368e-008 5.815269523102977e-008 5.815270793406806e-008 5.815270795335268e-008 5.815270795338164e-008 5.815270795338154e-008 5.815270795338095e-008 5.815270795338132e-008 5.815270795338173e-008 5.815270795338113e-008 5.815270795338145e-008 5.815270795338175e-008 5.815270795338138e-008 5.815270795338136e-008 5.815270795338239e-008 5.815270795338137e-008 5.815270795338216e-008 5.815270795338214e-008 5.815270795338194e-008 5.815270795338185e-008
 1.423527364685158e-007 1.423554593629444e-007 1.423554744301962e-007 1.423554744498555e-007 1.423554744498886e-007 1.423554744498884e-007 1.423554744498889e-007 1.423554744498886e-007 1.42355474449887e-007 1.423554744498872e-007 1.423554744498884e-007 1.42355474449889e-007 1.423554744498884e-007 1.423554744498877e-007 1.423554744498877e-007 1.42355474449888e-007 1.423554744498881e-007 1.423554744498878e-007 1.423554744498882e-007 1.423554744498879e-007
 3.095867403543755e-007 3.095774517110326e-007 3.095774652141635e-007 3.095774652272818e-007 3.095774652273083e-007 3.095774652273086e-007 3.095774652273073e-007 3.095774652273076e-007 3.095774652273071e-007 3.095774652273079e-007 3.09577465227308e-007 3.095774652273083e-007 3.095774652273078e-007 3.095774652273078e-007 3.095774652273083e-007 3.09577465227308e-007 3.095774652273082e-007 3.09577465227308e-007 3.09577465227308e-007 3.095774652273085e-007
 5.934490598388312e-007 5.934302088934e-007 5.9343021890836e-007 5.934302189129177e-007 5.934302189129345e-007 5.934302189129345e-007 5.934302189129344e-007 5.934302189129347e-007 5.934302189129339e-007 5.934302189129343e-007 5.93430218912935e-007 5.934302189129341e-007 5.934302189129338e-007 5.934302189129338e-007 5.934302189129341e-007 5.934302189129342e-007 5.934302189129343e-007 5.934302189129344e-007 5.934302189129348e-007 5.934302189129349e-007
 1.005240469980256e-006 1.005221180167346e-006 1.005221186058409e-006 1.005221186058458e-006 1.00522118605847e-006 1.00522118605847e-006 1.00522118605847e-006 1.00522118605847e-006 1.00522118605847e-006 1.00522118605847e-006 1.00522118605847e-006 1.00522118605847e-006 1.00522118605847e-006 1.00522118605847e-006 1.00522118605847e-006 1.00522118605847e-006 1.00522118605847e-006 1.00522118605847e-006 1.00522118605847e-006 1.00522118605847e-006
 1.50564661046176e-006 1.505632540757694e-006 1.505632541414611e-006 1.505632541413718e-006 1.505632541413726e-006 1.505632541413726e-006 1.505632541413725e-006 1.505632541413725e-006 1.505632541413725e-006 1.505632541413725e-006 1.505632541413725e-006 1.505632541413725e-006 1.505632541413726e-006 1.505632541413725e-006 1.505632541413726e-006 1.505632541413725e-006 1.505632541413726e-006 1.505632541413726e-006 1.505632541413726e-006 1.505632541413726e-006
 1.991779317812266e-006 1.99177071808199e-006 1.991770715077054e-006 1.991770715076268e-006 1.991770715076271e-006 1.991770715076272e-006 1.991770715076272e-006 1.991770715076272e-006 1.991770715076272e-006 1.991770715076272e-006 1.991770715076272e-006 1.991770715076272e-006 1.991770715076272e-006 1.991770715076272e-006 1.991770715076272e-006 1.991770715076272e-006 1.991770715076272e-006 1.991770715076272e-006 1.991770715076272e-006 1.991770715076272e-006
 2.367836770220187e-006 2.367831971614579e-006 2.367831967982701e-006 2.367831967982155e-006 2.367831967982156e-006 2.367831967982156e-006 2.367831967982156e-006 2.367831967982156e-006 2.367831967982156e-006 2.367831967982156e-006 2.367831967982156e-006 2.367831967982156e-006 2.367831967982156e-006 2.367831967982156e-006 2.367831967982156e-006 2.367831967982156e-006 2.367831967982156e-006 2.367831967982156e-006 2.367831967982156e-006 2.367831967982156e-006
 2.611137656100036e-006 2.611135108629545e-006 2.611135105926817e-006 2.611135105926482e-006 2.611135105926482e-006 2.611135105926482e-006 2.611135105926482e-006 2.611135105926482e-006 2.611135105926482e-006 2.611135105926482e-006 2.611135105926482e-006 2.611135105926482e-006 2.611135105926482e-006 2.611135105926482e-006 2.611135105926482e-006 2.611135105926482e-006 2.611135105926482e-006 2.611135105926482e-006 2.611135105926482e-006 2.611135105926482e-006
