# Created by Octave 3.6.4, Tue Mar 11 13:39:21 2014 N. Central Asia Standard Time <unknown@OShulyakov>
# name: OpenTst
# type: matrix
# rows: 50
# columns: 20
 9.652318935131757e-036 1.594441925281528e-035 2.765180665803758e-035 8.208562424341054e-027 8.224529568888037e-027 8.224540679008903e-027 8.224292842511104e-027 8.224218058564051e-027 8.224314275971079e-027 8.224324942068526e-027 8.224354731480641e-027 8.224353525556794e-027 8.224355502193089e-027 8.224355329309799e-027 8.224368553417162e-027 8.224357061301993e-027 8.224351947515533e-027 8.224354731480641e-027 8.224354731480641e-027 8.224354731480641e-027
 1.481866354478524e-011 1.483798445993805e-011 1.483806459573467e-011 1.483806466496977e-011 1.483806466889846e-011 1.483806466798349e-011 1.483806466440022e-011 1.483806466536971e-011 1.483806466247853e-011 1.483806466585605e-011 1.483806466226871e-011 1.483806466859651e-011 1.483806466360669e-011 1.483806466263928e-011 1.483806466750635e-011 1.483806466519228e-011 1.483806466584479e-011 1.483806466423456e-011 1.483806466488047e-011 1.483806466496859e-011
 5.850811628145606e-011 5.853124801584046e-011 5.853138828825191e-011 5.853138841533669e-011 5.853138841449084e-011 5.853138841025332e-011 5.853138841472996e-011 5.853138841377524e-011 5.853138841192433e-011 5.853138841301037e-011 5.853138841089104e-011 5.853138841085049e-011 5.85313884111448e-011 5.853138841154539e-011 5.853138841497476e-011 5.853138841243531e-011 5.853138841266983e-011 5.853138841360466e-011 5.853138841253921e-011 5.853138841317456e-011
 2.281200062944428e-010 2.281432879532636e-010 2.281435265264651e-010 2.281435267404293e-010 2.281435267397234e-010 2.281435267445331e-010 2.281435267416384e-010 2.281435267394155e-010 2.28143526741452e-010 2.28143526736133e-010 2.281435267376793e-010 2.28143526740985e-010 2.281435267355023e-010 2.28143526742359e-010 2.281435267429098e-010 2.281435267395785e-010 2.281435267403234e-010 2.281435267411348e-010 2.281435267413238e-010 2.281435267403999e-010
 8.684386495752779e-010 8.684444798947473e-010 8.684448610970538e-010 8.684448614651581e-010 8.68444861469598e-010 8.684448614693572e-010 8.6844486146633e-010 8.684448614766675e-010 8.684448614681643e-010 8.684448614689641e-010 8.684448614682592e-010 8.684448614607662e-010 8.684448614682816e-010 8.684448614689698e-010 8.684448614677872e-010 8.684448614698411e-010 8.684448614684777e-010 8.684448614714801e-010 8.684448614725762e-010 8.684448614712629e-010
 3.166410930755654e-009 3.166327110228115e-009 3.166327620648809e-009 3.166327621263212e-009 3.166327621270376e-009 3.166327621269861e-009 3.166327621268127e-009 3.166327621267231e-009 3.166327621264662e-009 3.1663276212674e-009 3.166327621269632e-009 3.166327621265932e-009 3.166327621267734e-009 3.166327621266888e-009 3.166327621270134e-009 3.166327621267869e-009 3.166327621268747e-009 3.166327621268532e-009 3.166327621266892e-009 3.166327621268516e-009
 1.075374311505176e-008 1.07533201673668e-008 1.075332054464826e-008 1.075332054557944e-008 1.075332054558579e-008 1.07533205455835e-008 1.075332054558636e-008 1.075332054558512e-008 1.075332054558529e-008 1.075332054558394e-008 1.075332054558537e-008 1.075332054558715e-008 1.075332054558618e-008 1.075332054558334e-008 1.075332054558614e-008 1.075332054558423e-008 1.075332054558464e-008 1.075332054558483e-008 1.075332054558458e-008 1.075332054558537e-008
 3.310348002547005e-008 3.310198648456225e-008 3.310198588491243e-008 3.310198588607767e-008 3.31019858860877e-008 3.310198588608521e-008 3.310198588608729e-008 3.310198588608635e-008 3.310198588608554e-008 3.310198588608643e-008 3.310198588608602e-008 3.310198588608798e-008 3.310198588608635e-008 3.31019858860843e-008 3.310198588608609e-008 3.310198588608772e-008 3.310198588608721e-008 3.310198588608678e-008 3.310198588608634e-008 3.310198588608576e-008
 9.206648602271893e-008 9.206207396277351e-008 9.206207048815692e-008 9.206207048898363e-008 9.206207048899271e-008 9.206207048899299e-008 9.206207048898891e-008 9.20620704889878e-008 9.206207048899099e-008 9.206207048899067e-008 9.206207048898955e-008 9.206207048899042e-008 9.206207048898801e-008 9.206207048898878e-008 9.206207048898791e-008 9.206207048898686e-008 9.20620704889882e-008 9.20620704889882e-008 9.206207048898852e-008 9.206207048898869e-008
 2.382742248747908e-007 2.382629689664305e-007 2.382629582874502e-007 2.382629582862156e-007 2.382629582862233e-007 2.382629582862202e-007 2.382629582862241e-007 2.382629582862231e-007 2.38262958286222e-007 2.382629582862226e-007 2.382629582862232e-007 2.382629582862238e-007 2.382629582862225e-007 2.382629582862221e-007 2.382629582862214e-007 2.382629582862218e-007 2.382629582862212e-007 2.38262958286223e-007 2.382629582862228e-007 2.382629582862225e-007
 5.802122268199064e-007 5.801885772109508e-007 5.8018855062865e-007 5.80188550622233e-007 5.801885506222332e-007 5.801885506222294e-007 5.801885506222324e-007 5.801885506222307e-007 5.801885506222352e-007 5.8018855062223e-007 5.801885506222318e-007 5.801885506222309e-007 5.801885506222317e-007 5.801885506222314e-007 5.801885506222312e-007 5.801885506222316e-007 5.801885506222321e-007 5.801885506222302e-007 5.801885506222306e-007 5.801885506222302e-007
 1.265757562175099e-006 1.265720320166757e-006 1.265720269074419e-006 1.265720269061266e-006 1.265720269061243e-006 1.265720269061245e-006 1.265720269061242e-006 1.265720269061242e-006 1.265720269061241e-006 1.265720269061243e-006 1.265720269061244e-006 1.265720269061244e-006 1.265720269061242e-006 1.265720269061243e-006 1.265720269061243e-006 1.265720269061243e-006 1.265720269061243e-006 1.265720269061243e-006 1.265720269061244e-006 1.265720269061243e-006
 2.335354654310282e-006 2.33531315837659e-006 2.33531308645797e-006 2.335313086441976e-006 2.335313086441932e-006 2.335313086441932e-006 2.33531308644193e-006 2.33531308644193e-006 2.335313086441929e-006 2.33531308644193e-006 2.33531308644193e-006 2.335313086441931e-006 2.33531308644193e-006 2.33531308644193e-006 2.335313086441931e-006 2.33531308644193e-006 2.335313086441929e-006 2.335313086441928e-006 2.335313086441929e-006 2.335313086441929e-006
 3.594168241658325e-006 3.594134489764543e-006 3.594134414586261e-006 3.594134414572945e-006 3.594134414572896e-006 3.594134414572893e-006 3.594134414572892e-006 3.594134414572891e-006 3.594134414572893e-006 3.594134414572891e-006 3.594134414572891e-006 3.59413441457289e-006 3.594134414572893e-006 3.594134414572891e-006 3.594134414572893e-006 3.594134414572892e-006 3.594134414572893e-006 3.594134414572892e-006 3.594134414572892e-006 3.594134414572892e-006
 4.733405688707435e-006 4.733383700542071e-006 4.733383639496382e-006 4.733383639487625e-006 4.73338363948758e-006 4.733383639487582e-006 4.733383639487583e-006 4.733383639487583e-006 4.733383639487583e-006 4.733383639487583e-006 4.733383639487583e-006 4.733383639487583e-006 4.733383639487583e-006 4.733383639487583e-006 4.733383639487583e-006 4.733383639487583e-006 4.733383639487583e-006 4.733383639487583e-006 4.733383639487583e-006 4.733383639487583e-006
 5.563662005964138e-006 5.563649418800437e-006 5.56364937792628e-006 5.563649377921216e-006 5.563649377921185e-006 5.563649377921185e-006 5.563649377921185e-006 5.563649377921185e-006 5.563649377921185e-006 5.563649377921185e-006 5.563649377921185e-006 5.563649377921185e-006 5.563649377921185e-006 5.563649377921185e-006 5.563649377921185e-006 5.563649377921185e-006 5.563649377921185e-006 5.563649377921185e-006 5.563649377921185e-006 5.563649377921185e-006
 6.080995704934704e-006 6.080988970690531e-006 6.080988946629376e-006 6.080988946626639e-006 6.080988946626622e-006 6.080988946626621e-006 6.080988946626623e-006 6.080988946626623e-006 6.080988946626623e-006 6.080988946626623e-006 6.080988946626623e-006 6.080988946626623e-006 6.080988946626623e-006 6.080988946626623e-006 6.080988946626623e-006 6.080988946626623e-006 6.080988946626623e-006 6.080988946626623e-006 6.080988946626623e-006 6.080988946626623e-006
