# Created by Octave 3.6.4, Thu Mar 20 11:44:09 2014 N. Central Asia Standard Time <unknown@OShulyakov>
# name: LowCv
# type: matrix
# rows: 50
# columns: 18
 5.007503085899899e-014 1561.413478674549 18377588.94101666 132203895.361358 415961510.2292386 937810986.8473983 1819080501.25929 3274785839.089543 5614167974.588964 9224694587.023781 14555859763.49189 22097369792.90461 13525294693.52592 11963148523.79731 10975806488.11381 10416824149.46213 10167398298.32432 10139306708.28987
 5.007503085899899e-014 1561.413478674549 18377588.94101666 132203895.361358 415961510.2292386 937810986.8473983 1819080501.25929 3274785839.089543 5614167974.588964 9224694587.023781 14555859763.49189 22097369792.90461 13525294693.52592 11963148523.79731 10975806488.11381 10416824149.46213 10167398298.32432 10139306708.28987
 5.007503085899899e-014 1561.413478674549 18377588.94101666 132203895.361358 415961510.2292386 937810986.8473983 1819080501.25929 3274785839.089543 5614167974.588964 9224694587.023781 14555859763.49189 22097369792.90461 13525294693.52592 11963148523.79731 10975806488.11381 10416824149.46213 10167398298.32432 10139306708.28987
 5.007503085899899e-014 1561.413478674549 18377588.94101666 132203895.361358 415961510.2292386 937810986.8473983 1819080501.25929 3274785839.089543 5614167974.588964 9224694587.023781 14555859763.49189 22097369792.90461 13525294693.52592 11963148523.79731 10975806488.11381 10416824149.46213 10167398298.32432 10139306708.28987
 5.007503085899899e-014 1561.413478674549 18377588.94101666 132203895.361358 415961510.2292386 937810986.8473983 1819080501.25929 3274785839.089543 5614167974.588964 9224694587.023781 14555859763.49189 22097369792.90461 13525294693.52592 11963148523.79731 10975806488.11381 10416824149.46213 10167398298.32432 10139306708.28987
 5.007503085899899e-014 1561.413478674549 18377588.94101666 132203895.361358 415961510.2292386 937810986.8473983 1819080501.25929 3274785839.089543 5614167974.588964 9224694587.023781 14555859763.49189 22097369792.90461 13525294693.52592 11963148523.79731 10975806488.11381 10416824149.46213 10167398298.32432 10139306708.28987
 1.471235376903759e-012 1561.413482691148 18377588.94101666 132203895.361358 415961510.2292386 937810986.8473983 1819080501.25929 3274785839.089543 5614167974.588964 9224694587.023781 14555859763.49189 22097369792.90461 13525294693.52592 11963148523.79731 10975806488.11381 10416824149.46213 10167398298.32432 10139306708.28987
 1.471235376903759e-012 1561.413482691148 18377588.94101666 132203895.361358 415961510.2292386 937810986.8473983 1819080501.25929 3274785839.089543 5614167974.588964 9224694587.023781 14555859763.49189 22097369792.90461 13525294693.52592 11963148523.79731 10975806488.11381 10416824149.46213 10167398298.32432 10139306708.28987
 5.931612892920241e-013 1561.413468095339 18377588.94101666 132203895.361358 415961510.2292386 937810986.8473983 1819080501.25929 3274785839.089543 5614167974.588964 9224694587.023781 14555859763.49189 22097369792.90461 13525294693.52592 11963148523.79731 10975806488.11381 10416824149.46213 10167398298.32432 10139306708.28987
 5.150940890583873e-013 1561.413424455646 18377588.94101666 132203895.361358 415961510.2292386 937810986.8473983 1819080501.25929 3274785839.089543 5614167974.588964 9224694587.023781 14555859763.49189 22097369792.90461 13525294693.52592 11963148523.79731 10975806488.11381 10416824149.46213 10167398298.32432 10139306708.28987
 3.102310464579926e-013 1561.413468146794 18377588.94101666 132203895.361358 415961510.2292386 937810986.8473983 1819080501.25929 3274785839.089543 5614167974.588964 9224694587.023781 14555859763.49189 22097369792.90461 13525294693.52592 11963148523.79731 10975806488.11381 10416824149.46213 10167398298.32432 10139306708.28987
 1.616895837176721e-012 1561.413437698259 18377588.94101666 132203895.361358 415961510.2292386 937810986.8473983 1819080501.25929 3274785839.089543 5614167974.588964 9224694587.023781 14555859763.49189 22097369792.90461 13525294693.52592 11963148523.79731 10975806488.11381 10416824149.46213 10167398298.32432 10139306708.28987
 8.330066667781292e-016 1561.413466512537 18377588.94101666 132203895.361358 415961510.2292386 937810986.8473983 1819080501.25929 3274785839.089543 5614167974.588964 9224694587.023781 14555859763.49189 22097369792.90461 13525294693.52592 11963148523.79731 10975806488.11381 10416824149.46213 10167398298.32432 10139306708.28987
 1.122521664447686e-012 1561.413455428711 18377588.94101666 132203895.361358 415961510.2292386 937810986.8473983 1819080501.25929 3274785839.089543 5614167974.588964 9224694587.023781 14555859763.49189 22097369792.90461 13525294693.52592 11963148523.79731 10975806488.11381 10416824149.46213 10167398298.32432 10139306708.28987
 7.223627024768894e-014 1561.413476951557 18377588.94101666 132203895.361358 415961510.2292386 937810986.8473983 1819080501.25929 3274785839.089543 5614167974.588964 9224694587.023781 14555859763.49189 22097369792.90461 13525294693.52592 11963148523.79731 10975806488.11381 10416824149.46213 10167398298.32432 10139306708.28987
 5.66678465440453e-014 1561.413419259373 18377588.94101666 132203895.361358 415961510.2292386 937810986.8473983 1819080501.25929 3274785839.089543 5614167974.588964 9224694587.023781 14555859763.49189 22097369792.90461 13525294693.52592 11963148523.79731 10975806488.11381 10416824149.46213 10167398298.32432 10139306708.28987
 8.133439825848483e-013 1561.41345189458 18377588.94101666 132203895.361358 415961510.2292386 937810986.8473983 1819080501.25929 3274785839.089543 5614167974.588964 9224694587.023781 14555859763.49189 22097369792.90461 13525294693.52592 11963148523.79731 10975806488.11381 10416824149.46213 10167398298.32432 10139306708.28987
 5.303581408301163e-013 1561.413410556004 18377588.94101666 132203895.361358 415961510.2292386 937810986.8473983 1819080501.25929 3274785839.089543 5614167974.588964 9224694587.023781 14555859763.49189 22097369792.90461 13525294693.52592 11963148523.79731 10975806488.11381 10416824149.46213 10167398298.32432 10139306708.28987
 2.210062888003115e-013 1561.413406849023 18377588.94101666 132203895.361358 415961510.2292386 937810986.8473983 1819080501.25929 3274785839.089543 5614167974.588964 9224694587.023781 14555859763.49189 22097369792.90461 13525294693.52592 11963148523.79731 10975806488.11381 10416824149.46213 10167398298.32432 10139306708.28987
 7533.811684188217 1561.413441387629 18377588.94101666 132203895.361358 415961510.2292386 937810986.8473983 1819080501.25929 3274785839.089543 5614167974.588964 9224694587.023781 14555859763.49189 22097369792.90461 13525294693.52592 11963148523.79731 10975806488.11381 10416824149.46213 10167398298.32432 10139306708.28987
 11022.37892511979 1561.413439545474 18377588.94101666 132203895.361358 415961510.2292386 937810986.8473983 1819080501.25929 3274785839.089543 5614167974.588964 9224694587.023781 14555859763.49189 22097369792.90461 13525294693.52592 11963148523.79731 10975806488.11381 10416824149.46213 10167398298.32432 10139306708.28987
 2886.282937420266 1561.413455256101 18377588.94101666 132203895.361358 415961510.2292386 937810986.8473983 1819080501.25929 3274785839.089543 5614167974.588964 9224694587.023781 14555859763.49189 22097369792.90461 13525294693.52592 11963148523.79731 10975806488.11381 10416824149.46213 10167398298.32432 10139306708.28987
 1060.370740092585 1561.413498554027 18377588.94101666 132203895.361358 415961510.2292386 937810986.8473983 1819080501.25929 3274785839.089543 5614167974.588964 9224694587.023781 14555859763.49189 22097369792.90461 13525294693.52592 11963148523.79731 10975806488.11381 10416824149.46213 10167398298.32432 10139306708.28987
