# Created by Octave 3.6.4, Thu Mar 20 15:25:34 2014 N. Central Asia Standard Time <unknown@OShulyakov>
# name: LowCv
# type: matrix
# rows: 50
# columns: 18
 3.268815052938375e-036 1.107775040336689e-036 1.379679591646188e-035 2.039394981946458e-029 2.049572618092286e-029 2.049348347219933e-029 1.179130560635592e-026 1.179125935376806e-026 1.179115535910325e-026 1.179111005816673e-026 1.179111294311356e-026 1.179111298492268e-026 1.17911124006888e-026 1.17911124006888e-026 1.17911124006888e-026 1.17911124006888e-026 1.17911124006888e-026 1.17911124006888e-026
 1.300141001972275e-013 1.333137774520694e-013 1.334201871824412e-013 1.334202023406612e-013 1.334202019475461e-013 1.334202025997013e-013 1.334202004980357e-013 1.334202011868461e-013 1.334202027341981e-013 1.334202022498417e-013 1.334202036136632e-013 1.334202019263396e-013 1.334202029871849e-013 1.334202028910973e-013 1.334202018603755e-013 1.334202022447502e-013 1.334202019336877e-013 1.334202017517853e-013
 5.197600292162888e-013 5.289279588098522e-013 5.291507312973181e-013 5.291507748485725e-013 5.291507755193411e-013 5.291507760857385e-013 5.291507762806702e-013 5.291507756886862e-013 5.291507760152258e-013 5.291507754359281e-013 5.291507759358561e-013 5.291507762728154e-013 5.291507769908863e-013 5.291507773129515e-013 5.291507764050112e-013 5.291507772412684e-013 5.291507773269438e-013 5.291507770656243e-013
 2.076672677609041e-012 2.099333693193786e-012 2.099796439404466e-012 2.099796560296664e-012 2.099796562576283e-012 2.099796560822868e-012 2.099796562278865e-012 2.099796561874379e-012 2.099796560959365e-012 2.099796560996044e-012 2.099796562739778e-012 2.09979656235105e-012 2.099796561536308e-012 2.0997965628453e-012 2.099796561780164e-012 2.099796561734436e-012 2.099796562033382e-012 2.099796561792203e-012
 8.287807467338081e-012 8.338910999061465e-012 8.339859057944721e-012 8.339859351029591e-012 8.33985935358976e-012 8.339859354478204e-012 8.339859353852185e-012 8.339859354024369e-012 8.339859353537168e-012 8.339859354392823e-012 8.339859354097373e-012 8.339859353791308e-012 8.339859354425408e-012 8.339859354697415e-012 8.339859354806094e-012 8.339859354795307e-012 8.339859354769108e-012 8.339859354804834e-012
 3.300105833471486e-011 3.310940293722993e-011 3.311131734678156e-011 3.311131800107108e-011 3.311131800654013e-011 3.311131800592187e-011 3.311131800568044e-011 3.311131800655838e-011 3.311131800625973e-011 3.311131800589466e-011 3.311131800560765e-011 3.31113180051763e-011 3.311131800604018e-011 3.311131800624647e-011 3.31113180061757e-011 3.311131800637906e-011 3.31113180059892e-011 3.311131800682687e-011
 1.308169840728481e-010 1.310373622713285e-010 1.310411725611154e-010 1.310411739289416e-010 1.310411739396401e-010 1.310411739392213e-010 1.310411739394302e-010 1.31041173939598e-010 1.310411739390921e-010 1.310411739393994e-010 1.310411739394359e-010 1.310411739393354e-010 1.310411739405944e-010 1.310411739402138e-010 1.310411739406987e-010 1.310411739395517e-010 1.31041173939764e-010 1.310411739400861e-010
 5.139900698753401e-010 5.14422855247972e-010 5.144303025397032e-010 5.144303052847514e-010 5.144303053067225e-010 5.144303053070035e-010 5.144303053063642e-010 5.144303053069334e-010 5.144303053074121e-010 5.144303053073044e-010 5.14430305306503e-010 5.144303053065211e-010 5.144303053077723e-010 5.144303053078247e-010 5.14430305306748e-010 5.144303053078033e-010 5.144303053072671e-010 5.144303053076556e-010
 1.985082228631199e-009 1.985895385461714e-009 1.985909522787227e-009 1.985909528078032e-009 1.98590952811983e-009 1.985909528119612e-009 1.985909528120754e-009 1.985909528120283e-009 1.985909528120854e-009 1.985909528119495e-009 1.985909528119789e-009 1.985909528119912e-009 1.98590952812116e-009 1.985909528120594e-009 1.985909528120658e-009 1.985909528121637e-009 1.985909528121545e-009 1.985909528120677e-009
 7.421714377083623e-009 7.423134035659264e-009 7.423159511895952e-009 7.42315952153163e-009 7.423159521608205e-009 7.423159521608286e-009 7.423159521607755e-009 7.423159521608089e-009 7.423159521608189e-009 7.423159521607572e-009 7.423159521608056e-009 7.423159521608437e-009 7.423159521608034e-009 7.423159521609373e-009 7.423159521608582e-009 7.423159521608476e-009 7.423159521608662e-009 7.423159521608218e-009
 2.617844090104243e-008 2.618060680451246e-008 2.61806486595672e-008 2.61806486755623e-008 2.618064867569036e-008 2.618064867569008e-008 2.618064867568925e-008 2.618064867568971e-008 2.618064867568909e-008 2.618064867568986e-008 2.61806486756903e-008 2.618064867568906e-008 2.618064867569012e-008 2.61806486756897e-008 2.618064867569007e-008 2.618064867569052e-008 2.618064867569034e-008 2.618064867569024e-008
 8.390894233985078e-008 8.391149442676483e-008 8.391155337643351e-008 8.391155339926981e-008 8.391155339945421e-008 8.391155339945359e-008 8.391155339945311e-008 8.39115533994532e-008 8.391155339945487e-008 8.391155339945432e-008 8.391155339945437e-008 8.391155339945283e-008 8.391155339945391e-008 8.391155339945442e-008 8.391155339945377e-008 8.391155339945402e-008 8.391155339945396e-008 8.391155339945436e-008
 2.341265981272845e-007 2.341282417304349e-007 2.341283075219867e-007 2.341283075480444e-007 2.341283075482597e-007 2.3412830754826e-007 2.341283075482598e-007 2.341283075482604e-007 2.341283075482602e-007 2.341283075482609e-007 2.3412830754826e-007 2.341283075482601e-007 2.341283075482605e-007 2.34128307548261e-007 2.341283075482609e-007 2.341283075482604e-007 2.341283075482607e-007 2.341283075482608e-007
 5.487836049374108e-007 5.487826545404416e-007 5.487827075292034e-007 5.487827075512063e-007 5.487827075513933e-007 5.487827075513932e-007 5.487827075513937e-007 5.487827075513933e-007 5.487827075513935e-007 5.487827075513942e-007 5.487827075513933e-007 5.487827075513943e-007 5.487827075513935e-007 5.487827075513938e-007 5.48782707551394e-007 5.487827075513941e-007 5.48782707551394e-007 5.487827075513944e-007
 1.058056183070755e-006 1.058052293651753e-006 1.058052319932877e-006 1.058052319945529e-006 1.058052319945649e-006 1.058052319945649e-006 1.058052319945649e-006 1.058052319945649e-006 1.058052319945649e-006 1.058052319945649e-006 1.058052319945649e-006 1.058052319945649e-006 1.058052319945649e-006 1.058052319945649e-006 1.058052319945649e-006 1.058052319945649e-006 1.058052319945649e-006 1.058052319945649e-006
 1.675317931250234e-006 1.675312768618956e-006 1.675312771888606e-006 1.675312771892817e-006 1.675312771892875e-006 1.675312771892872e-006 1.675312771892873e-006 1.675312771892873e-006 1.675312771892873e-006 1.675312771892873e-006 1.675312771892873e-006 1.675312771892872e-006 1.675312771892873e-006 1.675312771892873e-006 1.675312771892873e-006 1.675312771892873e-006 1.675312771892872e-006 1.675312771892872e-006
 2.237838507722419e-006 2.237834036550346e-006 2.237834030024688e-006 2.23783403002472e-006 2.237834030024734e-006 2.237834030024734e-006 2.237834030024734e-006 2.237834030024734e-006 2.237834030024734e-006 2.237834030024734e-006 2.237834030024734e-006 2.237834030024734e-006 2.237834030024734e-006 2.237834030024734e-006 2.237834030024734e-006 2.237834030024734e-006 2.237834030024734e-006 2.237834030024734e-006
 2.643791031739628e-006 2.643788008340585e-006 2.643788001206319e-006 2.643788001205316e-006 2.643788001205319e-006 2.643788001205319e-006 2.643788001205319e-006 2.643788001205319e-006 2.643788001205319e-006 2.643788001205319e-006 2.643788001205319e-006 2.643788001205319e-006 2.643788001205319e-006 2.643788001205319e-006 2.643788001205319e-006 2.643788001205319e-006 2.643788001205319e-006 2.643788001205319e-006
