# Created by Octave 3.6.4, Tue Mar 11 13:39:21 2014 N. Central Asia Standard Time <unknown@OShulyakov>
# name: HighTr
# type: matrix
# rows: 50
# columns: 20
 8.926055691932585e-036 2.530434715861865e-035 1.996449717798796e-035 1.556027051861335e-026 1.557733294080033e-026 1.557759405345318e-026 1.557759177996501e-026 1.557760314323586e-026 1.557757737926919e-026 1.557759115131418e-026 1.557759972582079e-026 1.557760039548558e-026 1.557758834292135e-026 1.557758233456358e-026 1.557759082048138e-026 1.557759459752903e-026 1.557759416682961e-026 1.557759972582079e-026 1.557759972582079e-026 1.557759972582079e-026
 1.662478743373627e-011 1.668269993428429e-011 1.668274594842635e-011 1.668274606857531e-011 1.668274607027753e-011 1.668274606949669e-011 1.668274606915844e-011 1.668274606573867e-011 1.668274606906862e-011 1.668274606992154e-011 1.668274606893262e-011 1.66827460691163e-011 1.668274606876289e-011 1.668274606750938e-011 1.668274606688274e-011 1.668274606804248e-011 1.668274606867319e-011 1.668274606834229e-011 1.668274606852284e-011 1.668274606869865e-011
 6.568342531839055e-011 6.57407620449386e-011 6.574081864646379e-011 6.574081880161113e-011 6.574081880245632e-011 6.574081880169619e-011 6.574081880455785e-011 6.574081880199824e-011 6.574081880432201e-011 6.574081879982007e-011 6.574081879944242e-011 6.574081879861843e-011 6.57408188006523e-011 6.574081880180579e-011 6.574081880119117e-011 6.574081880111879e-011 6.574081880116877e-011 6.574081880281782e-011 6.574081880296386e-011 6.574081880199085e-011
 2.564318763860522e-010 2.564573842349378e-010 2.564574392477484e-010 2.564574394097639e-010 2.564574394081181e-010 2.564574394072281e-010 2.564574394092925e-010 2.564574394075514e-010 2.564574394074686e-010 2.564574394110157e-010 2.5645743941204e-010 2.564574394081827e-010 2.564574394080121e-010 2.564574394086562e-010 2.564574394093619e-010 2.564574394082496e-010 2.564574394082317e-010 2.564574394093138e-010 2.564574394092952e-010 2.56457439409366e-010
 9.786357352519683e-010 9.785217786065937e-010 9.785217989079611e-010 9.785217989870656e-010 9.785217989865056e-010 9.785217989874265e-010 9.785217989889388e-010 9.785217989861276e-010 9.785217989879431e-010 9.785217989867639e-010 9.785217989878831e-010 9.785217989857721e-010 9.785217989881945e-010 9.785217989877144e-010 9.785217989880289e-010 9.785217989875967e-010 9.785217989875926e-010 9.785217989880365e-010 9.78521798987635e-010 9.785217989877017e-010
 3.583784341742354e-009 3.583152873823047e-009 3.583152749294609e-009 3.583152749026601e-009 3.583152749025444e-009 3.583152749024573e-009 3.583152749026858e-009 3.58315274902769e-009 3.583152749026175e-009 3.583152749025034e-009 3.583152749026733e-009 3.583152749026916e-009 3.583152749025159e-009 3.583152749025586e-009 3.583152749027403e-009 3.583152749026181e-009 3.583152749027177e-009 3.58315274902764e-009 3.583152749025822e-009 3.583152749023748e-009
 1.225047313169739e-008 1.224809422939415e-008 1.224809358430621e-008 1.224809358284559e-008 1.22480935828448e-008 1.224809358284378e-008 1.224809358284473e-008 1.224809358284191e-008 1.224809358284835e-008 1.224809358284458e-008 1.224809358284261e-008 1.224809358284482e-008 1.224809358284361e-008 1.22480935828423e-008 1.224809358284543e-008 1.224809358284248e-008 1.224809358284398e-008 1.224809358284458e-008 1.224809358284348e-008 1.224809358284289e-008
 3.790828002034047e-008 3.790069961629957e-008 3.790069723066145e-008 3.79006972256779e-008 3.790069722567425e-008 3.790069722567466e-008 3.790069722567558e-008 3.79006972256734e-008 3.790069722567477e-008 3.790069722567698e-008 3.790069722567567e-008 3.790069722567604e-008 3.79006972256726e-008 3.790069722567551e-008 3.790069722567649e-008 3.790069722567625e-008 3.79006972256763e-008 3.790069722567608e-008 3.790069722567478e-008 3.790069722567477e-008
 1.042577416299799e-007 1.042373101672526e-007 1.04237302617526e-007 1.042373026039717e-007 1.04237302603961e-007 1.042373026039606e-007 1.042373026039596e-007 1.042373026039601e-007 1.04237302603961e-007 1.042373026039599e-007 1.042373026039604e-007 1.042373026039609e-007 1.042373026039604e-007 1.042373026039603e-007 1.042373026039621e-007 1.042373026039603e-007 1.042373026039617e-007 1.042373026039617e-007 1.042373026039613e-007 1.042373026039611e-007
 2.546031553854998e-007 2.545589114490647e-007 2.545588922762763e-007 2.545588922472402e-007 2.545588922472068e-007 2.545588922472062e-007 2.545588922472069e-007 2.545588922472064e-007 2.545588922472037e-007 2.545588922472041e-007 2.54558892247206e-007 2.545588922472069e-007 2.545588922472061e-007 2.545588922472048e-007 2.545588922472048e-007 2.545588922472053e-007 2.545588922472055e-007 2.545588922472049e-007 2.545588922472057e-007 2.545588922472053e-007
 5.498129420849469e-007 5.497414393971231e-007 5.497414040824e-007 5.497414040366677e-007 5.497414040366061e-007 5.497414040366063e-007 5.497414040366042e-007 5.497414040366045e-007 5.497414040366036e-007 5.497414040366051e-007 5.497414040366052e-007 5.497414040366059e-007 5.49741404036605e-007 5.49741404036605e-007 5.497414040366059e-007 5.497414040366051e-007 5.497414040366056e-007 5.497414040366053e-007 5.497414040366053e-007 5.497414040366062e-007
 1.040964380964183e-006 1.040882175051123e-006 1.04088212788186e-006 1.040882127831511e-006 1.04088212783144e-006 1.040882127831439e-006 1.040882127831439e-006 1.04088212783144e-006 1.040882127831438e-006 1.040882127831439e-006 1.04088212783144e-006 1.040882127831439e-006 1.040882127831438e-006 1.040882127831438e-006 1.040882127831439e-006 1.040882127831439e-006 1.040882127831439e-006 1.040882127831439e-006 1.04088212783144e-006 1.04088212783144e-006
 1.737713687315555e-006 1.737644697152148e-006 1.737644645232683e-006 1.737644645192682e-006 1.737644645192623e-006 1.737644645192623e-006 1.737644645192622e-006 1.737644645192621e-006 1.737644645192622e-006 1.737644645192622e-006 1.737644645192622e-006 1.737644645192622e-006 1.737644645192621e-006 1.737644645192622e-006 1.737644645192622e-006 1.737644645192622e-006 1.737644645192622e-006 1.737644645192622e-006 1.737644645192622e-006 1.737644645192622e-006
 2.571639883583472e-006 2.571593745713577e-006 2.571593694585589e-006 2.571593694559935e-006 2.571593694559887e-006 2.571593694559886e-006 2.571593694559885e-006 2.571593694559885e-006 2.571593694559885e-006 2.571593694559885e-006 2.571593694559885e-006 2.571593694559885e-006 2.571593694559885e-006 2.571593694559885e-006 2.571593694559885e-006 2.571593694559885e-006 2.571593694559886e-006 2.571593694559886e-006 2.571593694559885e-006 2.571593694559885e-006
 3.376331479825648e-006 3.376304477784273e-006 3.376304434945148e-006 3.376304434930264e-006 3.376304434930228e-006 3.376304434930228e-006 3.376304434930228e-006 3.376304434930228e-006 3.376304434930228e-006 3.376304434930228e-006 3.376304434930228e-006 3.376304434930228e-006 3.376304434930228e-006 3.376304434930228e-006 3.376304434930228e-006 3.376304434930228e-006 3.376304434930228e-006 3.376304434930228e-006 3.376304434930228e-006 3.376304434930228e-006
 3.997388891781175e-006 3.997374182884046e-006 3.99737415303509e-006 3.997374153026868e-006 3.997374153026842e-006 3.997374153026842e-006 3.997374153026841e-006 3.997374153026842e-006 3.997374153026842e-006 3.997374153026842e-006 3.997374153026842e-006 3.997374153026842e-006 3.997374153026842e-006 3.997374153026842e-006 3.997374153026842e-006 3.997374153026842e-006 3.997374153026842e-006 3.997374153026842e-006 3.997374153026842e-006 3.997374153026842e-006
 4.398924541013566e-006 4.398916837451357e-006 4.398916819404826e-006 4.398916819400442e-006 4.398916819400427e-006 4.398916819400427e-006 4.398916819400428e-006 4.398916819400428e-006 4.398916819400428e-006 4.398916819400428e-006 4.398916819400428e-006 4.398916819400428e-006 4.398916819400428e-006 4.398916819400428e-006 4.398916819400428e-006 4.398916819400428e-006 4.398916819400428e-006 4.398916819400428e-006 4.398916819400428e-006 4.398916819400428e-006
