# Created by Octave 3.6.4, Tue Mar 11 13:39:21 2014 N. Central Asia Standard Time <unknown@OShulyakov>
# name: LowTst
# type: matrix
# rows: 50
# columns: 20
 4.106033582892615e-036 3.114400334808856e-035 1.647190393813555e-035 3.51375248315215e-026 3.521727074784037e-026 3.52188086360973e-026 3.522020744094369e-026 3.522030585396242e-026 3.522023250081304e-026 3.522030435323704e-026 3.522028279442795e-026 3.52202748552033e-026 3.522027545560516e-026 3.522027189189701e-026 3.522029158359568e-026 3.522028440156412e-026 3.522032190813298e-026 3.522028279442795e-026 3.522028279442795e-026 3.522028279442795e-026
 1.343263485200403e-011 1.330361216790758e-011 1.330432091422001e-011 1.33043210716247e-011 1.330432107333567e-011 1.330432107439079e-011 1.330432107451958e-011 1.330432107377234e-011 1.330432107309191e-011 1.330432107379579e-011 1.330432107366073e-011 1.330432107426989e-011 1.330432107217023e-011 1.330432107330234e-011 1.330432107390248e-011 1.330432107336912e-011 1.330432107477578e-011 1.330432107400558e-011 1.330432107510603e-011 1.330432107368061e-011
 5.310630267588357e-011 5.279581887170237e-011 5.279718549575514e-011 5.279718578537099e-011 5.279718579068661e-011 5.279718579090583e-011 5.279718579057217e-011 5.279718579197012e-011 5.279718579244171e-011 5.279718579073733e-011 5.279718579052406e-011 5.279718579533759e-011 5.279718579054715e-011 5.279718579131828e-011 5.279718579278182e-011 5.279718579188352e-011 5.279718579091947e-011 5.279718579188087e-011 5.279718579209125e-011 5.27971857920621e-011
 2.076022799116765e-010 2.069176561170509e-010 2.069202681742893e-010 2.069202686872988e-010 2.069202686974916e-010 2.069202687006647e-010 2.069202686975757e-010 2.069202687008405e-010 2.069202686984673e-010 2.069202686990915e-010 2.06920268698299e-010 2.069202686989451e-010 2.069202686977265e-010 2.069202687010392e-010 2.069202687014184e-010 2.069202687002008e-010 2.069202686998027e-010 2.069202687004259e-010 2.06920268699059e-010 2.069202686994133e-010
 7.943608789769973e-010 7.929210479312235e-010 7.929259593747234e-010 7.929259602881918e-010 7.929259603095024e-010 7.929259603091352e-010 7.929259603077092e-010 7.929259603077808e-010 7.929259603094725e-010 7.929259603103264e-010 7.929259603093681e-010 7.929259603133781e-010 7.929259603077149e-010 7.929259603076827e-010 7.929259603087192e-010 7.929259603110978e-010 7.929259603098234e-010 7.929259603101064e-010 7.929259603097083e-010 7.929259603091909e-010
 2.924104400452498e-009 2.921142664505429e-009 2.92115155676301e-009 2.921151558383277e-009 2.921151558420724e-009 2.921151558421461e-009 2.921151558422813e-009 2.921151558420365e-009 2.92115155842327e-009 2.921151558421662e-009 2.921151558421401e-009 2.921151558422715e-009 2.921151558420934e-009 2.921151558422709e-009 2.921151558422684e-009 2.921151558424364e-009 2.921151558423026e-009 2.921151558423293e-009 2.921151558423323e-009 2.921151558423767e-009
 1.009700993400836e-008 1.009092079242951e-008 1.009093574170457e-008 1.009093574442733e-008 1.009093574449388e-008 1.009093574449272e-008 1.009093574449514e-008 1.009093574449659e-008 1.009093574449467e-008 1.009093574449696e-008 1.009093574449383e-008 1.009093574449405e-008 1.009093574449291e-008 1.009093574449386e-008 1.009093574449494e-008 1.009093574449605e-008 1.009093574449492e-008 1.009093574449569e-008 1.009093574449357e-008 1.009093574449327e-008
 3.183364963307408e-008 3.182086853274974e-008 3.182089057365607e-008 3.182089057736557e-008 3.182089057746995e-008 3.182089057747172e-008 3.182089057747074e-008 3.182089057746941e-008 3.182089057747036e-008 3.18208905774726e-008 3.182089057747191e-008 3.182089057747303e-008 3.182089057747235e-008 3.182089057747179e-008 3.18208905774706e-008 3.182089057747312e-008 3.182089057747293e-008 3.182089057747285e-008 3.182089057747158e-008 3.182089057747271e-008
 9.028230671787843e-008 9.025513232222976e-008 9.025515803827807e-008 9.025515804022296e-008 9.025515804036611e-008 9.02551580403653e-008 9.025515804036416e-008 9.025515804036489e-008 9.025515804036423e-008 9.025515804036451e-008 9.025515804036403e-008 9.025515804036493e-008 9.025515804036316e-008 9.025515804036566e-008 9.025515804036598e-008 9.025515804036546e-008 9.025515804036581e-008 9.025515804036558e-008 9.025515804036582e-008 9.025515804036574e-008
 2.299620153416405e-007 2.299082665873874e-007 2.299082842764411e-007 2.299082842684339e-007 2.299082842685827e-007 2.299082842685837e-007 2.299082842685838e-007 2.299082842685849e-007 2.299082842685838e-007 2.299082842685845e-007 2.299082842685833e-007 2.299082842685852e-007 2.299082842685834e-007 2.299082842685834e-007 2.299082842685845e-007 2.299082842685839e-007 2.299082842685838e-007 2.299082842685838e-007 2.299082842685828e-007 2.29908284268583e-007
 5.21826256935021e-007 5.217396922405447e-007 5.217396847059756e-007 5.217396846783924e-007 5.21739684678498e-007 5.217396846784985e-007 5.217396846784967e-007 5.217396846784975e-007 5.217396846784988e-007 5.21739684678498e-007 5.217396846784962e-007 5.217396846784942e-007 5.217396846784964e-007 5.217396846784975e-007 5.21739684678497e-007 5.217396846784987e-007 5.21739684678497e-007 5.217396846784969e-007 5.217396846784967e-007 5.217396846784964e-007
 1.044844958956902e-006 1.044740468578204e-006 1.044740424989345e-006 1.044740424943281e-006 1.044740424943311e-006 1.044740424943311e-006 1.044740424943311e-006 1.04474042494331e-006 1.044740424943311e-006 1.044740424943311e-006 1.044740424943309e-006 1.044740424943311e-006 1.044740424943311e-006 1.044740424943311e-006 1.044740424943311e-006 1.044740424943311e-006 1.044740424943311e-006 1.044740424943311e-006 1.044740424943311e-006 1.044740424943311e-006
 1.850973533000645e-006 1.85087773575115e-006 1.850877658961976e-006 1.85087765890987e-006 1.850877658909818e-006 1.85087765890982e-006 1.850877658909817e-006 1.850877658909816e-006 1.850877658909817e-006 1.850877658909818e-006 1.850877658909817e-006 1.850877658909818e-006 1.850877658909818e-006 1.850877658909818e-006 1.850877658909817e-006 1.850877658909818e-006 1.850877658909818e-006 1.850877658909817e-006 1.850877658909817e-006 1.850877658909818e-006
 2.884914833128269e-006 2.88484340915705e-006 2.884843317268206e-006 2.884843317222226e-006 2.884843317222133e-006 2.884843317222132e-006 2.884843317222135e-006 2.884843317222134e-006 2.884843317222133e-006 2.884843317222133e-006 2.884843317222134e-006 2.884843317222135e-006 2.884843317222134e-006 2.884843317222134e-006 2.884843317222135e-006 2.884843317222134e-006 2.884843317222135e-006 2.884843317222135e-006 2.884843317222135e-006 2.884843317222134e-006
 3.926542779317678e-006 3.926496667572641e-006 3.926496585847535e-006 3.926496585813807e-006 3.92649658581371e-006 3.92649658581371e-006 3.926496585813711e-006 3.926496585813712e-006 3.926496585813712e-006 3.926496585813711e-006 3.926496585813711e-006 3.926496585813711e-006 3.926496585813711e-006 3.926496585813712e-006 3.926496585813712e-006 3.926496585813712e-006 3.926496585813712e-006 3.926496585813711e-006 3.926496585813712e-006 3.926496585813711e-006
 4.749160566463245e-006 4.749133653745771e-006 4.749133596036099e-006 4.749133596014712e-006 4.749133596014641e-006 4.74913359601464e-006 4.74913359601464e-006 4.74913359601464e-006 4.74913359601464e-006 4.74913359601464e-006 4.74913359601464e-006 4.74913359601464e-006 4.74913359601464e-006 4.74913359601464e-006 4.74913359601464e-006 4.74913359601464e-006 4.74913359601464e-006 4.74913359601464e-006 4.74913359601464e-006 4.74913359601464e-006
 5.287231672594097e-006 5.287216984518364e-006 5.287216949568208e-006 5.287216949555964e-006 5.28721694955592e-006 5.28721694955592e-006 5.28721694955592e-006 5.28721694955592e-006 5.28721694955592e-006 5.28721694955592e-006 5.28721694955592e-006 5.28721694955592e-006 5.28721694955592e-006 5.28721694955592e-006 5.28721694955592e-006 5.28721694955592e-006 5.28721694955592e-006 5.28721694955592e-006 5.28721694955592e-006 5.28721694955592e-006
