# Created by Octave 3.6.4, Tue Mar 11 13:39:21 2014 N. Central Asia Standard Time <unknown@OShulyakov>
# name: LowTr
# type: matrix
# rows: 50
# columns: 20
 3.968910111065584e-036 3.007117778554061e-035 1.900196502783279e-035 8.723126161628164e-026 8.74700449345479e-026 8.747211366279907e-026 8.74720994068692e-026 8.747211397736334e-026 8.747207088437063e-026 8.747207098530906e-026 8.747205782460932e-026 8.747205490786794e-026 8.747206593268742e-026 8.747211001521171e-026 8.747209110606171e-026 8.747203166347306e-026 8.747192771279235e-026 8.747205782460932e-026 8.747205782460932e-026 8.747205782460932e-026
 1.436837181573967e-011 1.441779965237411e-011 1.441790364296999e-011 1.441790377152346e-011 1.441790377086105e-011 1.44179037720738e-011 1.441790377212947e-011 1.441790377133799e-011 1.441790377056544e-011 1.441790377143285e-011 1.441790377124282e-011 1.441790377181972e-011 1.441790376963536e-011 1.441790377086562e-011 1.441790377145271e-011 1.441790377092776e-011 1.44179037724994e-011 1.441790377162672e-011 1.441790377283645e-011 1.441790377125982e-011
 5.680429289610379e-011 5.68600038673799e-011 5.68601245607348e-011 5.686012473859023e-011 5.686012473898764e-011 5.686012473925846e-011 5.686012473897336e-011 5.686012474041365e-011 5.686012474098046e-011 5.686012473902863e-011 5.68601247387923e-011 5.686012474406767e-011 5.686012473883512e-011 5.686012473967799e-011 5.686012474127231e-011 5.686012474033784e-011 5.68601247393013e-011 5.686012474036815e-011 5.686012474053603e-011 5.68601247404657e-011
 2.220450328903551e-010 2.220954454610417e-010 2.220955385226075e-010 2.220955387288537e-010 2.220955387286495e-010 2.220955387320512e-010 2.22095538728712e-010 2.220955387322324e-010 2.220955387298433e-010 2.2209553873058e-010 2.220955387296604e-010 2.220955387302683e-010 2.22095538728952e-010 2.220955387325239e-010 2.220955387329895e-010 2.220955387316235e-010 2.220955387312195e-010 2.220955387319063e-010 2.220955387304429e-010 2.220955387308336e-010
 8.494951214010688e-010 8.495028365608615e-010 8.495027621405303e-010 8.495027623292081e-010 8.49502762329639e-010 8.49502762329267e-010 8.495027623277961e-010 8.495027623277499e-010 8.495027623297362e-010 8.495027623305929e-010 8.495027623296636e-010 8.49502762333924e-010 8.49502762327851e-010 8.495027623277983e-010 8.495027623290165e-010 8.495027623315612e-010 8.495027623301553e-010 8.495027623304514e-010 8.495027623300041e-010 8.495027623294888e-010
 3.125766425437991e-009 3.125584613320216e-009 3.125583903514452e-009 3.125583903537864e-009 3.125583903534743e-009 3.12558390353554e-009 3.125583903537051e-009 3.125583903534347e-009 3.125583903537535e-009 3.125583903535746e-009 3.125583903535412e-009 3.125583903536814e-009 3.125583903534944e-009 3.125583903536814e-009 3.125583903536817e-009 3.125583903538619e-009 3.12558390353721e-009 3.125583903537512e-009 3.125583903537518e-009 3.125583903537937e-009
 1.078086186065885e-008 1.077989613931085e-008 1.07798933274754e-008 1.077989332679949e-008 1.077989332679059e-008 1.077989332678931e-008 1.07798933267919e-008 1.077989332679338e-008 1.077989332679143e-008 1.077989332679388e-008 1.07798933267905e-008 1.07798933267907e-008 1.077989332678939e-008 1.077989332679044e-008 1.077989332679166e-008 1.077989332679278e-008 1.07798933267916e-008 1.077989332679246e-008 1.077989332679015e-008 1.077989332678984e-008
 3.388649492612955e-008 3.3882526862031e-008 3.388251796168575e-008 3.38825179583899e-008 3.388251795836235e-008 3.388251795836409e-008 3.388251795836307e-008 3.388251795836157e-008 3.388251795836264e-008 3.388251795836497e-008 3.388251795836429e-008 3.388251795836556e-008 3.388251795836476e-008 3.388251795836427e-008 3.388251795836297e-008 3.388251795836562e-008 3.388251795836544e-008 3.38825179583654e-008 3.388251795836396e-008 3.388251795836514e-008
 9.547579135829398e-008 9.546219769855772e-008 9.54621737940965e-008 9.546217378250292e-008 9.546217378243483e-008 9.546217378243378e-008 9.546217378243255e-008 9.546217378243337e-008 9.546217378243261e-008 9.546217378243286e-008 9.546217378243242e-008 9.54621737824334e-008 9.54621737824315e-008 9.546217378243418e-008 9.546217378243453e-008 9.546217378243396e-008 9.546217378243431e-008 9.546217378243409e-008 9.546217378243429e-008 9.546217378243419e-008
 2.406897426089139e-007 2.406537204350071e-007 2.406536665574133e-007 2.406536665262166e-007 2.406536665260642e-007 2.40653666526065e-007 2.406536665260649e-007 2.406536665260662e-007 2.40653666526065e-007 2.406536665260656e-007 2.406536665260645e-007 2.406536665260665e-007 2.406536665260647e-007 2.406536665260646e-007 2.406536665260656e-007 2.406536665260651e-007 2.40653666526065e-007 2.406536665260649e-007 2.406536665260639e-007 2.406536665260641e-007
 5.397226251110275e-007 5.396542721320988e-007 5.396541739954709e-007 5.396541739343883e-007 5.396541739341226e-007 5.396541739341227e-007 5.396541739341209e-007 5.396541739341218e-007 5.396541739341231e-007 5.396541739341225e-007 5.396541739341204e-007 5.396541739341186e-007 5.396541739341207e-007 5.396541739341219e-007 5.396541739341212e-007 5.396541739341231e-007 5.396541739341212e-007 5.396541739341212e-007 5.396541739341211e-007 5.396541739341207e-007
 1.067606900067302e-006 1.067515975238712e-006 1.067515833345899e-006 1.067515833259949e-006 1.067515833259591e-006 1.067515833259591e-006 1.06751583325959e-006 1.06751583325959e-006 1.06751583325959e-006 1.067515833259591e-006 1.067515833259589e-006 1.06751583325959e-006 1.06751583325959e-006 1.06751583325959e-006 1.06751583325959e-006 1.067515833259591e-006 1.06751583325959e-006 1.06751583325959e-006 1.067515833259591e-006 1.06751583325959e-006
 1.866826972280682e-006 1.866737913351707e-006 1.866737746985693e-006 1.866737746894655e-006 1.866737746894261e-006 1.866737746894262e-006 1.866737746894259e-006 1.866737746894259e-006 1.866737746894259e-006 1.86673774689426e-006 1.866737746894259e-006 1.86673774689426e-006 1.86673774689426e-006 1.866737746894261e-006 1.86673774689426e-006 1.86673774689426e-006 1.86673774689426e-006 1.866737746894259e-006 1.866737746894259e-006 1.86673774689426e-006
 2.873745439854831e-006 2.873675856457943e-006 2.873675696447333e-006 2.873675696370067e-006 2.873675696369717e-006 2.873675696369716e-006 2.873675696369719e-006 2.873675696369718e-006 2.873675696369718e-006 2.873675696369717e-006 2.873675696369718e-006 2.873675696369719e-006 2.873675696369718e-006 2.873675696369718e-006 2.873675696369719e-006 2.873675696369718e-006 2.873675696369719e-006 2.873675696369718e-006 2.873675696369719e-006 2.873675696369718e-006
 3.87482130827638e-006 3.874775018822775e-006 3.87477489287328e-006 3.874774892818345e-006 3.874774892818082e-006 3.874774892818082e-006 3.874774892818082e-006 3.874774892818083e-006 3.874774892818083e-006 3.874774892818082e-006 3.874774892818082e-006 3.874774892818082e-006 3.874774892818082e-006 3.874774892818083e-006 3.874774892818083e-006 3.874774892818083e-006 3.874774892818083e-006 3.874774892818082e-006 3.874774892818083e-006 3.874774892818082e-006
 4.659098055839235e-006 4.659070578750504e-006 4.659070495407527e-006 4.659070495373471e-006 4.659070495373304e-006 4.659070495373302e-006 4.659070495373302e-006 4.659070495373302e-006 4.659070495373302e-006 4.659070495373302e-006 4.659070495373303e-006 4.659070495373302e-006 4.659070495373302e-006 4.659070495373302e-006 4.659070495373302e-006 4.659070495373303e-006 4.659070495373302e-006 4.659070495373302e-006 4.659070495373302e-006 4.659070495373303e-006
 5.16983582036956e-006 5.169820691038907e-006 5.169820642223244e-006 5.169820642204017e-006 5.169820642203921e-006 5.169820642203921e-006 5.169820642203921e-006 5.169820642203921e-006 5.169820642203921e-006 5.169820642203922e-006 5.169820642203921e-006 5.169820642203921e-006 5.169820642203921e-006 5.169820642203921e-006 5.169820642203921e-006 5.169820642203921e-006 5.169820642203921e-006 5.169820642203921e-006 5.169820642203921e-006 5.169820642203921e-006
