# Created by Octave 3.6.4, Tue Mar 11 13:39:21 2014 N. Central Asia Standard Time <unknown@OShulyakov>
# name: OpenCv
# type: matrix
# rows: 50
# columns: 20
 5.240906847400994e-036 5.045647325606773e-036 1.068596441999457e-035 2.883278691556906e-027 2.887436165872553e-027 2.887397622034217e-027 2.887483398030894e-027 2.887483913840378e-027 2.88749887714611e-027 2.887499366929483e-027 2.887497425484895e-027 2.887497064000164e-027 2.887497367510756e-027 2.88749784305292e-027 2.887496622160186e-027 2.887497263757369e-027 2.887497624777808e-027 2.887497425484895e-027 2.887497425484895e-027 2.887497425484589e-027
 8.055516035872476e-012 8.117665226773324e-012 8.117906968489361e-012 8.117907032006003e-012 8.117907034218953e-012 8.117907033741728e-012 8.117907031850084e-012 8.11790703236557e-012 8.117907030910748e-012 8.117907032643539e-012 8.117907030781052e-012 8.117907034063799e-012 8.117907031488826e-012 8.117907030956656e-012 8.117907033458028e-012 8.117907032282018e-012 8.117907032614019e-012 8.117907031779328e-012 8.117907032086327e-012 8.117907032171996e-012
 3.179527309864706e-011 3.192380078080454e-011 3.192429506645021e-011 3.192429521544425e-011 3.192429521543161e-011 3.19242952132371e-011 3.192429521560441e-011 3.192429521502903e-011 3.192429521410084e-011 3.192429521465004e-011 3.19242952135751e-011 3.192429521347342e-011 3.192429521369705e-011 3.192429521393058e-011 3.192429521565419e-011 3.192429521435468e-011 3.192429521451302e-011 3.192429521498705e-011 3.192429521441082e-011 3.192429521474273e-011
 1.238898767888373e-010 1.241486101747991e-010 1.241495969192929e-010 1.24149597232911e-010 1.241495972334418e-010 1.241495972358611e-010 1.241495972344388e-010 1.241495972332144e-010 1.241495972343098e-010 1.241495972316082e-010 1.241495972324534e-010 1.241495972341372e-010 1.24149597231272e-010 1.241495972347908e-010 1.241495972350721e-010 1.241495972333316e-010 1.241495972337284e-010 1.241495972341453e-010 1.24149597234248e-010 1.241495972337793e-010
 4.710541441673788e-010 4.715632054284637e-010 4.715651267402256e-010 4.715651273746263e-010 4.715651273787764e-010 4.715651273786498e-010 4.715651273771315e-010 4.71565127382469e-010 4.715651273780758e-010 4.715651273784471e-010 4.71565127378096e-010 4.715651273741867e-010 4.715651273781113e-010 4.715651273784856e-010 4.715651273778786e-010 4.715651273788919e-010 4.715651273782052e-010 4.715651273797441e-010 4.715651273803086e-010 4.715651273796436e-010
 1.713354913719906e-009 1.714328619834368e-009 1.714332239253722e-009 1.714332240485299e-009 1.714332240492736e-009 1.714332240492485e-009 1.71433224049152e-009 1.71433224049105e-009 1.714332240489743e-009 1.714332240491145e-009 1.714332240492264e-009 1.714332240490379e-009 1.714332240491358e-009 1.714332240490871e-009 1.714332240492523e-009 1.714332240491328e-009 1.714332240491809e-009 1.714332240491676e-009 1.714332240490849e-009 1.71433224049166e-009
 5.792432237125424e-009 5.794216849872308e-009 5.79422336406849e-009 5.794223366347493e-009 5.794223366357725e-009 5.794223366356539e-009 5.794223366357946e-009 5.794223366357263e-009 5.794223366357426e-009 5.794223366356622e-009 5.794223366357463e-009 5.794223366358352e-009 5.794223366357819e-009 5.794223366356355e-009 5.794223366357821e-009 5.794223366356788e-009 5.794223366357037e-009 5.794223366357132e-009 5.794223366357e-009 5.794223366357434e-009
 1.768976833245271e-008 1.769281906595835e-008 1.769283014643071e-008 1.769283015040238e-008 1.769283015041999e-008 1.769283015041872e-008 1.769283015041976e-008 1.769283015041929e-008 1.769283015041889e-008 1.769283015041929e-008 1.76928301504191e-008 1.769283015042014e-008 1.769283015041926e-008 1.769283015041825e-008 1.769283015041917e-008 1.769283015041999e-008 1.769283015041972e-008 1.769283015041949e-008 1.769283015041927e-008 1.769283015041895e-008
 4.862306680531712e-008 4.862766344778179e-008 4.862768105577363e-008 4.862768106209927e-008 4.862768106212469e-008 4.86276810621249e-008 4.862768106212272e-008 4.862768106212215e-008 4.86276810621238e-008 4.862768106212359e-008 4.862768106212308e-008 4.862768106212351e-008 4.862768106212227e-008 4.862768106212266e-008 4.862768106212221e-008 4.862768106212166e-008 4.862768106212235e-008 4.862768106212233e-008 4.862768106212251e-008 4.862768106212259e-008
 1.242475831329855e-007 1.242529084102376e-007 1.242529335117042e-007 1.242529335203404e-007 1.242529335203766e-007 1.242529335203751e-007 1.242529335203769e-007 1.242529335203764e-007 1.242529335203758e-007 1.242529335203762e-007 1.242529335203765e-007 1.242529335203768e-007 1.242529335203761e-007 1.242529335203759e-007 1.242529335203755e-007 1.242529335203757e-007 1.242529335203755e-007 1.242529335203763e-007 1.242529335203762e-007 1.242529335203761e-007
 2.999776312967846e-007 2.999807035990211e-007 2.999807329855616e-007 2.999807329945971e-007 2.999807329946416e-007 2.999807329946397e-007 2.999807329946412e-007 2.999807329946403e-007 2.999807329946427e-007 2.9998073299464e-007 2.999807329946409e-007 2.999807329946405e-007 2.999807329946409e-007 2.999807329946407e-007 2.999807329946406e-007 2.999807329946409e-007 2.999807329946411e-007 2.999807329946401e-007 2.999807329946403e-007 2.999807329946401e-007
 6.527102573159235e-007 6.527077389801612e-007 6.527077642460384e-007 6.527077642523419e-007 6.527077642523818e-007 6.52707764252383e-007 6.527077642523813e-007 6.527077642523816e-007 6.527077642523809e-007 6.527077642523822e-007 6.527077642523827e-007 6.527077642523823e-007 6.527077642523817e-007 6.527077642523821e-007 6.527077642523818e-007 6.527077642523818e-007 6.527077642523822e-007 6.527077642523821e-007 6.527077642523825e-007 6.52707764252382e-007
 1.205755127561003e-006 1.205747860161645e-006 1.205747873944376e-006 1.205747873946884e-006 1.205747873946912e-006 1.205747873946912e-006 1.205747873946911e-006 1.205747873946911e-006 1.20574787394691e-006 1.205747873946911e-006 1.205747873946911e-006 1.205747873946911e-006 1.205747873946911e-006 1.205747873946911e-006 1.205747873946911e-006 1.205747873946911e-006 1.205747873946911e-006 1.20574787394691e-006 1.205747873946911e-006 1.205747873946911e-006
 1.860498910357119e-006 1.860491067887786e-006 1.860491070285753e-006 1.860491070285986e-006 1.860491070286001e-006 1.860491070286e-006 1.860491070285999e-006 1.860491070285999e-006 1.860491070286e-006 1.860491070285999e-006 1.860491070285999e-006 1.860491070285999e-006 1.860491070286e-006 1.860491070285999e-006 1.860491070286e-006 1.860491070286e-006 1.860491070286e-006 1.860491070285999e-006 1.860491070285999e-006 1.860491070285999e-006
 2.456090822250412e-006 2.456085039026273e-006 2.456085035625303e-006 2.456085035624846e-006 2.456085035624851e-006 2.456085035624852e-006 2.456085035624852e-006 2.456085035624852e-006 2.456085035624852e-006 2.456085035624853e-006 2.456085035624852e-006 2.456085035624852e-006 2.456085035624852e-006 2.456085035624852e-006 2.456085035624852e-006 2.456085035624852e-006 2.456085035624853e-006 2.456085035624852e-006 2.456085035624853e-006 2.456085035624852e-006
 2.89168290057162e-006 2.891679381552546e-006 2.891679377338249e-006 2.89167937733779e-006 2.891679377337791e-006 2.891679377337791e-006 2.891679377337791e-006 2.891679377337791e-006 2.891679377337791e-006 2.891679377337791e-006 2.891679377337791e-006 2.891679377337791e-006 2.891679377337791e-006 2.891679377337791e-006 2.891679377337791e-006 2.891679377337791e-006 2.891679377337791e-006 2.891679377337791e-006 2.891679377337791e-006 2.891679377337791e-006
 3.163670120498184e-006 3.163668178208894e-006 3.163668175129323e-006 3.163668175129016e-006 3.163668175129016e-006 3.163668175129016e-006 3.163668175129017e-006 3.163668175129017e-006 3.163668175129017e-006 3.163668175129017e-006 3.163668175129017e-006 3.163668175129017e-006 3.163668175129017e-006 3.163668175129017e-006 3.163668175129017e-006 3.163668175129017e-006 3.163668175129017e-006 3.163668175129017e-006 3.163668175129017e-006 3.163668175129017e-006
