# Created by Octave 3.6.4, Tue Mar 11 13:39:21 2014 N. Central Asia Standard Time <unknown@OShulyakov>
# name: OpenTr
# type: matrix
# rows: 50
# columns: 20
 9.324769022933696e-036 1.318033652426027e-035 3.466834745232065e-035 1.496005074291151e-026 1.498087505197795e-026 1.498115991194147e-026 1.49811626754373e-026 1.498116666749994e-026 1.4981149536724e-026 1.49811682913845e-026 1.498116391096597e-026 1.498116359769161e-026 1.498115004108784e-026 1.498115185446858e-026 1.498115720978014e-026 1.498115828005276e-026 1.498116305118239e-026 1.498116391096597e-026 1.498116391096597e-026 1.498116391096596e-026
 1.439189571375181e-011 1.44065596199003e-011 1.440658333161232e-011 1.440658335667105e-011 1.440658335989336e-011 1.440658335907772e-011 1.440658335584155e-011 1.440658335675587e-011 1.440658335426504e-011 1.44065833572012e-011 1.440658335404241e-011 1.440658335960404e-011 1.440658335530546e-011 1.440658335435867e-011 1.440658335857628e-011 1.440658335659848e-011 1.440658335713985e-011 1.440658335575023e-011 1.440658335623053e-011 1.440658335640484e-011
 5.679720391737804e-011 5.68127291758654e-011 5.681275289035785e-011 5.68127529262465e-011 5.681275292498171e-011 5.681275292120376e-011 5.681275292526019e-011 5.681275292423494e-011 5.681275292264553e-011 5.681275292365235e-011 5.681275292184758e-011 5.681275292155459e-011 5.681275292201195e-011 5.681275292240309e-011 5.681275292532409e-011 5.68127529230985e-011 5.681275292341775e-011 5.681275292419126e-011 5.681275292318632e-011 5.681275292377471e-011
 2.212480838073884e-010 2.212594498425482e-010 2.212594561566912e-010 2.212594561901031e-010 2.212594561883729e-010 2.212594561924518e-010 2.212594561900782e-010 2.21259456187965e-010 2.212594561898485e-010 2.212594561851678e-010 2.212594561866476e-010 2.212594561895752e-010 2.212594561846649e-010 2.212594561906004e-010 2.212594561910531e-010 2.212594561881127e-010 2.212594561888097e-010 2.212594561894869e-010 2.212594561896963e-010 2.212594561888936e-010
 8.407607875023526e-010 8.407520374145083e-010 8.407519696833319e-010 8.407519697008513e-010 8.407519697025662e-010 8.407519697023236e-010 8.40751969699757e-010 8.407519697089677e-010 8.407519697013684e-010 8.407519697019537e-010 8.407519697013454e-010 8.407519696945531e-010 8.407519697014264e-010 8.407519697020927e-010 8.40751969701067e-010 8.407519697027311e-010 8.407519697015819e-010 8.407519697042105e-010 8.407519697051968e-010 8.4075196970405e-010
 3.054664805825702e-009 3.054581288630282e-009 3.054580964263177e-009 3.054580964217954e-009 3.054580964220368e-009 3.054580964219917e-009 3.054580964218172e-009 3.054580964217416e-009 3.0545809642151e-009 3.054580964217525e-009 3.054580964219475e-009 3.054580964216184e-009 3.054580964218019e-009 3.0545809642171e-009 3.054580964219883e-009 3.054580964217816e-009 3.054580964218657e-009 3.054580964218402e-009 3.054580964217029e-009 3.054580964218434e-009
 1.030413595529623e-008 1.030380085283722e-008 1.030379975715683e-008 1.030379975690311e-008 1.030379975690146e-008 1.030379975689943e-008 1.030379975690175e-008 1.030379975690059e-008 1.030379975690082e-008 1.030379975689943e-008 1.030379975690097e-008 1.030379975690248e-008 1.030379975690157e-008 1.030379975689911e-008 1.030379975690153e-008 1.030379975689978e-008 1.030379975690022e-008 1.030379975690036e-008 1.03037997569002e-008 1.030379975690096e-008
 3.133431548427196e-008 3.13332082356941e-008 3.133320517948214e-008 3.133320517864402e-008 3.133320517864087e-008 3.133320517863865e-008 3.133320517864044e-008 3.133320517863969e-008 3.133320517863896e-008 3.133320517863958e-008 3.133320517863926e-008 3.133320517864103e-008 3.133320517863958e-008 3.13332051786378e-008 3.13332051786394e-008 3.133320517864075e-008 3.133320517864031e-008 3.133320517863993e-008 3.13332051786396e-008 3.133320517863901e-008
 8.549877757565185e-008 8.549549884556199e-008 8.549549143882987e-008 8.549549143649877e-008 8.549549143648802e-008 8.549549143648835e-008 8.549549143648457e-008 8.549549143648355e-008 8.549549143648635e-008 8.549549143648606e-008 8.549549143648512e-008 8.549549143648586e-008 8.54954914364838e-008 8.549549143648444e-008 8.549549143648363e-008 8.54954914364827e-008 8.549549143648384e-008 8.549549143648383e-008 8.549549143648414e-008 8.549549143648428e-008
 2.163253522131381e-007 2.163166665770766e-007 2.163166499172142e-007 2.163166499114458e-007 2.163166499114262e-007 2.163166499114234e-007 2.163166499114266e-007 2.163166499114257e-007 2.163166499114247e-007 2.163166499114253e-007 2.163166499114258e-007 2.163166499114263e-007 2.163166499114252e-007 2.163166499114248e-007 2.163166499114242e-007 2.163166499114245e-007 2.163166499114241e-007 2.163166499114256e-007 2.163166499114254e-007 2.163166499114251e-007
 5.173612688302166e-007 5.173422382592216e-007 5.173422037273409e-007 5.173422037153353e-007 5.173422037153006e-007 5.173422037152973e-007 5.173422037152998e-007 5.173422037152985e-007 5.173422037153023e-007 5.173422037152978e-007 5.173422037152993e-007 5.173422037152987e-007 5.173422037152993e-007 5.173422037152991e-007 5.173422037152989e-007 5.173422037152992e-007 5.173422037152996e-007 5.173422037152979e-007 5.173422037152983e-007 5.173422037152979e-007
 1.118252684433741e-006 1.118221743384634e-006 1.118221683852229e-006 1.118221683833449e-006 1.118221683833389e-006 1.118221683833391e-006 1.118221683833388e-006 1.118221683833388e-006 1.118221683833387e-006 1.11822168383339e-006 1.11822168383339e-006 1.11822168383339e-006 1.118221683833389e-006 1.11822168383339e-006 1.118221683833389e-006 1.118221683833389e-006 1.11822168383339e-006 1.118221683833389e-006 1.11822168383339e-006 1.118221683833389e-006
 2.057511471552902e-006 2.057476176356246e-006 2.057476097403939e-006 2.057476097383165e-006 2.057476097383089e-006 2.057476097383088e-006 2.057476097383087e-006 2.057476097383086e-006 2.057476097383085e-006 2.057476097383087e-006 2.057476097383086e-006 2.057476097383087e-006 2.057476097383087e-006 2.057476097383087e-006 2.057476097383087e-006 2.057476097383086e-006 2.057476097383086e-006 2.057476097383085e-006 2.057476097383086e-006 2.057476097383086e-006
 3.167327433751454e-006 3.167298167201787e-006 3.167298087266623e-006 3.167298087249648e-006 3.167298087249573e-006 3.167298087249572e-006 3.16729808724957e-006 3.167298087249569e-006 3.167298087249571e-006 3.167298087249569e-006 3.16729808724957e-006 3.167298087249569e-006 3.167298087249571e-006 3.16729808724957e-006 3.167298087249571e-006 3.167298087249571e-006 3.167298087249571e-006 3.16729808724957e-006 3.16729808724957e-006 3.16729808724957e-006
 4.175564838288879e-006 4.175545465690878e-006 4.175545401908754e-006 4.175545401897466e-006 4.175545401897406e-006 4.175545401897407e-006 4.175545401897408e-006 4.175545401897408e-006 4.175545401897408e-006 4.175545401897408e-006 4.175545401897407e-006 4.175545401897408e-006 4.175545401897407e-006 4.175545401897408e-006 4.175545401897408e-006 4.175545401897408e-006 4.175545401897408e-006 4.175545401897408e-006 4.175545401897408e-006 4.175545401897408e-006
 4.912354455762454e-006 4.912343235061035e-006 4.912343192761754e-006 4.912343192755123e-006 4.912343192755083e-006 4.912343192755083e-006 4.912343192755084e-006 4.912343192755084e-006 4.912343192755084e-006 4.912343192755084e-006 4.912343192755084e-006 4.912343192755084e-006 4.912343192755084e-006 4.912343192755084e-006 4.912343192755084e-006 4.912343192755084e-006 4.912343192755084e-006 4.912343192755084e-006 4.912343192755084e-006 4.912343192755084e-006
 5.372201633425811e-006 5.372195585173088e-006 5.372195560399874e-006 5.37219556039625e-006 5.372195560396228e-006 5.372195560396228e-006 5.372195560396228e-006 5.372195560396228e-006 5.372195560396228e-006 5.372195560396228e-006 5.372195560396228e-006 5.372195560396228e-006 5.372195560396228e-006 5.372195560396228e-006 5.372195560396228e-006 5.372195560396228e-006 5.372195560396228e-006 5.372195560396228e-006 5.372195560396228e-006 5.372195560396228e-006
