# Created by Octave 3.6.4, Tue Mar 11 13:33:15 2014 N. Central Asia Standard Time <unknown@OShulyakov>
# name: power
# type: range
# base, limit, increment
1 20 1


