# Created by Octave 3.6.4, Sat Mar 08 07:56:11 2014 N. Central Asia Standard Time <unknown@OShulyakov>
# name: CloseCv
# type: matrix
# rows: 50
# columns: 20
 4.254376010609018e-010 1930.975346236344 18627309.47920045 133326552.8911607 418683392.123217 942945787.4992296 1828041396.929677 3290354438.290492 5641312442.416815 9271516712.649334 14634789796.20518 22226595017.98761 32537206722.76923 45957779177.20845 11024236653.95319 10465636834.33433 10217879910.78639 10192013330.78286 10325335161.05982 10575074914.86503
 4.254376010609018e-010 1930.975346236344 18627309.47920045 133326552.8911607 418683392.123217 942945787.4992296 1828041396.929677 3290354438.290492 5641312442.416815 9271516712.649334 14634789796.20518 22226595017.98761 32537206722.76923 45957779177.20845 11024236653.95319 10465636834.33433 10217879910.78639 10192013330.78286 10325335161.05982 10575074914.86503
 4.254376010609018e-010 1930.975346236344 18627309.47920045 133326552.8911607 418683392.123217 942945787.4992296 1828041396.929677 3290354438.290492 5641312442.416815 9271516712.649334 14634789796.20518 22226595017.98761 32537206722.76923 45957779177.20845 11024236653.95319 10465636834.33433 10217879910.78639 10192013330.78286 10325335161.05982 10575074914.86503
 4.254376010609018e-010 1930.975346236344 18627309.47920045 133326552.8911607 418683392.123217 942945787.4992296 1828041396.929677 3290354438.290492 5641312442.416815 9271516712.649334 14634789796.20518 22226595017.98761 32537206722.76923 45957779177.20845 11024236653.95319 10465636834.33433 10217879910.78639 10192013330.78286 10325335161.05982 10575074914.86503
 4.254376010609018e-010 1930.975346236344 18627309.47920045 133326552.8911607 418683392.123217 942945787.4992296 1828041396.929677 3290354438.290492 5641312442.416815 9271516712.649334 14634789796.20518 22226595017.98761 32537206722.76923 45957779177.20845 11024236653.95319 10465636834.33433 10217879910.78639 10192013330.78286 10325335161.05982 10575074914.86503
 4.254376010609018e-010 1930.975346236344 18627309.47920045 133326552.8911607 418683392.123217 942945787.4992296 1828041396.929677 3290354438.290492 5641312442.416815 9271516712.649334 14634789796.20518 22226595017.98761 32537206722.76923 45957779177.20845 11024236653.95319 10465636834.33433 10217879910.78639 10192013330.78286 10325335161.05982 10575074914.86503
 1.985359011820582e-009 1930.975357180527 18627309.47920045 133326552.8911607 418683392.123217 942945787.4992296 1828041396.929677 3290354438.290492 5641312442.416815 9271516712.649334 14634789796.20518 22226595017.98761 32537206722.76923 45957779177.20845 11024236653.95319 10465636834.33433 10217879910.78639 10192013330.78286 10325335161.05982 10575074914.86503
 1.985359011820582e-009 1930.975357180527 18627309.47920045 133326552.8911607 418683392.123217 942945787.4992296 1828041396.929677 3290354438.290492 5641312442.416815 9271516712.649334 14634789796.20518 22226595017.98761 32537206722.76923 45957779177.20845 11024236653.95319 10465636834.33433 10217879910.78639 10192013330.78286 10325335161.05982 10575074914.86503
 1.730148774533133e-008 1930.975343885375 18627309.47920045 133326552.8911607 418683392.123217 942945787.4992296 1828041396.929677 3290354438.290492 5641312442.416815 9271516712.649334 14634789796.20518 22226595017.98761 32537206722.76923 45957779177.20845 11024236653.95319 10465636834.33433 10217879910.78639 10192013330.78286 10325335161.05982 10575074914.86503
 3.065088740618094e-009 1930.975336879689 18627309.47920045 133326552.8911607 418683392.123217 942945787.4992296 1828041396.929677 3290354438.290492 5641312442.416815 9271516712.649334 14634789796.20518 22226595017.98761 32537206722.76923 45957779177.20845 11024236653.95319 10465636834.33433 10217879910.78639 10192013330.78286 10325335161.05982 10575074914.86503
 1.757426666232789e-008 1930.975340294351 18627309.47920045 133326552.8911607 418683392.123217 942945787.4992296 1828041396.929677 3290354438.290492 5641312442.416815 9271516712.649334 14634789796.20518 22226595017.98761 32537206722.76923 45957779177.20845 11024236653.95319 10465636834.33433 10217879910.78639 10192013330.78286 10325335161.05982 10575074914.86503
 1.05325486903424e-007 1930.975349227876 18627309.47920045 133326552.8911607 418683392.123217 942945787.4992296 1828041396.929677 3290354438.290492 5641312442.416815 9271516712.649334 14634789796.20518 22226595017.98761 32537206722.76923 45957779177.20845 11024236653.95319 10465636834.33433 10217879910.78639 10192013330.78286 10325335161.05982 10575074914.86503
 1.362337241075914e-010 1930.975337549595 18627309.47920045 133326552.8911607 418683392.123217 942945787.4992296 1828041396.929677 3290354438.290492 5641312442.416815 9271516712.649334 14634789796.20518 22226595017.98761 32537206722.76923 45957779177.20845 11024236653.95319 10465636834.33433 10217879910.78639 10192013330.78286 10325335161.05982 10575074914.86503
 2.084471075177245e-008 1930.975338946201 18627309.47920045 133326552.8911607 418683392.123217 942945787.4992296 1828041396.929677 3290354438.290492 5641312442.416815 9271516712.649334 14634789796.20518 22226595017.98761 32537206722.76923 45957779177.20845 11024236653.95319 10465636834.33433 10217879910.78639 10192013330.78286 10325335161.05982 10575074914.86503
 1.530406657349078e-007 1930.975319320018 18627309.47920045 133326552.8911607 418683392.123217 942945787.4992296 1828041396.929677 3290354438.290492 5641312442.416815 9271516712.649334 14634789796.20518 22226595017.98761 32537206722.76923 45957779177.20845 11024236653.95319 10465636834.33433 10217879910.78639 10192013330.78286 10325335161.05982 10575074914.86503
 3.817785497375761e-008 1930.975318715934 18627309.47920045 133326552.8911607 418683392.123217 942945787.4992296 1828041396.929677 3290354438.290492 5641312442.416815 9271516712.649334 14634789796.20518 22226595017.98761 32537206722.76923 45957779177.20845 11024236653.95319 10465636834.33433 10217879910.78639 10192013330.78286 10325335161.05982 10575074914.86503
 1.20622607331586e-011 1930.975335975031 18627309.47920045 133326552.8911607 418683392.123217 942945787.4992296 1828041396.929677 3290354438.290492 5641312442.416815 9271516712.649334 14634789796.20518 22226595017.98761 32537206722.76923 45957779177.20845 11024236653.95319 10465636834.33433 10217879910.78639 10192013330.78286 10325335161.05982 10575074914.86503
 135287.9781942135 1930.975330608271 18627309.47920045 133326552.8911607 418683392.123217 942945787.4992296 1828041396.929677 3290354438.290492 5641312442.416815 9271516712.649334 14634789796.20518 22226595017.98761 32537206722.76923 45957779177.20845 11024236653.95319 10465636834.33433 10217879910.78639 10192013330.78286 10325335161.05982 10575074914.86503
 7033.252964378726 1930.975325148189 18627309.47920045 133326552.8911607 418683392.123217 942945787.4992296 1828041396.929677 3290354438.290492 5641312442.416815 9271516712.649334 14634789796.20518 22226595017.98761 32537206722.76923 45957779177.20845 11024236653.95319 10465636834.33433 10217879910.78639 10192013330.78286 10325335161.05982 10575074914.86503
 22996.42716610835 1930.97536819538 18627309.47920045 133326552.8911607 418683392.123217 942945787.4992296 1828041396.929677 3290354438.290492 5641312442.416815 9271516712.649334 14634789796.20518 22226595017.98761 32537206722.76923 45957779177.20845 11024236653.95319 10465636834.33433 10217879910.78639 10192013330.78286 10325335161.05982 10575074914.86503
 585.4213281850961 1930.975348550449 18627309.47920045 133326552.8911607 418683392.123217 942945787.4992296 1828041396.929677 3290354438.290492 5641312442.416815 9271516712.649334 14634789796.20518 22226595017.98761 32537206722.76923 45957779177.20845 11024236653.95319 10465636834.33433 10217879910.78639 10192013330.78286 10325335161.05982 10575074914.86503
