# Created by Octave 3.6.4, Sat Mar 08 07:56:11 2014 N. Central Asia Standard Time <unknown@OShulyakov>
# name: HighCv
# type: matrix
# rows: 50
# columns: 20
 2.098697008042537e-008 1587.670450554285 18928977.86057486 134652387.0791601 421849834.0268061 948738937.2587934 1837560267.307107 3305629268.365653 5665941750.929154 9311178169.947641 14697560400.7748 22323055383.16524 32680293415.14886 46162263213.58091 11074552584.46353 10512168910.25896 10261828201.39099 10234375970.424 10366924490.55511 10616543763.43526
 2.098697008042537e-008 1587.670450554285 18928977.86057486 134652387.0791601 421849834.0268061 948738937.2587934 1837560267.307107 3305629268.365653 5665941750.929154 9311178169.947641 14697560400.7748 22323055383.16524 32680293415.14886 46162263213.58091 11074552584.46353 10512168910.25896 10261828201.39099 10234375970.424 10366924490.55511 10616543763.43526
 2.098697008042537e-008 1587.670450554285 18928977.86057486 134652387.0791601 421849834.0268061 948738937.2587934 1837560267.307107 3305629268.365653 5665941750.929154 9311178169.947641 14697560400.7748 22323055383.16524 32680293415.14886 46162263213.58091 11074552584.46353 10512168910.25896 10261828201.39099 10234375970.424 10366924490.55511 10616543763.43526
 2.098697008042537e-008 1587.670450554285 18928977.86057486 134652387.0791601 421849834.0268061 948738937.2587934 1837560267.307107 3305629268.365653 5665941750.929154 9311178169.947641 14697560400.7748 22323055383.16524 32680293415.14886 46162263213.58091 11074552584.46353 10512168910.25896 10261828201.39099 10234375970.424 10366924490.55511 10616543763.43526
 2.098697008042537e-008 1587.670450554285 18928977.86057486 134652387.0791601 421849834.0268061 948738937.2587934 1837560267.307107 3305629268.365653 5665941750.929154 9311178169.947641 14697560400.7748 22323055383.16524 32680293415.14886 46162263213.58091 11074552584.46353 10512168910.25896 10261828201.39099 10234375970.424 10366924490.55511 10616543763.43526
 2.098697008042537e-008 1587.670450554285 18928977.86057486 134652387.0791601 421849834.0268061 948738937.2587934 1837560267.307107 3305629268.365653 5665941750.929154 9311178169.947641 14697560400.7748 22323055383.16524 32680293415.14886 46162263213.58091 11074552584.46353 10512168910.25896 10261828201.39099 10234375970.424 10366924490.55511 10616543763.43526
 4.40030568515249e-008 1587.670372036435 18928977.86057486 134652387.0791601 421849834.0268061 948738937.2587934 1837560267.307107 3305629268.365653 5665941750.929154 9311178169.947641 14697560400.7748 22323055383.16524 32680293415.14886 46162263213.58091 11074552584.46353 10512168910.25896 10261828201.39099 10234375970.424 10366924490.55511 10616543763.43526
 4.40030568515249e-008 1587.670372036435 18928977.86057486 134652387.0791601 421849834.0268061 948738937.2587934 1837560267.307107 3305629268.365653 5665941750.929154 9311178169.947641 14697560400.7748 22323055383.16524 32680293415.14886 46162263213.58091 11074552584.46353 10512168910.25896 10261828201.39099 10234375970.424 10366924490.55511 10616543763.43526
 1.109805851992732e-009 1587.670466819634 18928977.86057486 134652387.0791601 421849834.0268061 948738937.2587934 1837560267.307107 3305629268.365653 5665941750.929154 9311178169.947641 14697560400.7748 22323055383.16524 32680293415.14886 46162263213.58091 11074552584.46353 10512168910.25896 10261828201.39099 10234375970.424 10366924490.55511 10616543763.43526
 4.86462701065027e-008 1587.670520748182 18928977.86057486 134652387.0791601 421849834.0268061 948738937.2587934 1837560267.307107 3305629268.365653 5665941750.929154 9311178169.947641 14697560400.7748 22323055383.16524 32680293415.14886 46162263213.58091 11074552584.46353 10512168910.25896 10261828201.39099 10234375970.424 10366924490.55511 10616543763.43526
 9.976638357885092e-010 1587.670494355332 18928977.86057486 134652387.0791601 421849834.0268061 948738937.2587934 1837560267.307107 3305629268.365653 5665941750.929154 9311178169.947641 14697560400.7748 22323055383.16524 32680293415.14886 46162263213.58091 11074552584.46353 10512168910.25896 10261828201.39099 10234375970.424 10366924490.55511 10616543763.43526
 6.596678792969114e-008 1587.670431852489 18928977.86057486 134652387.0791601 421849834.0268061 948738937.2587934 1837560267.307107 3305629268.365653 5665941750.929154 9311178169.947641 14697560400.7748 22323055383.16524 32680293415.14886 46162263213.58091 11074552584.46353 10512168910.25896 10261828201.39099 10234375970.424 10366924490.55511 10616543763.43526
 9.017244639194498e-011 1587.670511797074 18928977.86057486 134652387.0791601 421849834.0268061 948738937.2587934 1837560267.307107 3305629268.365653 5665941750.929154 9311178169.947641 14697560400.7748 22323055383.16524 32680293415.14886 46162263213.58091 11074552584.46353 10512168910.25896 10261828201.39099 10234375970.424 10366924490.55511 10616543763.43526
 1.522762283567257e-007 1587.670500378671 18928977.86057486 134652387.0791601 421849834.0268061 948738937.2587934 1837560267.307107 3305629268.365653 5665941750.929154 9311178169.947641 14697560400.7748 22323055383.16524 32680293415.14886 46162263213.58091 11074552584.46353 10512168910.25896 10261828201.39099 10234375970.424 10366924490.55511 10616543763.43526
 3.044320046128597e-007 1587.670633561979 18928977.86057486 134652387.0791601 421849834.0268061 948738937.2587934 1837560267.307107 3305629268.365653 5665941750.929154 9311178169.947641 14697560400.7748 22323055383.16524 32680293415.14886 46162263213.58091 11074552584.46353 10512168910.25896 10261828201.39099 10234375970.424 10366924490.55511 10616543763.43526
 4.994101834078668e-008 1587.670634175569 18928977.86057486 134652387.0791601 421849834.0268061 948738937.2587934 1837560267.307107 3305629268.365653 5665941750.929154 9311178169.947641 14697560400.7748 22323055383.16524 32680293415.14886 46162263213.58091 11074552584.46353 10512168910.25896 10261828201.39099 10234375970.424 10366924490.55511 10616543763.43526
 4.772523310268045e-010 1587.670519028525 18928977.86057486 134652387.0791601 421849834.0268061 948738937.2587934 1837560267.307107 3305629268.365653 5665941750.929154 9311178169.947641 14697560400.7748 22323055383.16524 32680293415.14886 46162263213.58091 11074552584.46353 10512168910.25896 10261828201.39099 10234375970.424 10366924490.55511 10616543763.43526
 135871.2517899509 1587.670560376107 18928977.86057486 134652387.0791601 421849834.0268061 948738937.2587934 1837560267.307107 3305629268.365653 5665941750.929154 9311178169.947641 14697560400.7748 22323055383.16524 32680293415.14886 46162263213.58091 11074552584.46353 10512168910.25896 10261828201.39099 10234375970.424 10366924490.55511 10616543763.43526
 7064.05685952256 1587.670596550009 18928977.86057486 134652387.0791601 421849834.0268061 948738937.2587934 1837560267.307107 3305629268.365653 5665941750.929154 9311178169.947641 14697560400.7748 22323055383.16524 32680293415.14886 46162263213.58091 11074552584.46353 10512168910.25896 10261828201.39099 10234375970.424 10366924490.55511 10616543763.43526
 23096.56445071116 1587.670309378564 18928977.86057486 134652387.0791601 421849834.0268061 948738937.2587934 1837560267.307107 3305629268.365653 5665941750.929154 9311178169.947641 14697560400.7748 22323055383.16524 32680293415.14886 46162263213.58091 11074552584.46353 10512168910.25896 10261828201.39099 10234375970.424 10366924490.55511 10616543763.43526
 587.9713697755665 1587.670431014592 18928977.86057486 134652387.0791601 421849834.0268061 948738937.2587934 1837560267.307107 3305629268.365653 5665941750.929154 9311178169.947641 14697560400.7748 22323055383.16524 32680293415.14886 46162263213.58091 11074552584.46353 10512168910.25896 10261828201.39099 10234375970.424 10366924490.55511 10616543763.43526
