# Created by Octave 3.6.4, Sat Mar 08 07:56:11 2014 N. Central Asia Standard Time <unknown@OShulyakov>
# name: HighTr
# type: matrix
# rows: 50
# columns: 20
 2.191524757516997e-009 298.0333648722533 2230428.667994469 19528412.28585932 73284605.729241 185329303.3348683 371356571.9048274 638473635.4683306 985905418.23461 1407046060.794549 1891712766.303685 2428113685.456596 3004318296.88742 3609099410.057885 9516940315.247721 9690832264.000353 9823582874.794052 9925857533.843924 10005459377.40834 10068086166.06662
 2.191524757516997e-009 298.0333648722533 2230428.667994469 19528412.28585932 73284605.729241 185329303.3348683 371356571.9048274 638473635.4683306 985905418.23461 1407046060.794549 1891712766.303685 2428113685.456596 3004318296.88742 3609099410.057885 9516940315.247721 9690832264.000353 9823582874.794052 9925857533.843924 10005459377.40834 10068086166.06662
 2.191524757516997e-009 298.0333648722533 2230428.667994469 19528412.28585932 73284605.729241 185329303.3348683 371356571.9048274 638473635.4683306 985905418.23461 1407046060.794549 1891712766.303685 2428113685.456596 3004318296.88742 3609099410.057885 9516940315.247721 9690832264.000353 9823582874.794052 9925857533.843924 10005459377.40834 10068086166.06662
 2.191524757516997e-009 298.0333648722533 2230428.667994469 19528412.28585932 73284605.729241 185329303.3348683 371356571.9048274 638473635.4683306 985905418.23461 1407046060.794549 1891712766.303685 2428113685.456596 3004318296.88742 3609099410.057885 9516940315.247721 9690832264.000353 9823582874.794052 9925857533.843924 10005459377.40834 10068086166.06662
 2.191524757516997e-009 298.0333648722533 2230428.667994469 19528412.28585932 73284605.729241 185329303.3348683 371356571.9048274 638473635.4683306 985905418.23461 1407046060.794549 1891712766.303685 2428113685.456596 3004318296.88742 3609099410.057885 9516940315.247721 9690832264.000353 9823582874.794052 9925857533.843924 10005459377.40834 10068086166.06662
 2.191524757516997e-009 298.0333648722533 2230428.667994469 19528412.28585932 73284605.729241 185329303.3348683 371356571.9048274 638473635.4683306 985905418.23461 1407046060.794549 1891712766.303685 2428113685.456596 3004318296.88742 3609099410.057885 9516940315.247721 9690832264.000353 9823582874.794052 9925857533.843924 10005459377.40834 10068086166.06662
 5.085433180914054e-009 298.033364872269 2230428.667994469 19528412.28585932 73284605.729241 185329303.3348683 371356571.9048274 638473635.4683306 985905418.23461 1407046060.794549 1891712766.303685 2428113685.456596 3004318296.88742 3609099410.057885 9516940315.247721 9690832264.000353 9823582874.794052 9925857533.843924 10005459377.40834 10068086166.06662
 5.085433180914054e-009 298.033364872269 2230428.667994469 19528412.28585932 73284605.729241 185329303.3348683 371356571.9048274 638473635.4683306 985905418.23461 1407046060.794549 1891712766.303685 2428113685.456596 3004318296.88742 3609099410.057885 9516940315.247721 9690832264.000353 9823582874.794052 9925857533.843924 10005459377.40834 10068086166.06662
 1.797102084736317e-010 298.0333648722484 2230428.667994469 19528412.28585932 73284605.729241 185329303.3348683 371356571.9048274 638473635.4683306 985905418.23461 1407046060.794549 1891712766.303685 2428113685.456596 3004318296.88742 3609099410.057885 9516940315.247721 9690832264.000353 9823582874.794052 9925857533.843924 10005459377.40834 10068086166.06662
 5.462338982605459e-009 298.0333648722849 2230428.667994469 19528412.28585932 73284605.729241 185329303.3348683 371356571.9048274 638473635.4683306 985905418.23461 1407046060.794549 1891712766.303685 2428113685.456596 3004318296.88742 3609099410.057885 9516940315.247721 9690832264.000353 9823582874.794052 9925857533.843924 10005459377.40834 10068086166.06662
 1.562289161001901e-010 298.0333648722639 2230428.667994469 19528412.28585932 73284605.729241 185329303.3348683 371356571.9048274 638473635.4683306 985905418.23461 1407046060.794549 1891712766.303685 2428113685.456596 3004318296.88742 3609099410.057885 9516940315.247721 9690832264.000353 9823582874.794052 9925857533.843924 10005459377.40834 10068086166.06662
 7.807905292478563e-009 298.0333648722332 2230428.667994469 19528412.28585932 73284605.729241 185329303.3348683 371356571.9048274 638473635.4683306 985905418.23461 1407046060.794549 1891712766.303685 2428113685.456596 3004318296.88742 3609099410.057885 9516940315.247721 9690832264.000353 9823582874.794052 9925857533.843924 10005459377.40834 10068086166.06662
 2.937064417641304e-011 298.0333648722726 2230428.667994469 19528412.28585932 73284605.729241 185329303.3348683 371356571.9048274 638473635.4683306 985905418.23461 1407046060.794549 1891712766.303685 2428113685.456596 3004318296.88742 3609099410.057885 9516940315.247721 9690832264.000353 9823582874.794052 9925857533.843924 10005459377.40834 10068086166.06662
 1.9164509084718e-008 298.0333648722592 2230428.667994469 19528412.28585932 73284605.729241 185329303.3348683 371356571.9048274 638473635.4683306 985905418.23461 1407046060.794549 1891712766.303685 2428113685.456596 3004318296.88742 3609099410.057885 9516940315.247721 9690832264.000353 9823582874.794052 9925857533.843924 10005459377.40834 10068086166.06662
 3.671369133671759e-008 298.0333648722782 2230428.667994469 19528412.28585932 73284605.729241 185329303.3348683 371356571.9048274 638473635.4683306 985905418.23461 1407046060.794549 1891712766.303685 2428113685.456596 3004318296.88742 3609099410.057885 9516940315.247721 9690832264.000353 9823582874.794052 9925857533.843924 10005459377.40834 10068086166.06662
 6.675443106061826e-009 298.0333648723069 2230428.667994469 19528412.28585932 73284605.729241 185329303.3348683 371356571.9048274 638473635.4683306 985905418.23461 1407046060.794549 1891712766.303685 2428113685.456596 3004318296.88742 3609099410.057885 9516940315.247721 9690832264.000353 9823582874.794052 9925857533.843924 10005459377.40834 10068086166.06662
 8.9673890438012e-011 298.0333648722731 2230428.667994469 19528412.28585932 73284605.729241 185329303.3348683 371356571.9048274 638473635.4683306 985905418.23461 1407046060.794549 1891712766.303685 2428113685.456596 3004318296.88742 3609099410.057885 9516940315.247721 9690832264.000353 9823582874.794052 9925857533.843924 10005459377.40834 10068086166.06662
 85573.94351134832 298.0333648723013 2230428.667994469 19528412.28585932 73284605.729241 185329303.3348683 371356571.9048274 638473635.4683306 985905418.23461 1407046060.794549 1891712766.303685 2428113685.456596 3004318296.88742 3609099410.057885 9516940315.247721 9690832264.000353 9823582874.794052 9925857533.843924 10005459377.40834 10068086166.06662
 4456.099042493594 298.0333648722892 2230428.667994469 19528412.28585932 73284605.729241 185329303.3348683 371356571.9048274 638473635.4683306 985905418.23461 1407046060.794549 1891712766.303685 2428113685.456596 3004318296.88742 3609099410.057885 9516940315.247721 9690832264.000353 9823582874.794052 9925857533.843924 10005459377.40834 10068086166.06662
 14543.00279886661 298.033364876306 2230428.667994469 19528412.28585932 73284605.729241 185329303.3348683 371356571.9048274 638473635.4683306 985905418.23461 1407046060.794549 1891712766.303685 2428113685.456596 3004318296.88742 3609099410.057885 9516940315.247721 9690832264.000353 9823582874.794052 9925857533.843924 10005459377.40834 10068086166.06662
 369.2143732742462 298.0333648763014 2230428.667994469 19528412.28585932 73284605.729241 185329303.3348683 371356571.9048274 638473635.4683306 985905418.23461 1407046060.794549 1891712766.303685 2428113685.456596 3004318296.88742 3609099410.057885 9516940315.247721 9690832264.000353 9823582874.794052 9925857533.843924 10005459377.40834 10068086166.06662
