# Created by Octave 3.6.4, Sat Mar 08 07:56:11 2014 N. Central Asia Standard Time <unknown@OShulyakov>
# name: LowCv
# type: matrix
# rows: 50
# columns: 20
 1.656787303182681e-008 1729.183516346397 18385850.54605894 132223499.3937338 415937018.7124296 937665909.8684326 1818898555.973076 3275033874.218204 5615965240.89154 9230326522.664553 14569704739.00232 22127238794.02592 32391009176.74444 45750472027.93105 10975139592.20304 10420497177.48682 10175231439.03115 10150702883.01848 10284474643.46793 10533986297.831
 1.656787303182681e-008 1729.183516346397 18385850.54605894 132223499.3937338 415937018.7124296 937665909.8684326 1818898555.973076 3275033874.218204 5615965240.89154 9230326522.664553 14569704739.00232 22127238794.02592 32391009176.74444 45750472027.93105 10975139592.20304 10420497177.48682 10175231439.03115 10150702883.01848 10284474643.46793 10533986297.831
 1.656787303182681e-008 1729.183516346397 18385850.54605894 132223499.3937338 415937018.7124296 937665909.8684326 1818898555.973076 3275033874.218204 5615965240.89154 9230326522.664553 14569704739.00232 22127238794.02592 32391009176.74444 45750472027.93105 10975139592.20304 10420497177.48682 10175231439.03115 10150702883.01848 10284474643.46793 10533986297.831
 1.656787303182681e-008 1729.183516346397 18385850.54605894 132223499.3937338 415937018.7124296 937665909.8684326 1818898555.973076 3275033874.218204 5615965240.89154 9230326522.664553 14569704739.00232 22127238794.02592 32391009176.74444 45750472027.93105 10975139592.20304 10420497177.48682 10175231439.03115 10150702883.01848 10284474643.46793 10533986297.831
 1.656787303182681e-008 1729.183516346397 18385850.54605894 132223499.3937338 415937018.7124296 937665909.8684326 1818898555.973076 3275033874.218204 5615965240.89154 9230326522.664553 14569704739.00232 22127238794.02592 32391009176.74444 45750472027.93105 10975139592.20304 10420497177.48682 10175231439.03115 10150702883.01848 10284474643.46793 10533986297.831
 1.656787303182681e-008 1729.183516346397 18385850.54605894 132223499.3937338 415937018.7124296 937665909.8684326 1818898555.973076 3275033874.218204 5615965240.89154 9230326522.664553 14569704739.00232 22127238794.02592 32391009176.74444 45750472027.93105 10975139592.20304 10420497177.48682 10175231439.03115 10150702883.01848 10284474643.46793 10533986297.831
 4.097466610583177e-009 1729.183591533984 18385850.54605894 132223499.3937338 415937018.7124296 937665909.8684326 1818898555.973076 3275033874.218204 5615965240.89154 9230326522.664553 14569704739.00232 22127238794.02592 32391009176.74444 45750472027.93105 10975139592.20304 10420497177.48682 10175231439.03115 10150702883.01848 10284474643.46793 10533986297.831
 4.097466610583177e-009 1729.183591533984 18385850.54605894 132223499.3937338 415937018.7124296 937665909.8684326 1818898555.973076 3275033874.218204 5615965240.89154 9230326522.664553 14569704739.00232 22127238794.02592 32391009176.74444 45750472027.93105 10975139592.20304 10420497177.48682 10175231439.03115 10150702883.01848 10284474643.46793 10533986297.831
 5.746195634820531e-008 1729.183501053248 18385850.54605894 132223499.3937338 415937018.7124296 937665909.8684326 1818898555.973076 3275033874.218204 5615965240.89154 9230326522.664553 14569704739.00232 22127238794.02592 32391009176.74444 45750472027.93105 10975139592.20304 10420497177.48682 10175231439.03115 10150702883.01848 10284474643.46793 10533986297.831
 2.841220000772628e-009 1729.183449515322 18385850.54605894 132223499.3937338 415937018.7124296 937665909.8684326 1818898555.973076 3275033874.218204 5615965240.89154 9230326522.664553 14569704739.00232 22127238794.02592 32391009176.74444 45750472027.93105 10975139592.20304 10420497177.48682 10175231439.03115 10150702883.01848 10284474643.46793 10533986297.831
 1.394920982028396e-007 1729.183474687908 18385850.54605894 132223499.3937338 415937018.7124296 937665909.8684326 1818898555.973076 3275033874.218204 5615965240.89154 9230326522.664553 14569704739.00232 22127238794.02592 32391009176.74444 45750472027.93105 10975139592.20304 10420497177.48682 10175231439.03115 10150702883.01848 10284474643.46793 10533986297.831
 2.369679395118746e-009 1729.183534497345 18385850.54605894 132223499.3937338 415937018.7124296 937665909.8684326 1818898555.973076 3275033874.218204 5615965240.89154 9230326522.664553 14569704739.00232 22127238794.02592 32391009176.74444 45750472027.93105 10975139592.20304 10420497177.48682 10175231439.03115 10150702883.01848 10284474643.46793 10533986297.831
 9.099187133697715e-009 1729.183457975965 18385850.54605894 132223499.3937338 415937018.7124296 937665909.8684326 1818898555.973076 3275033874.218204 5615965240.89154 9230326522.664553 14569704739.00232 22127238794.02592 32391009176.74444 45750472027.93105 10975139592.20304 10420497177.48682 10175231439.03115 10150702883.01848 10284474643.46793 10533986297.831
 4.149012862595993e-008 1729.183468850911 18385850.54605894 132223499.3937338 415937018.7124296 937665909.8684326 1818898555.973076 3275033874.218204 5615965240.89154 9230326522.664553 14569704739.00232 22127238794.02592 32391009176.74444 45750472027.93105 10975139592.20304 10420497177.48682 10175231439.03115 10150702883.01848 10284474643.46793 10533986297.831
 1.893832131871588e-008 1729.183341429021 18385850.54605894 132223499.3937338 415937018.7124296 937665909.8684326 1818898555.973076 3275033874.218204 5615965240.89154 9230326522.664553 14569704739.00232 22127238794.02592 32391009176.74444 45750472027.93105 10975139592.20304 10420497177.48682 10175231439.03115 10150702883.01848 10284474643.46793 10533986297.831
 6.523722931213036e-007 1729.183340632358 18385850.54605894 132223499.3937338 415937018.7124296 937665909.8684326 1818898555.973076 3275033874.218204 5615965240.89154 9230326522.664553 14569704739.00232 22127238794.02592 32391009176.74444 45750472027.93105 10975139592.20304 10420497177.48682 10175231439.03115 10150702883.01848 10284474643.46793 10533986297.831
 1.264132092776967e-007 1729.183451132122 18385850.54605894 132223499.3937338 415937018.7124296 937665909.8684326 1818898555.973076 3275033874.218204 5615965240.89154 9230326522.664553 14569704739.00232 22127238794.02592 32391009176.74444 45750472027.93105 10975139592.20304 10420497177.48682 10175231439.03115 10150702883.01848 10284474643.46793 10533986297.831
 134697.1164619378 1729.18341147184 18385850.54605894 132223499.3937338 415937018.7124296 937665909.8684326 1818898555.973076 3275033874.218204 5615965240.89154 9230326522.664553 14569704739.00232 22127238794.02592 32391009176.74444 45750472027.93105 10975139592.20304 10420497177.48682 10175231439.03115 10150702883.01848 10284474643.46793 10533986297.831
 7002.319430157796 1729.183376866721 18385850.54605894 132223499.3937338 415937018.7124296 937665909.8684326 1818898555.973076 3275033874.218204 5615965240.89154 9230326522.664553 14569704739.00232 22127238794.02592 32391009176.74444 45750472027.93105 10975139592.20304 10420497177.48682 10175231439.03115 10150702883.01848 10284474643.46793 10533986297.831
 22895.44958823143 1729.183651319269 18385850.54605894 132223499.3937338 415937018.7124296 937665909.8684326 1818898555.973076 3275033874.218204 5615965240.89154 9230326522.664553 14569704739.00232 22127238794.02592 32391009176.74444 45750472027.93105 10975139592.20304 10420497177.48682 10175231439.03115 10150702883.01848 10284474643.46793 10533986297.831
 582.830301160144 1729.183534864676 18385850.54605894 132223499.3937338 415937018.7124296 937665909.8684326 1818898555.973076 3275033874.218204 5615965240.89154 9230326522.664553 14569704739.00232 22127238794.02592 32391009176.74444 45750472027.93105 10975139592.20304 10420497177.48682 10175231439.03115 10150702883.01848 10284474643.46793 10533986297.831
