# Created by Octave 3.6.4, Tue Mar 11 12:45:17 2014 N. Central Asia Standard Time <unknown@OShulyakov>
# name: OpenCv
# type: matrix
# rows: 50
# columns: 18
 1.471969106519194e-024 2.192011083249373e-014 3.068045095779421e-014 8.767713453202198e-015 2.235677704988153e-011 1.629419262313993e-010 1.414881304305914e-011 3.728891726445191e-012 2.956055820246596e-012 1.313634709344756e-015 3.099280020625038e-015 1.812944966210721e-014 2.178761135764491e-014 2.504102564904755e-014 3.757289891468146e-014 5.23833567730543e-014 8.35187428247168e-014 4.835953347552473e-013
 3.258989861958431e-013 1.602758243786302e-011 1.787818694234189e-011 8.487309252048371e-012 3.313997005550389e-012 1.566272744387762e-012 8.352440481241754e-013 1.020633276261919e-012 1.44483629133443e-012 1.839405494355411e-012 2.080778490621199e-012 2.095915963442971e-012 2.370322108832732e-012 1.586083088548492e-012 1.457816997770886e-012 1.05150485970865e-012 7.692965577520004e-013 1.398622498778728e-012
 1.299879378580424e-012 1.99920720343826e-011 3.096260569558543e-011 1.976676267592093e-011 8.849158434690083e-012 3.647735946687659e-012 1.796957946086414e-012 1.449561844535615e-012 1.749809135533698e-012 2.324354725679542e-012 2.90764156182042e-012 3.265632529521143e-012 3.355149162314576e-012 3.140561934680911e-012 2.724078153807491e-012 2.226330656152717e-012 1.781992609027631e-012 1.400295148279527e-012
 5.169226206278535e-012 2.311461719482401e-011 4.808660571603822e-011 4.051446626348294e-011 2.276899316652644e-011 1.069417213817385e-011 5.030017382610212e-012 2.909753356922875e-012 2.477008284247299e-012 2.869967030049382e-012 3.62304694041084e-012 4.423222284092445e-012 5.027187052962041e-012 5.226499723933802e-012 5.059350689919138e-012 4.598058835718887e-012 3.94077562450378e-012 3.272997537267223e-012
 2.045708087574324e-011 2.539407472243372e-011 6.573313291967003e-011 7.13313908607773e-011 5.067799090910597e-011 2.863050776412871e-011 1.469137518617022e-011 7.707988293478108e-012 4.852537338341202e-012 4.167219049178581e-012 4.599968911548645e-012 5.569420506296912e-012 6.674256814423767e-012 7.586993665656604e-012 8.082160603932074e-012 8.086012983384302e-012 7.645697496406629e-012 6.856065679601055e-012
 8.01199065998351e-011 2.887143114628008e-011 8.046617585000258e-011 1.091946841915389e-010 9.637088093610893e-011 6.621721345659437e-011 3.933484737929331e-011 2.201824867497791e-011 1.262895170525643e-011 8.357808001576306e-012 7.00636182707093e-012 7.291439051953499e-012 8.435076552973752e-012 9.909699464468721e-012 1.128756934928475e-011 1.226362437537307e-011 1.263957241113881e-011 1.239750728916696e-011
 3.075706835966941e-010 3.909433259906612e-011 9.179932242482089e-011 1.475426527239954e-010 1.57728075544773e-010 1.306593591369055e-010 9.167347582405989e-011 5.800280974469289e-011 3.508477415047184e-011 2.163562876958884e-011 1.473328183046318e-011 1.194122485673733e-011 1.161802589388224e-011 1.272674320843608e-011 1.454420265911507e-011 1.651097336311414e-011 1.818475842618595e-011 1.925442412000293e-011
 1.137941494785167e-009 7.7626382501456e-011 1.02840882829264e-010 1.799487133443865e-010 2.26164363765749e-010 2.207917024710637e-010 1.81930833577574e-010 1.330826692551835e-010 8.995241314011853e-011 5.84910712987515e-011 3.828001050670608e-011 2.664654183468385e-011 2.089208659790862e-011 1.897633495478852e-011 1.946504397368905e-011 2.13527051976184e-011 2.38766807038785e-011 2.642454285419397e-011
 3.952521729923847e-009 2.255439914696393e-010 1.260605509634463e-010 2.058625556565746e-010 2.896466644627053e-010 3.259231692591459e-010 3.093665912064567e-010 2.602026164074088e-010 2.000013420690764e-010 1.441374990992524e-010 1.001434409948164e-010 6.91954295083898e-011 4.934163894401502e-011 3.787786565500421e-011 3.234437358391627e-011 3.083438064829422e-011 3.193561616653035e-011 3.457885026840413e-011
 1.249980834038545e-008 7.751864900369491e-010 2.05155725772579e-010 2.364291427109878e-010 3.414929578985773e-010 4.280368722466741e-010 4.594739181271065e-010 4.366209992906366e-010 3.78903182717031e-010 3.063702624537137e-010 2.347008529691835e-010 1.734707477143026e-010 1.26334719562918e-010 9.292023403819281e-011 7.103954292445677e-011 5.807341825131882e-011 5.167784350779191e-011 4.993281817656203e-011
 3.546569267172477e-008 2.692410628230363e-009 4.988866159579293e-010 3.120482958686622e-010 3.926939520813668e-010 5.145291115063458e-010 6.072932633576127e-010 6.415212642503202e-010 6.185622979606779e-010 5.556626363184536e-010 4.717047774622041e-010 3.82507391737044e-010 2.997196133323188e-010 2.300453123293291e-010 1.757433511111996e-010 1.361759996464381e-010 1.092596860127627e-010 9.251547638708801e-011
 9.238752887830354e-008 8.747427106624346e-009 1.556012985616188e-009 5.744651203224975e-010 4.922602070464455e-010 5.983175706777948e-010 7.356363569180588e-010 8.417396991870436e-010 8.884797139557458e-010 8.740986508250819e-010 8.124908439292212e-010 7.211527295610776e-010 6.158684818949557e-010 5.096465760053051e-010 4.120310444518149e-010 3.287230536243125e-010 2.618920021233366e-010 2.112183292101217e-010
 2.276873466373087e-007 2.564777552323799e-008 5.072302267699489e-009 1.512031458739478e-009 8.093422911617053e-010 7.497235489972605e-010 8.663521529062552e-010 1.019573541493668e-009 1.14705558810648e-009 1.217787179475987e-009 1.22412640859124e-009 1.174685887430369e-009 1.084721618811819e-009 9.696746738668412e-010 8.431101761656314e-010 7.164230050062109e-010 5.983905238849053e-010 4.947739348253546e-010
 5.161952109494413e-007 6.83603306284079e-008 1.549973113011898e-008 4.651072546213718e-009 1.913844208989552e-009 1.20979559956945e-009 1.113752219367529e-009 1.221231219213304e-009 1.386755777772947e-009 1.541359327945726e-009 1.647689098936031e-009 1.689897969319129e-009 1.668808628342614e-009 1.595177011087824e-009 1.483124581580832e-009 1.346332783888792e-009 1.196985608656601e-009 1.04562413676155e-009
 1.009455220886093e-006 1.714677129510615e-007 4.297162295013006e-008 1.406767510131315e-008 5.5502688975345e-009 2.766232329048998e-009 1.863134230941106e-009 1.650105545356491e-009 1.70960691830211e-009 1.870976342122444e-009 2.050129447350221e-009 2.199369905528337e-009 2.292518517159268e-009 2.319987646374636e-009 2.284590018634163e-009 2.196372088450987e-009 2.067936575799206e-009 1.911705994398479e-009
 1.648643030972171e-006 4.021486487758736e-007 1.105362215235878e-007 3.912992823477172e-008 1.62749126326379e-008 7.729138126228114e-009 4.323014686514365e-009 2.969304117072434e-009 2.498700771300525e-009 2.428736420891948e-009 2.540314729941533e-009 2.721326508148247e-009 2.907134065749957e-009 3.058302492424872e-009 3.15256453215783e-009 3.181216729070219e-009 3.145801629148861e-009 3.054310360329887e-009
 2.279108674005686e-006 8.296816085334858e-007 2.692397554939488e-007 1.010468874804863e-007 4.44491722071256e-008 2.185933643537964e-008 1.182534380467033e-008 7.143389398458163e-009 4.942592514497311e-009 3.957188547557955e-009 3.59133942714958e-009 3.546915252012443e-009 3.663616599793216e-009 3.847809518640824e-009 4.040656335723363e-009 4.204178685848871e-009 4.315277525374048e-009 4.362692029079889e-009
 2.770720985701641e-006 1.436329548975482e-006 5.960438829681196e-007 2.474986377555966e-007 1.136919880868811e-007 5.807510236532288e-008 3.22306538049057e-008 1.919033028051669e-008 1.230475334814675e-008 8.608909863738588e-009 6.648056945555039e-009 5.662688351788614e-009 5.237488805318728e-009 5.134940548569443e-009 5.212139074942855e-009 5.378220810090216e-009 5.572554904860726e-009 5.753793585779032e-009
