# Created by Octave 3.6.4, Tue Mar 11 12:45:17 2014 N. Central Asia Standard Time <unknown@OShulyakov>
# name: CloseTst
# type: matrix
# rows: 50
# columns: 18
 1.804617953864441e-024 2.196063943765117e-014 3.220893630367022e-014 2.210046932921892e-014 2.228732880352871e-011 1.630348789767287e-010 1.410505721929723e-011 3.729800341108257e-012 2.95632097657652e-012 3.40144138234115e-015 7.364234816763631e-015 2.872951134337132e-014 3.847720075930059e-014 6.282797336472965e-014 9.83716409295342e-014 1.627566505641209e-013 2.746900141918233e-013 8.204221030569434e-013
 7.003061925570293e-013 8.367935237697893e-011 7.95571672146306e-011 3.290429462866495e-011 1.122074280394771e-011 4.640171696528754e-012 3.091254390522214e-012 3.682050281445063e-012 4.96635262137673e-012 6.04441339707504e-012 6.452479480641487e-012 6.155452874027614e-012 5.825132520950988e-012 4.284179473297321e-012 3.422489998244765e-012 2.426194225945877e-012 1.714582765467006e-012 8.786009392334528e-012
 2.793590585904233e-012 1.081703901126372e-010 1.500365634909318e-010 8.44556838227818e-011 3.419360616741019e-011 1.345546484517748e-011 6.699566168179362e-012 5.424708878791026e-012 6.383821386633982e-012 8.136353555374676e-012 9.666564109184753e-012 1.033143470968176e-011 1.008143124999384e-011 9.054380142930469e-012 7.604000429260679e-012 6.032791826384326e-012 4.597355606866194e-012 3.433822685783051e-012
 1.110919886751034e-011 1.262191216974319e-010 2.442246657297375e-010 1.846253128358509e-010 9.41054256946216e-011 4.137938235502144e-011 1.890625386034972e-011 1.096403942760571e-011 9.428467425833512e-012 1.066602013842962e-011 1.298220503609544e-011 1.515101763817226e-011 1.636682281005328e-011 1.626691221187655e-011 1.515133254642913e-011 1.335533045839712e-011 1.11463358884925e-011 8.984601258706524e-012
 4.393843759276475e-011 1.381540061464757e-010 3.470950508000979e-010 3.440039500437647e-010 2.23202837988233e-010 1.16432855675702e-010 5.66507078087325e-011 2.933617349876096e-011 1.869194784624884e-011 1.613633270704105e-011 1.745776151431493e-011 2.043177346397469e-011 2.351523330654652e-011 2.559422316008235e-011 2.612888548776435e-011 2.517680410054096e-011 2.309495610520699e-011 2.025940474170031e-011
 1.718845923059023e-010 1.482499239355031e-010 4.363161181332295e-010 5.548635223360774e-010 4.499629536193682e-010 2.860132267209245e-010 1.588710238469648e-010 8.518806611150069e-011 4.854421969900392e-011 3.257111157263352e-011 2.759025877870948e-011 2.834038484976864e-011 3.187104959209505e-011 3.611194797317241e-011 3.95617139327033e-011 4.133022746185499e-011 4.107861345925889e-011 3.909631965380829e-011
 6.583319043335026e-010 1.695274380728025e-010 4.999952146571044e-010 7.811049313965734e-010 7.795542994269569e-010 5.989283240366821e-010 3.921088137069579e-010 2.342727121035741e-010 1.369513485223091e-010 8.391991948673968e-011 5.800126692735001e-011 4.773356414217219e-011 4.634322875249957e-011 4.970926200291143e-011 5.508491122808247e-011 6.039782384302185e-011 6.417410999669186e-011 6.56277360697299e-011
 2.424576505382421e-009 2.476817121331045e-010 5.448489477520321e-010 9.739339085003522e-010 1.174082201501228e-009 1.074512385421985e-009 8.278754708854679e-010 5.69162683498965e-010 3.654633224216281e-010 2.302171121424274e-010 1.495650717973027e-010 1.055287969663587e-010 8.446020897446701e-011 7.740719478674884e-011 7.864529326298858e-011 8.430161406916699e-011 9.151053243702573e-011 9.805253945395447e-011
 8.346000231464256e-009 5.542667598283317e-010 6.002130291528264e-010 1.111949252853522e-009 1.550776885635271e-009 1.671906976601376e-009 1.497246189286524e-009 1.185105038661634e-009 8.606916705024166e-010 5.915011392815105e-010 3.981056630633523e-010 2.720646123655695e-010 1.958741479670616e-010 1.536377368154216e-010 1.337143781385353e-010 1.281065720459703e-010 1.312465561426684e-010 1.390380938206223e-010
 2.594392312449382e-008 1.707653712439486e-009 7.606734377904313e-010 1.21868453422641e-009 1.842442543864815e-009 2.274016720794099e-009 2.346796592861518e-009 2.117656849013002e-009 1.739127016840529e-009 1.334273113834882e-009 9.766176469106876e-010 6.98168047444399e-010 5.00215101600057e-010 3.688085687866771e-010 2.869868287620613e-010 2.402934141885562e-010 2.177870201867225e-010 2.114922747675897e-010
 7.143634545193643e-008 5.73056509865162e-009 1.362145409090078e-009 1.386218193886779e-009 2.055885049605097e-009 2.762297150265151e-009 3.212930733996936e-009 3.28115656766191e-009 3.024483823321981e-009 2.58534596987576e-009 2.089627041973588e-009 1.620924960664717e-009 1.225693263210315e-009 9.197516653798553e-010 6.980490877906432e-010 5.459679379173005e-010 4.474173003948434e-010 3.884259468239959e-010
 1.784239527517821e-007 1.826796292339265e-008 3.559170760945186e-009 1.918204884907774e-009 2.303167974632399e-009 3.124836482456418e-009 3.924970252176406e-009 4.444714596109864e-009 4.566243947373615e-009 4.325952878729924e-009 3.849094205625016e-009 3.265001476643549e-009 2.670408822071994e-009 2.128179894817943e-009 1.672262696624448e-009 1.312833282802675e-009 1.043972632098614e-009 8.51980981746096e-010
 4.226139141192328e-007 5.219329987921757e-008 1.086337277818355e-008 3.843360836748735e-009 2.951578141827451e-009 3.517318872986877e-009 4.468265501057108e-009 5.393021868823202e-009 6.045026498482086e-009 6.294671973442696e-009 6.141447497624405e-009 5.680384271991676e-009 5.037163198546107e-009 4.321938234122744e-009 3.615867388031643e-009 2.972800514903535e-009 2.422881192172709e-009 1.976460611270663e-009
 9.398073585092232e-007 1.337893825557473e-007 3.211905384541724e-008 1.032994724519828e-008 5.203558586208058e-009 4.464853955811898e-009 5.091597693637272e-009 6.150681797108607e-009 7.230928672399866e-009 8.080623580443525e-009 8.546836094629569e-009 8.581797532728263e-009 8.233569720059412e-009 7.606453007438168e-009 6.815825427461701e-009 5.960865920977911e-009 5.11679957329624e-009 4.33591306081372e-009
 1.84495129177015e-006 3.215281799577006e-007 8.590015204016424e-008 2.95245436230209e-008 1.267078210599366e-008 7.628338315173804e-009 6.630171406118507e-009 7.160554817509389e-009 8.271627149736714e-009 9.51287440540297e-009 1.060953941786234e-008 1.137908663674272e-008 1.172318597881141e-008 1.162951288152118e-008 1.115649067605036e-008 1.04023715665511e-008 9.473703473756435e-009 8.465377182578327e-009
 3.06508225379092e-006 7.341023779547043e-007 2.113766599895646e-007 7.875141713121739e-008 3.439414857718025e-008 1.775508441346352e-008 1.161943507055034e-008 9.846766743056062e-009 1.000146056478962e-008 1.10182883752815e-008 1.236031698256984e-008 1.370476556352135e-008 1.483178853909274e-008 1.559446080947196e-008 1.591661849363324e-008 1.579145674683347e-008 1.526937141559141e-008 1.443632510497546e-008
 4.317240735987944e-006 1.510712099816629e-006 4.960914149872557e-007 1.941537357590458e-007 8.929275852474124e-008 4.606432613306767e-008 2.68064723363698e-008 1.828608020527145e-008 1.494109189583631e-008 1.420154450271099e-008 1.479649782569338e-008 1.604310356498292e-008 1.753171448033536e-008 1.898727926327524e-008 2.021337047791103e-008 2.10748074598514e-008 2.149516286634058e-008 2.145533826056909e-008
 5.32295142123949e-006 2.653490558740685e-006 1.082935479241058e-006 4.570744515263889e-007 2.173446507929861e-007 1.155084969381285e-007 6.701522342857613e-008 4.237546917256785e-008 2.972741787885277e-008 2.354555648425063e-008 2.099046349432179e-008 2.050987140941496e-008 2.120837974302585e-008 2.253545212625951e-008 2.412578868334443e-008 2.571895623148135e-008 2.712193755625476e-008 2.819464870053063e-008
