# Created by Octave 3.6.4, Tue Mar 11 12:45:17 2014 N. Central Asia Standard Time <unknown@OShulyakov>
# name: HighCv
# type: matrix
# rows: 50
# columns: 18
 1.58828002867428e-024 2.195262252370191e-014 2.951026424215693e-014 5.60852918533239e-015 2.2381291429952e-011 1.63057283111204e-010 1.413067430522394e-011 3.728269518426014e-012 2.962949622235733e-012 1.385607134503253e-015 3.497028576383443e-015 1.782053184392231e-014 2.428350617418429e-014 2.660891182196312e-014 4.389389597640477e-014 6.168647627705545e-014 9.723040173481612e-014 4.931823528986804e-013
 3.746660615217926e-013 1.81929548105e-011 2.381774077228128e-011 1.261063020651473e-011 4.99898658196272e-012 2.048114691544646e-012 7.827786313518987e-013 6.457913539058465e-013 8.015120798693382e-013 1.013600187966654e-012 1.202460589859278e-012 1.297250129978657e-012 1.716353406324778e-012 1.211728061376089e-012 1.308979303140959e-012 9.612615836683491e-013 7.668650401907806e-013 8.996366872895092e-013
 1.494669085912788e-012 2.177269554182309e-011 3.911818367682967e-011 2.799386242031161e-011 1.35065319847293e-011 5.561120711129001e-012 2.329616955350903e-012 1.277887653003492e-012 1.115698009617377e-012 1.307361371088237e-012 1.62265211191558e-012 1.883084401329641e-012 2.058419974923668e-012 2.079675474184233e-012 1.988790640677994e-012 1.803796487706852e-012 1.588255977021058e-012 1.342667575352431e-012
 5.948245618031298e-012 2.452342776945168e-011 5.712684495305504e-011 5.401246692341706e-011 3.312192997501351e-011 1.636425099623191e-011 7.47235574548884e-012 3.59962132849724e-012 2.168632371224229e-012 1.879648982299339e-012 2.094320730878174e-012 2.494920129730609e-012 2.899398489343068e-012 3.167366471308711e-012 3.267595172653936e-012 3.219286340600813e-012 3.032255317759539e-012 2.749808967351994e-012
 2.355833051631494e-011 2.673633092475582e-011 7.40014886855094e-011 8.961052204542442e-011 6.947219448412645e-011 4.19844047513968e-011 2.221820122251259e-011 1.119584638740925e-011 5.942004040151696e-012 3.786431640051427e-012 3.188404195426588e-012 3.351189065586456e-012 3.841729504440554e-012 4.394864939159931e-012 4.842284483658238e-012 5.098723916077656e-012 5.146295322073741e-012 4.98731917426985e-012
 9.240724501295847e-011 3.068219844476364e-011 8.724047625097415e-011 1.293469014522201e-010 1.246240334931054e-010 9.174249221618048e-011 5.744458556983195e-011 3.282551745579383e-011 1.810823702612395e-011 1.039384124028366e-011 6.802035070945226e-012 5.493572996962773e-012 5.395052301813719e-012 5.902957982722372e-012 6.627970614880311e-012 7.321118537393108e-012 7.825449928542664e-012 8.072784074095738e-012
 3.558031647578986e-010 4.288424130720432e-011 9.750124464038093e-011 1.660079207772523e-010 1.925418736955395e-010 1.710362463558671e-010 1.268600143899271e-010 8.377234931102869e-011 5.157791212867927e-011 3.087164092199402e-011 1.888654568693747e-011 1.259716055178433e-011 9.747299176781877e-012 8.904775052931906e-012 9.173629298966068e-012 9.984642365118804e-012 1.095154051047876e-011 1.181946881463618e-011
 1.32374059258706e-009 8.842837560139317e-011 1.089232665290968e-010 1.952654587460442e-010 2.612392604446316e-010 2.733708136167027e-010 2.385083479771662e-010 1.826501038098997e-010 1.279560172043764e-010 8.467374699214345e-011 5.449791262378733e-011 3.530032566369921e-011 2.40243286528195e-011 1.802245993705574e-011 1.535728628850227e-011 1.472835342546602e-011 1.52653040469208e-011 1.637514904425196e-011
 4.641828966675009e-009 2.61703535974717e-010 1.359398227924895e-010 2.192761706595132e-010 3.20119716887273e-010 3.817207150159479e-010 3.842899273843253e-010 3.391564644953133e-010 2.709214937989782e-010 2.0135672731199e-010 1.4250549647934e-010 9.80444667704638e-011 6.707578550247941e-011 4.694903160956329e-011 3.475560099249609e-011 2.804685618967032e-011 2.498624299664146e-011 2.42609695011068e-011
 1.487329598169616e-008 9.047792635891818e-010 2.293609252626342e-010 2.518282491587946e-010 3.673361762797212e-010 4.782543101704798e-010 5.402801697264222e-010 5.400021251772873e-010 4.886059513364305e-010 4.084250203445167e-010 3.213831484763008e-010 2.420718147285082e-010 1.771801264530918e-010 1.279654936491522e-010 9.286206682209939e-011 6.918746529916016e-011 5.418964750594758e-011 4.547587969932329e-011
 4.252436007819582e-008 3.16178203070517e-009 5.745356263060933e-010 3.397142957954727e-010 4.18670825167689e-010 5.57295586635856e-010 6.810174768668567e-010 7.517902616156371e-010 7.574589948254867e-010 7.063622202573176e-010 6.177328692815473e-010 5.129697138998682e-010 4.093628769248371e-010 3.174579327146681e-010 2.418101235585649e-010 1.830374589740595e-010 1.395660000790214e-010 1.088989310650492e-010
 1.080521247106917e-007 1.038100365176952e-008 1.817243808424325e-009 6.480358074187691e-010 5.312565114092803e-010 6.397386145356541e-010 7.990218441389541e-010 9.419275644541024e-010 1.032095169435956e-009 1.055229480190854e-009 1.01503804767182e-009 9.263519845560638e-010 8.086689236708562e-010 6.808127111339299e-010 5.57235671256372e-010 4.469023049028312e-010 3.539720232025679e-010 2.792771241047165e-010
 2.443645869910379e-007 3.074955799754837e-008 5.985455827949324e-009 1.750673987333694e-009 9.017115543010081e-010 8.080958496177198e-010 9.282508156625525e-010 1.106670345692494e-009 1.275672070988386e-009 1.397021637689696e-009 1.451953811333376e-009 1.437945502662333e-009 1.36404612845445e-009 1.245929425222428e-009 1.101645903562682e-009 9.481261579360026e-010 7.987276622148994e-010 6.623388414069509e-010
 4.879769732411672e-007 8.103490840455574e-008 1.850697052746126e-008 5.468859053197321e-009 2.200069235609604e-009 1.342579747933011e-009 1.202716074358658e-009 1.309986671963922e-009 1.500741128578281e-009 1.699418036058067e-009 1.862430246724896e-009 1.964706077654442e-009 1.996120638359261e-009 1.958370520320336e-009 1.861325062562825e-009 1.719583037628217e-009 1.549605432693225e-009 1.367191910434962e-009
 8.596690302413321e-007 1.902966030456854e-007 5.144621843041574e-008 1.676172799780126e-008 6.512008672154464e-009 3.171758391695334e-009 2.071399492082313e-009 1.789235585445553e-009 1.836039286412003e-009 2.017004952406725e-009 2.238719874477275e-009 2.44744052018019e-009 2.609681701891617e-009 2.70639934092178e-009 2.730387074454548e-009 2.683717747024897e-009 2.575010956329309e-009 2.417008220776994e-009
 1.340309751912413e-006 3.958216295288895e-007 1.275956933939336e-007 4.684825257085943e-008 1.938493046574067e-008 9.071178956415271e-009 4.966758802275012e-009 3.321138111683246e-009 2.727938734877155e-009 2.615828738308568e-009 2.730509695230603e-009 2.944945221432212e-009 3.186743548167433e-009 3.41009458654934e-009 3.585253434869131e-009 3.69457754410635e-009 3.730351668755741e-009 3.692797392131189e-009
 1.84393072740237e-006 7.256849921403592e-007 2.817188564915395e-007 1.172567495152854e-007 5.308581321712092e-008 2.605392524081643e-008 1.391883567423167e-008 8.253818808166778e-009 5.580514209348975e-009 4.365178467840764e-009 3.893509849013949e-009 3.813450660890523e-009 3.939228992101328e-009 4.164320376485491e-009 4.422054172207462e-009 4.66786334355139e-009 4.871482226757926e-009 5.013459146720135e-009
 2.261697537299714e-006 1.177358636508241e-006 5.489275367611492e-007 2.617863299293185e-007 1.306858357923143e-007 6.891173808338254e-008 3.840906140539194e-008 2.268341605542147e-008 1.433207038418115e-008 9.836946110117903e-009 7.436972096962607e-009 6.212889241124623e-009 5.666392654173669e-009 5.516224016300807e-009 5.59582965235947e-009 5.800863843989867e-009 6.062010099119776e-009 6.331003565534236e-009
