# Created by Octave 3.6.4, Tue Mar 11 12:45:17 2014 N. Central Asia Standard Time <unknown@OShulyakov>
# name: HighTst
# type: matrix
# rows: 50
# columns: 18
 1.819616576650343e-024 2.195210074452966e-014 3.383664370740062e-014 3.659132844508857e-014 2.241800701471307e-011 1.632266873803573e-010 1.41401299591359e-011 3.721644750655498e-012 2.948760741522343e-012 3.441850619270602e-015 7.32155423150551e-015 3.033929094991242e-014 3.523134480536453e-014 6.163103054890627e-014 8.816823839308234e-014 1.459368755254628e-013 2.471404817968069e-013 4.876893828983586e-013
 7.229394793042238e-013 1.129916941032329e-010 1.453315593380689e-010 7.537520228561503e-011 2.8010908012567e-011 1.020246126336433e-011 5.200843532968946e-012 5.644293812537184e-012 8.266116964473735e-012 1.167385435706432e-011 1.478729816918101e-011 1.679029757811795e-011 1.764602809808504e-011 1.647971973880552e-011 1.49006552638392e-011 1.210531308458038e-011 9.498083938459532e-012 4.106312043305165e-012
 2.884438040131949e-012 1.355400922023982e-010 2.440622227339823e-010 1.721524633145713e-010 8.12888003835178e-011 3.255641985222518e-011 1.374247751443867e-011 8.714665963842396e-012 9.704272342149843e-012 1.342616986617833e-011 1.819264206279071e-011 2.266205573277901e-011 2.583908034601286e-011 2.718428090695106e-011 2.66236965986064e-011 2.453289385705358e-011 2.137253286979102e-011 1.76653594797107e-011
 1.148194640901865e-011 1.508892918782701e-010 3.557815481216416e-010 3.343765591996699e-010 2.027557010663516e-010 9.828653466135548e-011 4.371778749458366e-011 2.124885926970215e-011 1.475782796963212e-011 1.596479413785842e-011 2.096167981128609e-011 2.751067937639083e-011 3.396954787994424e-011 3.907598341648627e-011 4.193720907013227e-011 4.234090470123607e-011 4.054023748176154e-011 3.687198794252888e-011
 4.549143478398352e-011 1.607153650215482e-010 4.599593111269155e-010 5.559595268380737e-010 4.285275233616587e-010 2.557192513251497e-010 1.323399657485899e-010 6.524983666130827e-011 3.508500354227805e-011 2.507845791718166e-011 2.563962335727899e-011 3.177239184977903e-011 4.050643922267609e-011 4.97227022087444e-011 5.772174632377422e-011 6.328174795238685e-011 6.58039774844198e-011 6.523393235450055e-011
 1.78568352817954e-010 1.695845987535331e-010 5.405222597119401e-010 8.034773742796595e-010 7.706977007469606e-010 5.637003568192066e-010 3.48041913745132e-010 1.944522311082879e-010 1.050937317387694e-010 6.066097251435991e-011 4.314917925986115e-011 4.096088293196252e-011 4.739522475082379e-011 5.839789509052997e-011 7.11062634334324e-011 8.324670894054133e-011 9.309341479943737e-011 9.950519408155305e-011
 6.88525911328623e-010 1.90613133002856e-010 5.942321184368123e-010 1.030946346022425e-009 1.193236034953855e-009 1.05454895179771e-009 7.760995717347626e-010 5.054198121645407e-010 3.049549858406536e-010 1.786547942837608e-010 1.088382734967189e-010 7.622308192705229e-011 6.659926759712597e-011 7.086191329581002e-011 8.321029566766001e-011 9.964367999704187e-011 1.170760614290419e-010 1.330536076379356e-010
 2.568486025848508e-009 2.70773473945991e-010 6.317108097022607e-010 1.204528701422628e-009 1.621117866135955e-009 1.6907054118145e-009 1.46714569959559e-009 1.114342390965025e-009 7.702429694934271e-010 5.001101533829745e-010 3.150469483480477e-010 2.014295516287371e-010 1.397212233548224e-010 1.129872861040407e-010 1.089572905952693e-010 1.192696404592572e-010 1.380872678074491e-010 1.610659914509338e-010
 9.050378299711248e-009 5.888802262419834e-010 6.828698748781449e-010 1.321022289032344e-009 1.978476133849713e-009 2.365085870669578e-009 2.372702900217055e-009 2.082169785960154e-009 1.649628433893046e-009 1.211032206874184e-009 8.423811709089576e-010 5.676184485960684e-010 3.812358499573575e-010 2.660526649210034e-010 2.034491525171701e-010 1.777757739885854e-010 1.772253644177034e-010 1.93181371385279e-010
 2.922941823222081e-008 1.801565822372396e-009 8.43880236952058e-010 1.411544436207831e-009 2.232046905425997e-009 2.953771604313857e-009 3.342285955439112e-009 3.329382504420483e-009 2.995410408478825e-009 2.484395955978468e-009 1.933368485816193e-009 1.434222064409942e-009 1.029837157328659e-009 7.286689502341696e-010 5.206906643788534e-010 3.886976006787601e-010 3.14863185752865e-010 2.837543811349533e-010
 8.446420816306523e-008 6.132186566765062e-009 1.464283969411623e-009 1.569329270121571e-009 2.411213927664885e-009 3.386493898919614e-009 4.196844342308761e-009 4.642688735302822e-009 4.664693837142151e-009 4.327085892313515e-009 3.756743648827014e-009 3.089321099129546e-009 2.433279116607626e-009 1.855520996380501e-009 1.385708577827361e-009 1.028066514560089e-009 7.726117065647812e-010 6.031881654893786e-010
 2.167930603119722e-007 2.018914466835255e-008 3.780053179311375e-009 2.105405385468176e-009 2.633460276126846e-009 3.692223371251484e-009 4.831832563595849e-009 5.782090971636571e-009 6.358526873959111e-009 6.490823560411449e-009 6.215849193218117e-009 5.636174794416125e-009 4.87847029483386e-009 4.061869165195443e-009 3.277804566555755e-009 2.583448125144115e-009 2.005965828708482e-009 1.551142614373375e-009
 4.925642997859189e-007 6.04699192964849e-008 1.173865187860422e-008 4.107971631184281e-009 3.272047342602115e-009 4.03899027608106e-009 5.291447131563746e-009 6.623824451296813e-009 7.778955916974681e-009 8.57351621207857e-009 8.914469116977348e-009 8.802094823929331e-009 8.305701538185295e-009 7.531934898170781e-009 6.598347312950243e-009 5.612901865036651e-009 4.660554716083345e-009 3.798325420273978e-009
 9.808319129250679e-007 1.613675091968886e-007 3.612475106333235e-008 1.10946281662953e-008 5.593358232042154e-009 4.960239008601774e-009 5.842752014395094e-009 7.265310400212301e-009 8.818425050554132e-009 1.024358429252388e-008 1.135000740340914e-008 1.201669107973667e-008 1.220079319361393e-008 1.192856169217321e-008 1.127421240680649e-008 1.033808428052107e-008 9.228676339652367e-009 8.048029944918961e-009
 1.713536824942165e-006 3.821137853305351e-007 1.014681558751717e-007 3.285882368046056e-008 1.361389409530193e-008 8.211376307634482e-009 7.337817222090643e-009 8.170129448140934e-009 9.702297163514906e-009 1.147820697522546e-008 1.321953718579114e-008 1.47211411432239e-008 1.583378216746588e-008 1.646982862152178e-008 1.660462042253627e-008 1.626716835222223e-008 1.552468607296254e-008 1.446722213322222e-008
 2.645494036996652e-006 7.953472879379637e-007 2.545615281189726e-007 9.211626944446822e-008 3.828126412040394e-008 1.914455815880454e-008 1.24910783786291e-008 1.080618230303457e-008 1.128742963992462e-008 1.277386035455669e-008 1.470750771815393e-008 1.676076168865513e-008 1.870219552742371e-008 2.035484397575029e-008 2.159004535926735e-008 2.233056854168374e-008 2.255050321909967e-008 2.226877994663457e-008
 3.611096300311537e-006 1.449190204276613e-006 5.651369338901876e-007 2.330618973658022e-007 1.044522235560571e-007 5.165437541995089e-008 2.911545509351913e-008 1.964600650890863e-008 1.62249693536726e-008 1.577875668674844e-008 1.686636788213908e-008 1.875034639741196e-008 2.100467770955602e-008 2.334567880709442e-008 2.556135034220209e-008 2.74861108507631e-008 2.899557703225412e-008 3.000780310427261e-008
 4.407153086013803e-006 2.329423377324894e-006 1.098587306479203e-006 5.238609408046606e-007 2.594682471144693e-007 1.358373387100328e-007 7.614559475444531e-008 4.661957660578434e-008 3.208366952533145e-008 2.537152704579635e-008 2.292221130921425e-008 2.287959950448538e-008 2.422379012183137e-008 2.635486753024241e-008 2.888742315375418e-008 3.154850225394428e-008 3.412860977222012e-008 3.646067830621772e-008
