# Created by Octave 3.6.4, Tue Mar 11 12:45:17 2014 N. Central Asia Standard Time <unknown@OShulyakov>
# name: LowCv
# type: matrix
# rows: 50
# columns: 18
 1.328308951172154e-024 2.193759614370485e-014 3.158202606160045e-014 1.191585302776062e-014 2.238645814140478e-011 1.629912104825964e-010 1.411975486063445e-011 3.727888912400244e-012 2.95374725872298e-012 1.516826379930246e-015 3.262104305351885e-015 1.859204127009715e-014 2.063753238972857e-014 2.315109520569983e-014 3.098531620594351e-014 3.963790789428372e-014 6.045359912817955e-014 5.982913863630337e-013
 3.073598040000568e-013 1.753822666724133e-011 1.340648382428486e-011 4.759882912190314e-012 1.71720596843084e-012 1.022133280001561e-012 8.228178976372487e-013 1.244871772392215e-012 1.788666081111095e-012 2.084111546850873e-012 2.031768847982878e-012 1.723889368640471e-012 1.786900696136984e-012 9.655759325327468e-013 9.042542303783052e-013 5.968929850203318e-013 4.451771205569982e-013 1.293895882384148e-012
 1.226261383955109e-012 2.352368370646392e-011 2.725052365368679e-011 1.279105662543986e-011 4.689505030795591e-012 1.891423882895705e-012 1.249472436267456e-012 1.498300820539978e-012 2.138212282520108e-012 2.865730434103393e-012 3.308558842935242e-012 3.275431420250605e-012 2.898954167679772e-012 2.331778742698806e-012 1.76797786468138e-012 1.286979972081245e-012 9.624255403036495e-013 7.561929460279329e-013
 4.880879085542093e-012 2.820621633299954e-011 4.849805718198173e-011 3.088621190904741e-011 1.372663563874516e-011 5.65626665647262e-012 2.783032104174645e-012 2.167930092978277e-012 2.599391061866341e-012 3.48310086107242e-012 4.450971704981563e-012 5.115438560580989e-012 5.23067722766834e-012 4.75294073605574e-012 3.997439687832777e-012 3.189817484895475e-012 2.433420019801332e-012 1.864978046435828e-012
 1.933650666062809e-011 3.125594664137618e-011 7.323511673790963e-011 6.355711884579193e-011 3.577781934529962e-011 1.686199836738085e-011 7.934325693398502e-012 4.4960743009792e-012 3.725558382138611e-012 4.292251112669905e-012 5.489520290554567e-012 6.835248557128799e-012 7.868459402110261e-012 8.229878435963326e-012 7.842043830172299e-012 6.918111842622881e-012 5.771764553479093e-012 4.604920464596393e-012
 7.589105725977345e-011 3.457912029448283e-011 9.524411802180169e-011 1.109862759032341e-010 7.982054009378177e-011 4.529206759384337e-011 2.32885904365604e-011 1.225926627682682e-011 7.59557857771742e-012 6.336921948511886e-012 6.910608169994401e-012 8.434158329296291e-012 1.029484568781045e-011 1.190165437995593e-011 1.277459663867933e-011 1.27096713743378e-011 1.176455582023602e-011 1.02805416984834e-011
 2.925479613374073e-010 4.326459051100318e-011 1.115907826716945e-010 1.648099972710003e-010 1.507843721970897e-010 1.04724229328423e-010 6.262967796270592e-011 3.514779772285864e-011 2.021065325486457e-011 1.321392251913332e-011 1.081049984393587e-011 1.105887157361481e-011 1.280731708677745e-011 1.523460109070042e-011 1.763890670008239e-011 1.938506430371369e-011 2.003882416481506e-011 1.948793885948586e-011
 1.090904609637094e-009 7.727848235773377e-011 1.243596814023182e-010 2.12422525301284e-010 2.417372371334057e-010 2.048416411073989e-010 1.452678633020037e-010 9.277416421003427e-011 5.64931891822618e-011 3.4924435087375e-011 2.360429930359882e-011 1.87541435236335e-011 1.789806179918489e-011 1.947117128516957e-011 2.237909691651212e-011 2.57269385274702e-011 2.871061324781298e-011 3.064877043257152e-011
 3.842566307324316e-009 2.128739456170152e-010 1.451151442827497e-010 2.482137452688454e-010 3.326918731026226e-010 3.401373038133237e-010 2.855111343962919e-010 2.113197030451811e-010 1.444531480851156e-010 9.475262760753796e-011 6.231763384856064e-011 4.327578423959335e-011 3.349621611296891e-011 2.986050973442416e-011 3.022069731269542e-011 3.306531378638046e-011 3.721515735105283e-011 4.163994174948421e-011
 1.241672042651171e-008 7.300113773254574e-010 2.145009280280527e-010 2.810502875308062e-010 4.062602964448387e-010 4.834170824940598e-010 4.766465837600347e-010 4.080749563233976e-010 3.175987472210666e-010 2.318386335770668e-010 1.628926601885159e-010 1.13439110826822e-010 8.111495049886158e-011 6.192444727008931e-011 5.216415942755222e-011 4.896477352805855e-011 5.021400799078453e-011 5.429018284626352e-011
 3.602181449559622e-008 2.5765321398911e-009 4.823608907309971e-010 3.486187226336498e-010 4.672709229977109e-010 6.053791847759735e-010 6.816003993800198e-010 6.703176055278298e-010 5.925899231708972e-010 4.854680985052082e-010 3.769516705290781e-010 2.823370331828148e-010 2.079031905735185e-010 1.54026795356167e-010 1.179192762525285e-010 9.584341118747179e-011 8.430012159520431e-011 8.043196866689492e-011
 9.353899299889375e-008 8.573135927888381e-009 1.478743145610222e-009 5.8446367036548e-010 5.608349006545184e-010 7.076253698683466e-010 8.597653169301331e-010 9.463372214168529e-010 9.429109748115469e-010 8.644586701600388e-010 7.440996015684362e-010 6.115204052238632e-010 4.860033779630255e-010 3.781000560023671e-010 2.92095079774559e-010 2.279891359407653e-010 1.832918344599804e-010 1.54581386486215e-010
 2.176120206494018e-007 2.58222514528849e-008 4.895784407278645e-009 1.458418470751983e-009 8.470968989228837e-010 8.54105787050366e-010 1.016447331688978e-009 1.187370686823433e-009 1.297548534781886e-009 1.317785397966809e-009 1.25309594831414e-009 1.129707494429254e-009 9.775700961867774e-010 8.201013919931906e-010 6.726096983755697e-010 5.440323046344174e-010 4.385055042330159e-010 3.566015924702609e-010
 4.504807139721373e-007 6.957936795136075e-008 1.537308558178471e-008 4.487349785779224e-009 1.876436425547665e-009 1.27464889940062e-009 1.256500043014597e-009 1.418738753240145e-009 1.610338427531346e-009 1.756152064436165e-009 1.818188930620186e-009 1.788449432093087e-009 1.682000482824223e-009 1.524917103734997e-009 1.343101467150149e-009 1.156771128052055e-009 9.799256195696499e-010 8.215143855287727e-010
 8.295336837788378e-007 1.680241694987897e-007 4.364656524151898e-008 1.390383270639152e-008 5.391848625216911e-009 2.737062197354419e-009 1.950857595052543e-009 1.831225624167667e-009 1.959810152778706e-009 2.161832514466645e-009 2.347801546009825e-009 2.467339282359653e-009 2.497360622222729e-009 2.437591747983853e-009 2.303986419216481e-009 2.119880760742661e-009 1.908410700370991e-009 1.688595534504274e-009
 1.35235006360002e-006 3.615985053329601e-007 1.111857035088195e-007 3.967210215167669e-008 1.615533798978458e-008 7.578690285665756e-009 4.294224116168053e-009 3.071702657717682e-009 2.713927488092641e-009 2.733090427327461e-009 2.90640428130797e-009 3.117184197279359e-009 3.297026483129382e-009 3.405869268414838e-009 3.425464600286605e-009 3.355663778099348e-009 3.20940456442342e-009 3.006488371357389e-009
 1.92595613620406e-006 6.913640947666841e-007 2.534117946768373e-007 1.020243314477732e-007 4.516368528833026e-008 2.18930403401376e-008 1.172104767955297e-008 7.120029147118215e-009 5.052650894542483e-009 4.198705082781376e-009 3.946089338134334e-009 3.990341923447891e-009 4.166598405133864e-009 4.377114590262937e-009 4.560258336822052e-009 4.677875193923454e-009 4.710190490529444e-009 4.652762982400282e-009
 2.41461669448291e-006 1.17367017042155e-006 5.130510713218046e-007 2.351731760646511e-007 1.143568352156588e-007 5.918330319036937e-008 3.262790071337465e-008 1.926228146858682e-008 1.234603108983654e-008 8.745200999346449e-009 6.917040814910255e-009 6.06453622672384e-009 5.756569202893186e-009 5.747749325128562e-009 5.889950011495883e-009 6.088282992697571e-009 6.279419078518093e-009 6.42128739213107e-009
