# Created by Octave 3.6.4, Tue Mar 11 12:45:17 2014 N. Central Asia Standard Time <unknown@OShulyakov>
# name: OpenTst
# type: matrix
# rows: 50
# columns: 18
 1.66279835854348e-024 2.19585119744693e-014 3.238758890540382e-014 2.744591613056238e-014 2.253630330941558e-011 1.630035232752239e-010 1.414926764567093e-011 3.730096741024642e-012 2.953030374898997e-012 3.14435970865937e-015 7.113912009640409e-015 2.874092434288364e-014 3.655654481414076e-014 6.025975039862346e-014 9.135432150258965e-014 1.501863160475819e-013 2.534281830150008e-013 5.85583255202935e-013
 5.991831871588437e-013 8.849340368845355e-011 8.976716605795431e-011 4.188943460485943e-011 1.545333692956845e-011 6.397885910520021e-012 4.219823050891304e-012 5.151486740291835e-012 7.116115219069793e-012 8.953612302700864e-012 9.777264574939733e-012 9.285950043221694e-012 8.221641469259756e-012 6.196764804154639e-012 4.991959573494444e-012 3.609593609425367e-012 2.831144220546008e-012 1.141156138405423e-011
 2.390209156770627e-012 1.131100207208562e-010 1.640521895075236e-010 1.005556411747627e-010 4.506608547594378e-011 1.856089717018163e-011 9.164143473169335e-012 7.364847943437228e-012 8.875775006773242e-012 1.160490726480659e-011 1.416653259548307e-011 1.546154564878771e-011 1.507138552665217e-011 1.331112013787209e-011 1.089659180176689e-011 8.554442158682833e-012 6.647578676220384e-012 5.221499582917509e-012
 9.508713169945205e-012 1.311581419196577e-010 2.616283185590509e-010 2.088544139599205e-010 1.164577049609936e-010 5.525920443792056e-011 2.591450380785397e-011 1.485812808863878e-011 1.26664435305485e-011 1.466158989797976e-011 1.836847748613919e-011 2.199981825969013e-011 2.419983151089863e-011 2.429962234162034e-011 2.236264616529877e-011 1.917286917734193e-011 1.567025715206067e-011 1.244129867201929e-011
 3.763969183015143e-011 1.432129329085237e-010 3.660729432099365e-010 3.768286839331066e-010 2.600685925810992e-010 1.47122787183446e-010 7.588224768628093e-011 3.99133000293608e-011 2.508751091880682e-011 2.149457008925115e-011 2.365133889581537e-011 2.842873693336729e-011 3.355644872141026e-011 3.729551327985886e-011 3.852488341796642e-011 3.699719267513423e-011 3.32969825654563e-011 2.843572915766729e-011
 1.474885289226958e-010 1.534529692932887e-010 4.554610769337588e-010 5.944630950899348e-010 5.023167637623682e-010 3.398126800034983e-010 2.024154062023004e-010 1.137837845561737e-010 6.559810482586433e-011 4.345100879999018e-011 3.642664311306741e-011 3.779210904568702e-011 4.342467013332593e-011 5.041162166174609e-011 5.645879994406096e-011 5.987069728104454e-011 5.984209675507928e-011 5.648431786551843e-011
 5.667579221434614e-010 1.736811116042875e-010 5.192206899021885e-010 8.234145361876353e-010 8.457249629939448e-010 6.777488055606032e-010 4.702920522691436e-010 2.984713375054719e-010 1.817655944338222e-010 1.127001787848165e-010 7.703808280992585e-011 6.253893784793017e-011 6.077840572755097e-011 6.622558717259804e-011 7.498262295209672e-011 8.400242715550882e-011 9.087531993727599e-011 9.398966424436174e-011
 2.10098944291426e-009 2.439537960587487e-010 5.645526486019557e-010 1.016347513398035e-009 1.247832569796664e-009 1.1757188547508e-009 9.435439072475994e-010 6.835745651559757e-010 4.628951595220156e-010 3.02944082519274e-010 1.996565045954625e-010 1.398523419392376e-010 1.101767064831509e-010 1.001866257000682e-010 1.024424392060262e-010 1.115952475641921e-010 1.235148570549699e-010 1.34872906133125e-010
 7.324900205813926e-009 5.13287308005473e-010 6.187866882454322e-010 1.154538564894521e-009 1.625811485880505e-009 1.786303442598112e-009 1.645151590870254e-009 1.352287007821123e-009 1.028851872212507e-009 7.415555628146379e-010 5.180511719367908e-010 3.606627381046174e-010 2.592956659807554e-010 2.004894296174422e-010 1.719658562868203e-010 1.639906850632181e-010 1.691757287778857e-010 1.818121993906213e-010
 2.332133096075739e-008 1.520654404144384e-009 7.657489623152495e-010 1.261534324137285e-009 1.917043413169829e-009 2.391130726312012e-009 2.51272763399533e-009 2.326859440547758e-009 1.976945751704204e-009 1.580151281192797e-009 1.207417685775912e-009 8.956310775878911e-010 6.568287295631801e-010 4.872825665108007e-010 3.758440340391382e-010 3.096187410409032e-010 2.767738105753169e-010 2.674942652368772e-010
 6.687750752028785e-008 5.058132755992851e-009 1.298624899313012e-009 1.421205952815439e-009 2.130521264646269e-009 2.878143287642088e-009 3.381804611935244e-009 3.510573486916486e-009 3.311296621182095e-009 2.916192062633482e-009 2.44295894577546e-009 1.969846103811315e-009 1.544477159289251e-009 1.191332329457941e-009 9.171832470004743e-010 7.172333027283845e-010 5.809069746684663e-010 4.958877021429009e-010
 1.764899694074177e-007 1.632615923861983e-008 3.230208939710377e-009 1.90064848551394e-009 2.369845628928061e-009 3.239419579230814e-009 4.090965729801273e-009 4.674817768541423e-009 4.870660716583485e-009 4.706026393529629e-009 4.295409950480415e-009 3.757747929906591e-009 3.181063815554218e-009 2.624379243788339e-009 2.125451872800519e-009 1.704765426270288e-009 1.368816840536312e-009 1.114256124600132e-009
 4.394768629658164e-007 4.817602485355598e-008 9.718132741212797e-009 3.601692908279148e-009 2.959978319918454e-009 3.618781699978652e-009 4.629938320447281e-009 5.617172493984352e-009 6.344721040705043e-009 6.683414370256043e-009 6.626671082392124e-009 6.25967583036397e-009 5.69655124260975e-009 5.035763198596785e-009 4.349259696367076e-009 3.687611688226458e-009 3.085411438321591e-009 2.563663182356666e-009
 1.000736900285317e-006 1.299621081288319e-007 2.918938586208519e-008 9.359200892254856e-009 4.957079275817546e-009 4.481188586818967e-009 5.225946886111554e-009 6.363202272856371e-009 7.519000760353046e-009 8.456010403229176e-009 9.02557819640259e-009 9.177723819898656e-009 8.953436069982864e-009 8.44641528059091e-009 7.759194087331202e-009 6.977776368326892e-009 6.166898447610864e-009 5.374297640909419e-009
 1.956424734326135e-006 3.298489863936939e-007 8.129884772658957e-008 2.686380021039936e-008 1.160310664932013e-008 7.290214550580424e-009 6.616815741584364e-009 7.311528688768067e-009 8.529697311220156e-009 9.86484686907422e-009 1.106229962201765e-008 1.194861215508949e-008 1.242794218491735e-008 1.248528347298733e-008 1.217188258796426e-008 1.157494371956616e-008 1.078712986025024e-008 9.888541012794379e-009
 3.187653898970042e-006 7.786609987390359e-007 2.114899853432623e-007 7.422594507058468e-008 3.150770998285013e-008 1.635107777224593e-008 1.105066336420239e-008 9.71849739933153e-009 1.011868086217617e-008 1.129355345090905e-008 1.276077603149403e-008 1.422597207774334e-008 1.548464442311282e-008 1.639781628210276e-008 1.689200461433112e-008 1.695845990843569e-008 1.664117328807899e-008 1.601546702402712e-008
 4.39539498067829e-006 1.608206351920781e-006 5.198578881481426e-007 1.932173442263975e-007 8.474816596352756e-008 4.260731095217233e-008 2.476943347430394e-008 1.724569817383065e-008 1.451888726884791e-008 1.416049857799807e-008 1.500556067201605e-008 1.643691314683014e-008 1.808408869867529e-008 1.969571668622562e-008 2.108995983776442e-008 2.21403256508713e-008 2.27744843372258e-008 2.297316118008823e-008
 5.333327888995933e-006 2.778965979686998e-006 1.154911776624359e-006 4.774293675396657e-007 2.178509602247065e-007 1.112315045510973e-007 6.283617278116615e-008 3.937205754716414e-008 2.784298262763569e-008 2.249713116425157e-008 2.052514794231732e-008 2.045121465606127e-008 2.144667044781069e-008 2.300934874076082e-008 2.480719882954677e-008 2.660251653400994e-008 2.821791659097439e-008 2.952387572535869e-008
