# Created by Octave 3.6.4, Tue Mar 11 12:45:17 2014 N. Central Asia Standard Time <unknown@OShulyakov>
# name: OpenTr
# type: matrix
# rows: 50
# columns: 18
 1.644025329374706e-024 2.194937915094133e-014 3.704882207785874e-014 6.489017398884507e-014 2.253682557687248e-011 1.630941896963878e-010 1.414503430867661e-011 3.726892194792589e-012 2.954399616844907e-012 6.182136042140489e-015 1.356807170772168e-014 4.080530695660278e-014 6.102887442717808e-014 1.018693722784523e-013 1.652613942288202e-013 2.709196967028477e-013 4.444319218827085e-013 5.555672040000131e-013
 5.820444599831753e-013 9.879463242056212e-011 1.034903770672747e-010 4.839141491208261e-011 1.817588155155623e-011 7.945622528448991e-012 5.655204505957905e-012 7.057591075079183e-012 9.871967279835617e-012 1.278109624503863e-011 1.470967121771743e-011 1.508220655389884e-011 1.435677322172837e-011 1.190197969691555e-011 9.810950636580134e-012 7.44028926289707e-012 5.676912455386037e-012 1.001532055268915e-011
 2.321736278624192e-012 1.253115676321438e-010 1.868042497142444e-010 1.160057624022031e-010 5.222459983577084e-011 2.21164466122608e-011 1.160640307181826e-011 9.876435449821088e-012 1.212382529036831e-011 1.607051604512151e-011 2.014600533292854e-011 2.301923556099811e-011 2.39590260867119e-011 2.286266634939052e-011 2.025098193232636e-011 1.694717165296006e-011 1.365259393231559e-011 1.076492147635121e-011
 9.235839737207191e-012 1.448489879841785e-010 2.93876767851881e-010 2.399261113947891e-010 1.344011010756723e-010 6.43624347765992e-011 3.117504429487964e-011 1.890634409397609e-011 1.689159144230468e-011 1.993806380823686e-011 2.53077486318218e-011 3.101957079227678e-011 3.545698983855274e-011 3.755207178632527e-011 3.697258294202026e-011 3.411120954847569e-011 2.981012215921605e-011 2.499240476541637e-011
 3.654591299291379e-011 1.579575676918075e-010 4.067766934111555e-010 4.279217134411358e-010 2.992997195544957e-010 1.700067549774129e-010 8.879837916163291e-011 4.817581164648069e-011 3.176964716319377e-011 2.838432598734715e-011 3.191192794474913e-011 3.889289506987147e-011 4.681021332456472e-011 5.363960009491625e-011 5.787298502236063e-011 5.876511793631577e-011 5.638442912353419e-011 5.143181576077467e-011
 1.430973940509812e-010 1.691560549875244e-010 5.02945181294905e-010 6.656347144055637e-010 5.730694736636883e-010 3.911334744874373e-010 2.341692139827825e-010 1.333631327507676e-010 7.898458422537663e-011 5.445169212813857e-011 4.741973317144954e-011 5.039142639586283e-011 5.880080236755798e-011 6.941803366735617e-011 7.963107097270872e-011 8.73584924156593e-011 9.125201181269928e-011 9.082532204607444e-011
 5.490888385612087e-010 1.903236484663682e-010 5.718541956387874e-010 9.122715463294022e-010 9.513903427447532e-010 7.739047090814284e-010 5.410449046730544e-010 3.452950931144153e-010 2.126986029142967e-010 1.347878280032851e-010 9.513283674626063e-011 7.99052709867131e-011 7.969958498528785e-011 8.839496359563493e-011 1.01670616925021e-010 1.161107671240618e-010 1.288927790791395e-010 1.378891058003183e-010
 2.029691400930096e-009 2.610586136774783e-010 6.211730921509874e-010 1.119516216037694e-009 1.385784333779893e-009 1.324186087642525e-009 1.076031504388827e-009 7.851726849729463e-010 5.347008944941629e-010 3.532134956718876e-010 2.366349313708082e-010 1.698279126654828e-010 1.376797610722387e-010 1.28528670731928e-010 1.341127275186094e-010 1.485095408270003e-010 1.671261955849183e-010 1.861820661464984e-010
 7.037354345759773e-009 5.269011397883834e-010 6.790326316158712e-010 1.268584624355097e-009 1.791098083171608e-009 1.984468890456672e-009 1.850161056595963e-009 1.537673504396277e-009 1.178459820107792e-009 8.541068745486298e-010 6.010316978451807e-010 4.233239762017932e-010 3.096293128497545e-010 2.447498617381441e-010 2.149464228657917e-010 2.09403919494363e-010 2.199374129991622e-010 2.402205378159922e-010
 2.217815928004432e-008 1.510013114723059e-009 8.289484006880348e-010 1.384247394405481e-009 2.103705739866955e-009 2.632130504002915e-009 2.786811492261154e-009 2.607704429881726e-009 2.237901643569326e-009 1.802216689157181e-009 1.384864196184068e-009 1.033236735321022e-009 7.638086483282704e-010 5.731663847782569e-010 4.48921609139709e-010 3.766834498068608e-010 3.433208630482303e-010 3.379693399896513e-010
 6.253253632278047e-008 4.929384732074863e-009 1.357939919976444e-009 1.551602180145363e-009 2.333711443280139e-009 3.153365572222914e-009 3.715616787615849e-009 3.880872286775922e-009 3.692316858830822e-009 3.281310450924965e-009 2.769942437745971e-009 2.246792375708365e-009 1.770724705661411e-009 1.373648105797219e-009 1.06533300552804e-009 8.412280839133443e-010 6.898179220421689e-010 5.975405102155873e-010
 1.613886811214814e-007 1.568588170185592e-008 3.246088475118183e-009 2.03458977562624e-009 2.586893261047899e-009 3.541064796506928e-009 4.472837123653774e-009 5.121992648186925e-009 5.361325658526113e-009 5.215511176059218e-009 4.797876054181398e-009 4.228761091102627e-009 3.602400928579032e-009 2.987485387909506e-009 2.431004618505335e-009 1.95966178560759e-009 1.582916558446804e-009 1.298161556217492e-009
 3.93785457968881e-007 4.550043688574778e-008 9.505459667616249e-009 3.710174550602384e-009 3.186017550048451e-009 3.941856654386327e-009 5.049021142632736e-009 6.125998227327157e-009 6.928408757024661e-009 7.321178997674856e-009 7.295268604098819e-009 6.934830082674402e-009 6.353692947047439e-009 5.65249096590973e-009 4.908975738694888e-009 4.181888858830328e-009 3.513819981282619e-009 2.931796234587849e-009
 8.859658469946544e-007 1.200282204594549e-007 2.797420952747603e-008 9.293131933280037e-009 5.160047500353345e-009 4.81750373725269e-009 5.674431597840433e-009 6.91976593106013e-009 8.176561225681604e-009 9.200692037953523e-009 9.838190219082032e-009 1.003661801495498e-008 9.836227077980805e-009 9.330206083129285e-009 8.620958817083768e-009 7.79615388946897e-009 6.924886370420984e-009 6.061330973140957e-009
 1.724375374232093e-006 2.977752130694787e-007 7.619860118949566e-008 2.597061455381093e-008 1.161253058015551e-008 7.591973499280968e-009 7.078915928299193e-009 7.903992785244106e-009 9.244004825923976e-009 1.069319178927335e-008 1.199223317834133e-008 1.296300521556886e-008 1.350694928338926e-008 1.36082685726007e-008 1.331815270822382e-008 1.272351243356091e-008 1.191664210239019e-008 1.097823061307677e-008
 2.808415130225961e-006 6.920844814302689e-007 1.933609479114407e-007 7.000047137127309e-008 3.056715367094515e-008 1.636956160259865e-008 1.143986747440074e-008 1.031331233882816e-008 1.086975900051257e-008 1.21839786843044e-008 1.378047838809554e-008 1.536345477670029e-008 1.672497064416559e-008 1.7723254443975e-008 1.828357957431424e-008 1.839722071055443e-008 1.810853902496051e-008 1.749280247270065e-008
 3.876071057619003e-006 1.419509569017546e-006 4.656314441546482e-007 1.774917283795884e-007 7.996256546039775e-008 4.125839326986494e-008 2.465740264678217e-008 1.766605464669443e-008 1.522894040787787e-008 1.507174412694149e-008 1.608308180303004e-008 1.766355981218737e-008 1.944694478102425e-008 2.118112542840059e-008 2.268227637773079e-008 2.382239667220588e-008 2.452873631302061e-008 2.47825111616614e-008
 4.707795248517539e-006 2.448954487712525e-006 1.022722245693705e-006 4.2894078611897e-007 1.99936230938256e-007 1.044972345137311e-007 6.043606541132911e-008 3.879684821719775e-008 2.812274058279633e-008 2.323760285089127e-008 2.155881301035199e-008 2.170336315604829e-008 2.288100847838873e-008 2.460480914312899e-008 2.654780135270979e-008 2.847310754535819e-008 3.020276964510222e-008 3.160673036100844e-008
