# Created by Octave 3.6.4, Sat Mar 08 13:37:41 2014 N. Central Asia Standard Time <unknown@OShulyakov>
# name: CloseTst
# type: matrix
# rows: 50
# columns: 18
 4.078756530569155e-011 199.4361612840576 1088746.824560951 10455110.41954508 41544275.37855656 108339285.3396781 220128405.9409343 380855335.4642848 591775545.3432328 854332726.7825004 7774305397.428506 8557717464.381413 9142171091.07548 9567931423.915564 9874398661.383371 10094164528.50334 10252019947.50861 10365987207.82635
 4.078756530569155e-011 199.4361612840576 1088746.824560951 10455110.41954508 41544275.37855656 108339285.3396781 220128405.9409343 380855335.4642848 591775545.3432328 854332726.7825004 7774305397.428506 8557717464.381413 9142171091.07548 9567931423.915564 9874398661.383371 10094164528.50334 10252019947.50861 10365987207.82635
 4.078756530569155e-011 199.4361612840576 1088746.824560951 10455110.41954508 41544275.37855656 108339285.3396781 220128405.9409343 380855335.4642848 591775545.3432328 854332726.7825004 7774305397.428506 8557717464.381413 9142171091.07548 9567931423.915564 9874398661.383371 10094164528.50334 10252019947.50861 10365987207.82635
 4.078756530569155e-011 199.4361612840576 1088746.824560951 10455110.41954508 41544275.37855656 108339285.3396781 220128405.9409343 380855335.4642848 591775545.3432328 854332726.7825004 7774305397.428506 8557717464.381413 9142171091.07548 9567931423.915564 9874398661.383371 10094164528.50334 10252019947.50861 10365987207.82635
 4.078756530569155e-011 199.4361612840576 1088746.824560951 10455110.41954508 41544275.37855656 108339285.3396781 220128405.9409343 380855335.4642848 591775545.3432328 854332726.7825004 7774305397.428506 8557717464.381413 9142171091.07548 9567931423.915564 9874398661.383371 10094164528.50334 10252019947.50861 10365987207.82635
 4.078756530569155e-011 199.4361612840576 1088746.824560951 10455110.41954508 41544275.37855656 108339285.3396781 220128405.9409343 380855335.4642848 591775545.3432328 854332726.7825004 7774305397.428506 8557717464.381413 9142171091.07548 9567931423.915564 9874398661.383371 10094164528.50334 10252019947.50861 10365987207.82635
 1.054949614450089e-010 199.4361736094825 1088746.824560951 10455110.41954508 41544275.37855656 108339285.3396781 220128405.9409343 380855335.4642848 591775545.3432328 854332726.7825004 7774305397.428506 8557717464.381413 9142171091.07548 9567931423.915564 9874398661.383371 10094164528.50334 10252019947.50861 10365987207.82635
 1.054949614450089e-010 199.4361736094825 1088746.824560951 10455110.41954508 41544275.37855656 108339285.3396781 220128405.9409343 380855335.4642848 591775545.3432328 854332726.7825004 7774305397.428506 8557717464.381413 9142171091.07548 9567931423.915564 9874398661.383371 10094164528.50334 10252019947.50861 10365987207.82635
 5.428900379696572e-013 199.4361621033151 1088746.824560951 10455110.41954508 41544275.37855656 108339285.3396781 220128405.9409343 380855335.4642848 591775545.3432328 854332726.7825004 7774305397.428506 8557717464.381413 9142171091.07548 9567931423.915564 9874398661.383371 10094164528.50334 10252019947.50861 10365987207.82635
 1.012860303182303e-011 199.4361630830304 1088746.824560951 10455110.41954508 41544275.37855656 108339285.3396781 220128405.9409343 380855335.4642848 591775545.3432328 854332726.7825004 7774305397.428506 8557717464.381413 9142171091.07548 9567931423.915564 9874398661.383371 10094164528.50334 10252019947.50861 10365987207.82635
 1.906090936551076e-014 199.4361713301095 1088746.824560951 10455110.41954508 41544275.37855656 108339285.3396781 220128405.9409343 380855335.4642848 591775545.3432328 854332726.7825004 7774305397.428506 8557717464.381413 9142171091.07548 9567931423.915564 9874398661.383371 10094164528.50334 10252019947.50861 10365987207.82635
 4.177161337846402e-012 199.4361732954929 1088746.824560951 10455110.41954508 41544275.37855656 108339285.3396781 220128405.9409343 380855335.4642848 591775545.3432328 854332726.7825004 7774305397.428506 8557717464.381413 9142171091.07548 9567931423.915564 9874398661.383371 10094164528.50334 10252019947.50861 10365987207.82635
 5.755595171280406e-012 199.4361765839393 1088746.824560951 10455110.41954508 41544275.37855656 108339285.3396781 220128405.9409343 380855335.4642848 591775545.3432328 854332726.7825004 7774305397.428506 8557717464.381413 9142171091.07548 9567931423.915564 9874398661.383371 10094164528.50334 10252019947.50861 10365987207.82635
 1.850820521701166e-010 199.436179296509 1088746.824560951 10455110.41954508 41544275.37855656 108339285.3396781 220128405.9409343 380855335.4642848 591775545.3432328 854332726.7825004 7774305397.428506 8557717464.381413 9142171091.07548 9567931423.915564 9874398661.383371 10094164528.50334 10252019947.50861 10365987207.82635
 9.410336749421801e-012 199.4361634472726 1088746.824560951 10455110.41954508 41544275.37855656 108339285.3396781 220128405.9409343 380855335.4642848 591775545.3432328 854332726.7825004 7774305397.428506 8557717464.381413 9142171091.07548 9567931423.915564 9874398661.383371 10094164528.50334 10252019947.50861 10365987207.82635
 1.467109022956127e-012 199.4361653443551 1088746.824560951 10455110.41954508 41544275.37855656 108339285.3396781 220128405.9409343 380855335.4642848 591775545.3432328 854332726.7825004 7774305397.428506 8557717464.381413 9142171091.07548 9567931423.915564 9874398661.383371 10094164528.50334 10252019947.50861 10365987207.82635
 1.409536847852054e-010 199.4361754771189 1088746.824560951 10455110.41954508 41544275.37855656 108339285.3396781 220128405.9409343 380855335.4642848 591775545.3432328 854332726.7825004 7774305397.428506 8557717464.381413 9142171091.07548 9567931423.915564 9874398661.383371 10094164528.50334 10252019947.50861 10365987207.82635
 4.763698132925432e-011 199.4361614911949 1088746.824560951 10455110.41954508 41544275.37855656 108339285.3396781 220128405.9409343 380855335.4642848 591775545.3432328 854332726.7825004 7774305397.428506 8557717464.381413 9142171091.07548 9567931423.915564 9874398661.383371 10094164528.50334 10252019947.50861 10365987207.82635
 1.251876932025978e-010 199.4361617961484 1088746.824560951 10455110.41954508 41544275.37855656 108339285.3396781 220128405.9409343 380855335.4642848 591775545.3432328 854332726.7825004 7774305397.428506 8557717464.381413 9142171091.07548 9567931423.915564 9874398661.383371 10094164528.50334 10252019947.50861 10365987207.82635
 4.670238216703204e-012 199.4361703106491 1088746.824560951 10455110.41954508 41544275.37855656 108339285.3396781 220128405.9409343 380855335.4642848 591775545.3432328 854332726.7825004 7774305397.428506 8557717464.381413 9142171091.07548 9567931423.915564 9874398661.383371 10094164528.50334 10252019947.50861 10365987207.82635
 1.485555119468659e-011 199.4361735029881 1088746.824560951 10455110.41954508 41544275.37855656 108339285.3396781 220128405.9409343 380855335.4642848 591775545.3432328 854332726.7825004 7774305397.428506 8557717464.381413 9142171091.07548 9567931423.915564 9874398661.383371 10094164528.50334 10252019947.50861 10365987207.82635
 17578.17015094455 199.4361568780879 1088746.824560951 10455110.41954508 41544275.37855656 108339285.3396781 220128405.9409343 380855335.4642848 591775545.3432328 854332726.7825004 7774305397.428506 8557717464.381413 9142171091.07548 9567931423.915564 9874398661.383371 10094164528.50334 10252019947.50861 10365987207.82635
 2516.845053226004 199.4361589012308 1088746.824560951 10455110.41954508 41544275.37855656 108339285.3396781 220128405.9409343 380855335.4642848 591775545.3432328 854332726.7825004 7774305397.428506 8557717464.381413 9142171091.07548 9567931423.915564 9874398661.383371 10094164528.50334 10252019947.50861 10365987207.82635
