# Created by Octave 3.6.4, Sat Mar 08 13:37:41 2014 N. Central Asia Standard Time <unknown@OShulyakov>
# name: CloseTr
# type: matrix
# rows: 50
# columns: 18
 4.070649796417596e-011 305.2220768486386 2202615.097239592 19365423.13315457 72779485.97394222 184195692.4237827 369270005.0846476 635111037.539291 980971121.456483 1400283515.821189 8013880654.595173 8543387493.377514 8945044346.209585 9247827065.250822 9476160977.030493 9649162680.53278 9781222139.601612 9882957821.242609
 4.070649796417596e-011 305.2220768486386 2202615.097239592 19365423.13315457 72779485.97394222 184195692.4237827 369270005.0846476 635111037.539291 980971121.456483 1400283515.821189 8013880654.595173 8543387493.377514 8945044346.209585 9247827065.250822 9476160977.030493 9649162680.53278 9781222139.601612 9882957821.242609
 4.070649796417596e-011 305.2220768486386 2202615.097239592 19365423.13315457 72779485.97394222 184195692.4237827 369270005.0846476 635111037.539291 980971121.456483 1400283515.821189 8013880654.595173 8543387493.377514 8945044346.209585 9247827065.250822 9476160977.030493 9649162680.53278 9781222139.601612 9882957821.242609
 4.070649796417596e-011 305.2220768486386 2202615.097239592 19365423.13315457 72779485.97394222 184195692.4237827 369270005.0846476 635111037.539291 980971121.456483 1400283515.821189 8013880654.595173 8543387493.377514 8945044346.209585 9247827065.250822 9476160977.030493 9649162680.53278 9781222139.601612 9882957821.242609
 4.070649796417596e-011 305.2220768486386 2202615.097239592 19365423.13315457 72779485.97394222 184195692.4237827 369270005.0846476 635111037.539291 980971121.456483 1400283515.821189 8013880654.595173 8543387493.377514 8945044346.209585 9247827065.250822 9476160977.030493 9649162680.53278 9781222139.601612 9882957821.242609
 4.070649796417596e-011 305.2220768486386 2202615.097239592 19365423.13315457 72779485.97394222 184195692.4237827 369270005.0846476 635111037.539291 980971121.456483 1400283515.821189 8013880654.595173 8543387493.377514 8945044346.209585 9247827065.250822 9476160977.030493 9649162680.53278 9781222139.601612 9882957821.242609
 1.052528211757914e-010 305.2220945435453 2202615.097239592 19365423.13315457 72779485.97394222 184195692.4237827 369270005.0846476 635111037.539291 980971121.456483 1400283515.821189 8013880654.595173 8543387493.377514 8945044346.209585 9247827065.250822 9476160977.030493 9649162680.53278 9781222139.601612 9882957821.242609
 1.052528211757914e-010 305.2220945435453 2202615.097239592 19365423.13315457 72779485.97394222 184195692.4237827 369270005.0846476 635111037.539291 980971121.456483 1400283515.821189 8013880654.595173 8543387493.377514 8945044346.209585 9247827065.250822 9476160977.030493 9649162680.53278 9781222139.601612 9882957821.242609
 5.377434937698903e-013 305.222077268284 2202615.097239592 19365423.13315457 72779485.97394222 184195692.4237827 369270005.0846476 635111037.539291 980971121.456483 1400283515.821189 8013880654.595173 8543387493.377514 8945044346.209585 9247827065.250822 9476160977.030493 9649162680.53278 9781222139.601612 9882957821.242609
 1.011469381870279e-011 305.2220807614767 2202615.097239592 19365423.13315457 72779485.97394222 184195692.4237827 369270005.0846476 635111037.539291 980971121.456483 1400283515.821189 8013880654.595173 8543387493.377514 8945044346.209585 9247827065.250822 9476160977.030493 9649162680.53278 9781222139.601612 9882957821.242609
 1.887495707487959e-014 305.2220936232236 2202615.097239592 19365423.13315457 72779485.97394222 184195692.4237827 369270005.0846476 635111037.539291 980971121.456483 1400283515.821189 8013880654.595173 8543387493.377514 8945044346.209585 9247827065.250822 9476160977.030493 9649162680.53278 9781222139.601612 9882957821.242609
 4.146961706833238e-012 305.2220952379845 2202615.097239592 19365423.13315457 72779485.97394222 184195692.4237827 369270005.0846476 635111037.539291 980971121.456483 1400283515.821189 8013880654.595173 8543387493.377514 8945044346.209585 9247827065.250822 9476160977.030493 9649162680.53278 9781222139.601612 9882957821.242609
 5.748984514270844e-012 305.2221014213526 2202615.097239592 19365423.13315457 72779485.97394222 184195692.4237827 369270005.0846476 635111037.539291 980971121.456483 1400283515.821189 8013880654.595173 8543387493.377514 8945044346.209585 9247827065.250822 9476160977.030493 9649162680.53278 9781222139.601612 9882957821.242609
 1.846379155133752e-010 305.2221057679564 2202615.097239592 19365423.13315457 72779485.97394222 184195692.4237827 369270005.0846476 635111037.539291 980971121.456483 1400283515.821189 8013880654.595173 8543387493.377514 8945044346.209585 9247827065.250822 9476160977.030493 9649162680.53278 9781222139.601612 9882957821.242609
 9.399652059270039e-012 305.2220805814349 2202615.097239592 19365423.13315457 72779485.97394222 184195692.4237827 369270005.0846476 635111037.539291 980971121.456483 1400283515.821189 8013880654.595173 8543387493.377514 8945044346.209585 9247827065.250822 9476160977.030493 9649162680.53278 9781222139.601612 9882957821.242609
 1.473199655546235e-012 305.2220827809471 2202615.097239592 19365423.13315457 72779485.97394222 184195692.4237827 369270005.0846476 635111037.539291 980971121.456483 1400283515.821189 8013880654.595173 8543387493.377514 8945044346.209585 9247827065.250822 9476160977.030493 9649162680.53278 9781222139.601612 9882957821.242609
 1.405927138760605e-010 305.2220999341415 2202615.097239592 19365423.13315457 72779485.97394222 184195692.4237827 369270005.0846476 635111037.539291 980971121.456483 1400283515.821189 8013880654.595173 8543387493.377514 8945044346.209585 9247827065.250822 9476160977.030493 9649162680.53278 9781222139.601612 9882957821.242609
 4.742664385202355e-011 305.2220769266181 2202615.097239592 19365423.13315457 72779485.97394222 184195692.4237827 369270005.0846476 635111037.539291 980971121.456483 1400283515.821189 8013880654.595173 8543387493.377514 8945044346.209585 9247827065.250822 9476160977.030493 9649162680.53278 9781222139.601612 9882957821.242609
 1.246316041362718e-010 305.2220770916277 2202615.097239592 19365423.13315457 72779485.97394222 184195692.4237827 369270005.0846476 635111037.539291 980971121.456483 1400283515.821189 8013880654.595173 8543387493.377514 8945044346.209585 9247827065.250822 9476160977.030493 9649162680.53278 9781222139.601612 9882957821.242609
 4.834535367606545e-012 305.2220919896209 2202615.097239592 19365423.13315457 72779485.97394222 184195692.4237827 369270005.0846476 635111037.539291 980971121.456483 1400283515.821189 8013880654.595173 8543387493.377514 8945044346.209585 9247827065.250822 9476160977.030493 9649162680.53278 9781222139.601612 9882957821.242609
 1.593108668627294e-011 305.2220925281804 2202615.097239592 19365423.13315457 72779485.97394222 184195692.4237827 369270005.0846476 635111037.539291 980971121.456483 1400283515.821189 8013880654.595173 8543387493.377514 8945044346.209585 9247827065.250822 9476160977.030493 9649162680.53278 9781222139.601612 9882957821.242609
 17537.73669253133 305.2220703035715 2202615.097239592 19365423.13315457 72779485.97394222 184195692.4237827 369270005.0846476 635111037.539291 980971121.456483 1400283515.821189 8013880654.595173 8543387493.377514 8945044346.209585 9247827065.250822 9476160977.030493 9649162680.53278 9781222139.601612 9882957821.242609
 2511.00116282084 305.2220750684408 2202615.097239592 19365423.13315457 72779485.97394222 184195692.4237827 369270005.0846476 635111037.539291 980971121.456483 1400283515.821189 8013880654.595173 8543387493.377514 8945044346.209585 9247827065.250822 9476160977.030493 9649162680.53278 9781222139.601612 9882957821.242609
