# Created by Octave 3.6.4, Sat Mar 08 13:37:41 2014 N. Central Asia Standard Time <unknown@OShulyakov>
# name: HighTst
# type: matrix
# rows: 50
# columns: 18
 4.09383069162013e-011 199.7082895875625 1108316.473771922 10592921.48248152 42022924.19723023 109491348.5048403 222335322.262571 384480031.0201739 597118492.0973927 861619098.6477065 7811457516.583677 8598318496.645613 9185350555.193256 9612991871.713224 9920811753.76614 10141543628.10359 10300087901.55188 10414547544.85818
 4.09383069162013e-011 199.7082895875625 1108316.473771922 10592921.48248152 42022924.19723023 109491348.5048403 222335322.262571 384480031.0201739 597118492.0973927 861619098.6477065 7811457516.583677 8598318496.645613 9185350555.193256 9612991871.713224 9920811753.76614 10141543628.10359 10300087901.55188 10414547544.85818
 4.09383069162013e-011 199.7082895875625 1108316.473771922 10592921.48248152 42022924.19723023 109491348.5048403 222335322.262571 384480031.0201739 597118492.0973927 861619098.6477065 7811457516.583677 8598318496.645613 9185350555.193256 9612991871.713224 9920811753.76614 10141543628.10359 10300087901.55188 10414547544.85818
 4.09383069162013e-011 199.7082895875625 1108316.473771922 10592921.48248152 42022924.19723023 109491348.5048403 222335322.262571 384480031.0201739 597118492.0973927 861619098.6477065 7811457516.583677 8598318496.645613 9185350555.193256 9612991871.713224 9920811753.76614 10141543628.10359 10300087901.55188 10414547544.85818
 4.09383069162013e-011 199.7082895875625 1108316.473771922 10592921.48248152 42022924.19723023 109491348.5048403 222335322.262571 384480031.0201739 597118492.0973927 861619098.6477065 7811457516.583677 8598318496.645613 9185350555.193256 9612991871.713224 9920811753.76614 10141543628.10359 10300087901.55188 10414547544.85818
 4.09383069162013e-011 199.7082895875625 1108316.473771922 10592921.48248152 42022924.19723023 109491348.5048403 222335322.262571 384480031.0201739 597118492.0973927 861619098.6477065 7811457516.583677 8598318496.645613 9185350555.193256 9612991871.713224 9920811753.76614 10141543628.10359 10300087901.55188 10414547544.85818
 1.058418022964581e-010 199.708282595652 1108316.473771922 10592921.48248152 42022924.19723023 109491348.5048403 222335322.262571 384480031.0201739 597118492.0973927 861619098.6477065 7811457516.583677 8598318496.645613 9185350555.193256 9612991871.713224 9920811753.76614 10141543628.10359 10300087901.55188 10414547544.85818
 1.058418022964581e-010 199.708282595652 1108316.473771922 10592921.48248152 42022924.19723023 109491348.5048403 222335322.262571 384480031.0201739 597118492.0973927 861619098.6477065 7811457516.583677 8598318496.645613 9185350555.193256 9612991871.713224 9920811753.76614 10141543628.10359 10300087901.55188 10414547544.85818
 5.413897587029156e-013 199.7082782628815 1108316.473771922 10592921.48248152 42022924.19723023 109491348.5048403 222335322.262571 384480031.0201739 597118492.0973927 861619098.6477065 7811457516.583677 8598318496.645613 9185350555.193256 9612991871.713224 9920811753.76614 10141543628.10359 10300087901.55188 10414547544.85818
 1.017533083517333e-011 199.7083024027407 1108316.473771922 10592921.48248152 42022924.19723023 109491348.5048403 222335322.262571 384480031.0201739 597118492.0973927 861619098.6477065 7811457516.583677 8598318496.645613 9185350555.193256 9612991871.713224 9920811753.76614 10141543628.10359 10300087901.55188 10414547544.85818
 2.026447718289251e-014 199.7082981479639 1108316.473771922 10592921.48248152 42022924.19723023 109491348.5048403 222335322.262571 384480031.0201739 597118492.0973927 861619098.6477065 7811457516.583677 8598318496.645613 9185350555.193256 9612991871.713224 9920811753.76614 10141543628.10359 10300087901.55188 10414547544.85818
 4.210985899042393e-012 199.70830299165 1108316.473771922 10592921.48248152 42022924.19723023 109491348.5048403 222335322.262571 384480031.0201739 597118492.0973927 861619098.6477065 7811457516.583677 8598318496.645613 9185350555.193256 9612991871.713224 9920811753.76614 10141543628.10359 10300087901.55188 10414547544.85818
 5.794069739572412e-012 199.7083032217111 1108316.473771922 10592921.48248152 42022924.19723023 109491348.5048403 222335322.262571 384480031.0201739 597118492.0973927 861619098.6477065 7811457516.583677 8598318496.645613 9185350555.193256 9612991871.713224 9920811753.76614 10141543628.10359 10300087901.55188 10414547544.85818
 1.858525929859816e-010 199.7083108456873 1108316.473771922 10592921.48248152 42022924.19723023 109491348.5048403 222335322.262571 384480031.0201739 597118492.0973927 861619098.6477065 7811457516.583677 8598318496.645613 9185350555.193256 9612991871.713224 9920811753.76614 10141543628.10359 10300087901.55188 10414547544.85818
 9.407940581165275e-012 199.7082951419422 1108316.473771922 10592921.48248152 42022924.19723023 109491348.5048403 222335322.262571 384480031.0201739 597118492.0973927 861619098.6477065 7811457516.583677 8598318496.645613 9185350555.193256 9612991871.713224 9920811753.76614 10141543628.10359 10300087901.55188 10414547544.85818
 1.494104506671069e-012 199.7082881588616 1108316.473771922 10592921.48248152 42022924.19723023 109491348.5048403 222335322.262571 384480031.0201739 597118492.0973927 861619098.6477065 7811457516.583677 8598318496.645613 9185350555.193256 9612991871.713224 9920811753.76614 10141543628.10359 10300087901.55188 10414547544.85818
 1.410985941361325e-010 199.7083153639497 1108316.473771922 10592921.48248152 42022924.19723023 109491348.5048403 222335322.262571 384480031.0201739 597118492.0973927 861619098.6477065 7811457516.583677 8598318496.645613 9185350555.193256 9612991871.713224 9920811753.76614 10141543628.10359 10300087901.55188 10414547544.85818
 4.727652639486075e-011 199.7082914697948 1108316.473771922 10592921.48248152 42022924.19723023 109491348.5048403 222335322.262571 384480031.0201739 597118492.0973927 861619098.6477065 7811457516.583677 8598318496.645613 9185350555.193256 9612991871.713224 9920811753.76614 10141543628.10359 10300087901.55188 10414547544.85818
 1.243152641321668e-010 199.7082918313673 1108316.473771922 10592921.48248152 42022924.19723023 109491348.5048403 222335322.262571 384480031.0201739 597118492.0973927 861619098.6477065 7811457516.583677 8598318496.645613 9185350555.193256 9612991871.713224 9920811753.76614 10141543628.10359 10300087901.55188 10414547544.85818
 4.3041336467344e-012 199.7083030030916 1108316.473771922 10592921.48248152 42022924.19723023 109491348.5048403 222335322.262571 384480031.0201739 597118492.0973927 861619098.6477065 7811457516.583677 8598318496.645613 9185350555.193256 9612991871.713224 9920811753.76614 10141543628.10359 10300087901.55188 10414547544.85818
 1.477010465839996e-011 199.7082651609766 1108316.473771922 10592921.48248152 42022924.19723023 109491348.5048403 222335322.262571 384480031.0201739 597118492.0973927 861619098.6477065 7811457516.583677 8598318496.645613 9185350555.193256 9612991871.713224 9920811753.76614 10141543628.10359 10300087901.55188 10414547544.85818
 17655.67485775706 199.7083042275261 1108316.473771922 10592921.48248152 42022924.19723023 109491348.5048403 222335322.262571 384480031.0201739 597118492.0973927 861619098.6477065 7811457516.583677 8598318496.645613 9185350555.193256 9612991871.713224 9920811753.76614 10141543628.10359 10300087901.55188 10414547544.85818
 2527.83813573614 199.7083048665307 1108316.473771922 10592921.48248152 42022924.19723023 109491348.5048403 222335322.262571 384480031.0201739 597118492.0973927 861619098.6477065 7811457516.583677 8598318496.645613 9185350555.193256 9612991871.713224 9920811753.76614 10141543628.10359 10300087901.55188 10414547544.85818
