# Created by Octave 3.6.4, Sat Mar 08 13:37:41 2014 N. Central Asia Standard Time <unknown@OShulyakov>
# name: HighCv
# type: matrix
# rows: 50
# columns: 18
 6.54475432824474e-011 1584.349423494512 18928977.60721776 134652385.4921192 421849831.9964035 948738935.2060874 1837560268.21197 3305629266.917799 5665941742.388659 9311178166.883347 19063549691.06413 15950038330.45861 13644222262.87194 12069184998.44319 11074552584.44721 10512168910.2463 10261828201.39062 10234375970.43797
 6.54475432824474e-011 1584.349423494512 18928977.60721776 134652385.4921192 421849831.9964035 948738935.2060874 1837560268.21197 3305629266.917799 5665941742.388659 9311178166.883347 19063549691.06413 15950038330.45861 13644222262.87194 12069184998.44319 11074552584.44721 10512168910.2463 10261828201.39062 10234375970.43797
 6.54475432824474e-011 1584.349423494512 18928977.60721776 134652385.4921192 421849831.9964035 948738935.2060874 1837560268.21197 3305629266.917799 5665941742.388659 9311178166.883347 19063549691.06413 15950038330.45861 13644222262.87194 12069184998.44319 11074552584.44721 10512168910.2463 10261828201.39062 10234375970.43797
 6.54475432824474e-011 1584.349423494512 18928977.60721776 134652385.4921192 421849831.9964035 948738935.2060874 1837560268.21197 3305629266.917799 5665941742.388659 9311178166.883347 19063549691.06413 15950038330.45861 13644222262.87194 12069184998.44319 11074552584.44721 10512168910.2463 10261828201.39062 10234375970.43797
 6.54475432824474e-011 1584.349423494512 18928977.60721776 134652385.4921192 421849831.9964035 948738935.2060874 1837560268.21197 3305629266.917799 5665941742.388659 9311178166.883347 19063549691.06413 15950038330.45861 13644222262.87194 12069184998.44319 11074552584.44721 10512168910.2463 10261828201.39062 10234375970.43797
 6.54475432824474e-011 1584.349423494512 18928977.60721776 134652385.4921192 421849831.9964035 948738935.2060874 1837560268.21197 3305629266.917799 5665941742.388659 9311178166.883347 19063549691.06413 15950038330.45861 13644222262.87194 12069184998.44319 11074552584.44721 10512168910.2463 10261828201.39062 10234375970.43797
 1.685536450241942e-010 1584.349375571612 18928977.60721776 134652385.4921192 421849831.9964035 948738935.2060874 1837560268.21197 3305629266.917799 5665941742.388659 9311178166.883347 19063549691.06413 15950038330.45861 13644222262.87194 12069184998.44319 11074552584.44721 10512168910.2463 10261828201.39062 10234375970.43797
 1.685536450241942e-010 1584.349375571612 18928977.60721776 134652385.4921192 421849831.9964035 948738935.2060874 1837560268.21197 3305629266.917799 5665941742.388659 9311178166.883347 19063549691.06413 15950038330.45861 13644222262.87194 12069184998.44319 11074552584.44721 10512168910.2463 10261828201.39062 10234375970.43797
 9.066913964347209e-013 1584.349362042498 18928977.60721776 134652385.4921192 421849831.9964035 948738935.2060874 1837560268.21197 3305629266.917799 5665941742.388659 9311178166.883347 19063549691.06413 15950038330.45861 13644222262.87194 12069184998.44319 11074552584.44721 10512168910.2463 10261828201.39062 10234375970.43797
 1.645376442112937e-011 1584.349488494033 18928977.60721776 134652385.4921192 421849831.9964035 948738935.2060874 1837560268.21197 3305629266.917799 5665941742.388659 9311178166.883347 19063549691.06413 15950038330.45861 13644222262.87194 12069184998.44319 11074552584.44721 10512168910.2463 10261828201.39062 10234375970.43797
 4.320375398523085e-014 1584.349451973727 18928977.60721776 134652385.4921192 421849831.9964035 948738935.2060874 1837560268.21197 3305629266.917799 5665941742.388659 9311178166.883347 19063549691.06413 15950038330.45861 13644222262.87194 12069184998.44319 11074552584.44721 10512168910.2463 10261828201.39062 10234375970.43797
 6.385503800357797e-012 1584.34949882024 18928977.60721776 134652385.4921192 421849831.9964035 948738935.2060874 1837560268.21197 3305629266.917799 5665941742.388659 9311178166.883347 19063549691.06413 15950038330.45861 13644222262.87194 12069184998.44319 11074552584.44721 10512168910.2463 10261828201.39062 10234375970.43797
 9.404658655583285e-012 1584.349487605346 18928977.60721776 134652385.4921192 421849831.9964035 948738935.2060874 1837560268.21197 3305629266.917799 5665941742.388659 9311178166.883347 19063549691.06413 15950038330.45861 13644222262.87194 12069184998.44319 11074552584.44721 10512168910.2463 10261828201.39062 10234375970.43797
 2.930925923988365e-010 1584.349512841614 18928977.60721776 134652385.4921192 421849831.9964035 948738935.2060874 1837560268.21197 3305629266.917799 5665941742.388659 9311178166.883347 19063549691.06413 15950038330.45861 13644222262.87194 12069184998.44319 11074552584.44721 10512168910.2463 10261828201.39062 10234375970.43797
 1.477606070151166e-011 1584.349460586727 18928977.60721776 134652385.4921192 421849831.9964035 948738935.2060874 1837560268.21197 3305629266.917799 5665941742.388659 9311178166.883347 19063549691.06413 15950038330.45861 13644222262.87194 12069184998.44319 11074552584.44721 10512168910.2463 10261828201.39062 10234375970.43797
 2.405141485383087e-012 1584.349413334808 18928977.60721776 134652385.4921192 421849831.9964035 948738935.2060874 1837560268.21197 3305629266.917799 5665941742.388659 9311178166.883347 19063549691.06413 15950038330.45861 13644222262.87194 12069184998.44319 11074552584.44721 10512168910.2463 10261828201.39062 10234375970.43797
 2.239248211058782e-010 1584.349548710499 18928977.60721776 134652385.4921192 421849831.9964035 948738935.2060874 1837560268.21197 3305629266.917799 5665941742.388659 9311178166.883347 19063549691.06413 15950038330.45861 13644222262.87194 12069184998.44319 11074552584.44721 10512168910.2463 10261828201.39062 10234375970.43797
 7.576434278468706e-011 1584.349440133677 18928977.60721776 134652385.4921192 421849831.9964035 948738935.2060874 1837560268.21197 3305629266.917799 5665941742.388659 9311178166.883347 19063549691.06413 15950038330.45861 13644222262.87194 12069184998.44319 11074552584.44721 10512168910.2463 10261828201.39062 10234375970.43797
 2.007924708211041e-010 1584.349454148966 18928977.60721776 134652385.4921192 421849831.9964035 948738935.2060874 1837560268.21197 3305629266.917799 5665941742.388659 9311178166.883347 19063549691.06413 15950038330.45861 13644222262.87194 12069184998.44319 11074552584.44721 10512168910.2463 10261828201.39062 10234375970.43797
 5.299407033162869e-012 1584.349489451173 18928977.60721776 134652385.4921192 421849831.9964035 948738935.2060874 1837560268.21197 3305629266.917799 5665941742.388659 9311178166.883347 19063549691.06413 15950038330.45861 13644222262.87194 12069184998.44319 11074552584.44721 10512168910.2463 10261828201.39062 10234375970.43797
 1.228764707988814e-011 1584.349277125888 18928977.60721776 134652385.4921192 421849831.9964035 948738935.2060874 1837560268.21197 3305629266.917799 5665941742.388659 9311178166.883347 19063549691.06413 15950038330.45861 13644222262.87194 12069184998.44319 11074552584.44721 10512168910.2463 10261828201.39062 10234375970.43797
 27951.33413796532 1584.349525818104 18928977.60721776 134652385.4921192 421849831.9964035 948738935.2060874 1837560268.21197 3305629266.917799 5665941742.388659 9311178166.883347 19063549691.06413 15950038330.45861 13644222262.87194 12069184998.44319 11074552584.44721 10512168910.2463 10261828201.39062 10234375970.43797
 4000.620814120808 1584.349504828844 18928977.60721776 134652385.4921192 421849831.9964035 948738935.2060874 1837560268.21197 3305629266.917799 5665941742.388659 9311178166.883347 19063549691.06413 15950038330.45861 13644222262.87194 12069184998.44319 11074552584.44721 10512168910.2463 10261828201.39062 10234375970.43797
