# Created by Octave 3.6.4, Sat Mar 08 13:37:41 2014 N. Central Asia Standard Time <unknown@OShulyakov>
# name: LowTst
# type: matrix
# rows: 50
# columns: 18
 4.062020411900987e-011 192.5769622698681 1069399.655807752 10323535.31228526 41094143.66997487 107261855.725043 218064251.0855223 377453304.1847224 586734275.0940168 847415882.3625964 7737120336.991698 8516960497.397178 9098745271.021873 9522563673.275293 9827639549.364277 10046415654.61782 10203567798.10711 10317033792.90705
 4.062020411900987e-011 192.5769622698681 1069399.655807752 10323535.31228526 41094143.66997487 107261855.725043 218064251.0855223 377453304.1847224 586734275.0940168 847415882.3625964 7737120336.991698 8516960497.397178 9098745271.021873 9522563673.275293 9827639549.364277 10046415654.61782 10203567798.10711 10317033792.90705
 4.062020411900987e-011 192.5769622698681 1069399.655807752 10323535.31228526 41094143.66997487 107261855.725043 218064251.0855223 377453304.1847224 586734275.0940168 847415882.3625964 7737120336.991698 8516960497.397178 9098745271.021873 9522563673.275293 9827639549.364277 10046415654.61782 10203567798.10711 10317033792.90705
 4.062020411900987e-011 192.5769622698681 1069399.655807752 10323535.31228526 41094143.66997487 107261855.725043 218064251.0855223 377453304.1847224 586734275.0940168 847415882.3625964 7737120336.991698 8516960497.397178 9098745271.021873 9522563673.275293 9827639549.364277 10046415654.61782 10203567798.10711 10317033792.90705
 4.062020411900987e-011 192.5769622698681 1069399.655807752 10323535.31228526 41094143.66997487 107261855.725043 218064251.0855223 377453304.1847224 586734275.0940168 847415882.3625964 7737120336.991698 8516960497.397178 9098745271.021873 9522563673.275293 9827639549.364277 10046415654.61782 10203567798.10711 10317033792.90705
 4.062020411900987e-011 192.5769622698681 1069399.655807752 10323535.31228526 41094143.66997487 107261855.725043 218064251.0855223 377453304.1847224 586734275.0940168 847415882.3625964 7737120336.991698 8516960497.397178 9098745271.021873 9522563673.275293 9827639549.364277 10046415654.61782 10203567798.10711 10317033792.90705
 1.050577563667711e-010 192.5769701275932 1069399.655807752 10323535.31228526 41094143.66997487 107261855.725043 218064251.0855223 377453304.1847224 586734275.0940168 847415882.3625964 7737120336.991698 8516960497.397178 9098745271.021873 9522563673.275293 9827639549.364277 10046415654.61782 10203567798.10711 10317033792.90705
 1.050577563667711e-010 192.5769701275932 1069399.655807752 10323535.31228526 41094143.66997487 107261855.725043 218064251.0855223 377453304.1847224 586734275.0940168 847415882.3625964 7737120336.991698 8516960497.397178 9098745271.021873 9522563673.275293 9827639549.364277 10046415654.61782 10203567798.10711 10317033792.90705
 5.400643441021425e-013 192.5769729609108 1069399.655807752 10323535.31228526 41094143.66997487 107261855.725043 218064251.0855223 377453304.1847224 586734275.0940168 847415882.3625964 7737120336.991698 8516960497.397178 9098745271.021873 9522563673.275293 9827639549.364277 10046415654.61782 10203567798.10711 10317033792.90705
 1.007028855053342e-011 192.5769509973066 1069399.655807752 10323535.31228526 41094143.66997487 107261855.725043 218064251.0855223 377453304.1847224 586734275.0940168 847415882.3625964 7737120336.991698 8516960497.397178 9098745271.021873 9522563673.275293 9827639549.364277 10046415654.61782 10203567798.10711 10317033792.90705
 1.990831689730684e-014 192.576954515455 1069399.655807752 10323535.31228526 41094143.66997487 107261855.725043 218064251.0855223 377453304.1847224 586734275.0940168 847415882.3625964 7737120336.991698 8516960497.397178 9098745271.021873 9522563673.275293 9827639549.364277 10046415654.61782 10203567798.10711 10317033792.90705
 4.169495187895326e-012 192.5769502841809 1069399.655807752 10323535.31228526 41094143.66997487 107261855.725043 218064251.0855223 377453304.1847224 586734275.0940168 847415882.3625964 7737120336.991698 8516960497.397178 9098745271.021873 9522563673.275293 9827639549.364277 10046415654.61782 10203567798.10711 10317033792.90705
 5.746316954935378e-012 192.5769497606853 1069399.655807752 10323535.31228526 41094143.66997487 107261855.725043 218064251.0855223 377453304.1847224 586734275.0940168 847415882.3625964 7737120336.991698 8516960497.397178 9098745271.021873 9522563673.275293 9827639549.364277 10046415654.61782 10203567798.10711 10317033792.90705
 1.8448619717636e-010 192.5769452479685 1069399.655807752 10323535.31228526 41094143.66997487 107261855.725043 218064251.0855223 377453304.1847224 586734275.0940168 847415882.3625964 7737120336.991698 8516960497.397178 9098745271.021873 9522563673.275293 9827639549.364277 10046415654.61782 10203567798.10711 10317033792.90705
 9.368260734100251e-012 192.5769564950596 1069399.655807752 10323535.31228526 41094143.66997487 107261855.725043 218064251.0855223 377453304.1847224 586734275.0940168 847415882.3625964 7737120336.991698 8516960497.397178 9098745271.021873 9522563673.275293 9827639549.364277 10046415654.61782 10203567798.10711 10317033792.90705
 1.451156377756866e-012 192.5769647903052 1069399.655807752 10323535.31228526 41094143.66997487 107261855.725043 218064251.0855223 377453304.1847224 586734275.0940168 847415882.3625964 7737120336.991698 8516960497.397178 9098745271.021873 9522563673.275293 9827639549.364277 10046415654.61782 10203567798.10711 10317033792.90705
 1.401885530471186e-010 192.5769396253452 1069399.655807752 10323535.31228526 41094143.66997487 107261855.725043 218064251.0855223 377453304.1847224 586734275.0940168 847415882.3625964 7737120336.991698 8516960497.397178 9098745271.021873 9522563673.275293 9827639549.364277 10046415654.61782 10203567798.10711 10317033792.90705
 4.735268330056025e-011 192.576960685213 1069399.655807752 10323535.31228526 41094143.66997487 107261855.725043 218064251.0855223 377453304.1847224 586734275.0940168 847415882.3625964 7737120336.991698 8516960497.397178 9098745271.021873 9522563673.275293 9827639549.364277 10046415654.61782 10203567798.10711 10317033792.90705
 1.245608912529994e-010 192.5769597644303 1069399.655807752 10323535.31228526 41094143.66997487 107261855.725043 218064251.0855223 377453304.1847224 586734275.0940168 847415882.3625964 7737120336.991698 8516960497.397178 9098745271.021873 9522563673.275293 9827639549.364277 10046415654.61782 10203567798.10711 10317033792.90705
 3.778862494478989e-012 192.5769501075401 1069399.655807752 10323535.31228526 41094143.66997487 107261855.725043 218064251.0855223 377453304.1847224 586734275.0940168 847415882.3625964 7737120336.991698 8516960497.397178 9098745271.021873 9522563673.275293 9827639549.364277 10046415654.61782 10203567798.10711 10317033792.90705
 1.102592907567627e-011 192.5769869766288 1069399.655807752 10323535.31228526 41094143.66997487 107261855.725043 218064251.0855223 377453304.1847224 586734275.0940168 847415882.3625964 7737120336.991698 8516960497.397178 9098745271.021873 9522563673.275293 9827639549.364277 10046415654.61782 10203567798.10711 10317033792.90705
 17501.09747087211 192.57694787602 1069399.655807752 10323535.31228526 41094143.66997487 107261855.725043 218064251.0855223 377453304.1847224 586734275.0940168 847415882.3625964 7737120336.991698 8516960497.397178 9098745271.021873 9522563673.275293 9827639549.364277 10046415654.61782 10203567798.10711 10317033792.90705
 2505.73055471767 192.5769487884375 1069399.655807752 10323535.31228526 41094143.66997487 107261855.725043 218064251.0855223 377453304.1847224 586734275.0940168 847415882.3625964 7737120336.991698 8516960497.397178 9098745271.021873 9522563673.275293 9827639549.364277 10046415654.61782 10203567798.10711 10317033792.90705
