# Created by Octave 3.6.4, Sat Mar 08 13:37:41 2014 N. Central Asia Standard Time <unknown@OShulyakov>
# name: OpenTst
# type: matrix
# rows: 50
# columns: 18
 4.07644410541852e-011 229.6289168137598 1088282.895064681 10454943.05589105 41548676.39602332 108354245.5724953 220157349.4225784 380896852.0214366 591824793.5184842 854383932.3084053 7774093161.257754 8557411047.626155 9141799438.398216 9567519815.93511 9873965380.729359 10093721145.67525 10251573016.80278 10365540045.1596
 4.07644410541852e-011 229.6289168137598 1088282.895064681 10454943.05589105 41548676.39602332 108354245.5724953 220157349.4225784 380896852.0214366 591824793.5184842 854383932.3084053 7774093161.257754 8557411047.626155 9141799438.398216 9567519815.93511 9873965380.729359 10093721145.67525 10251573016.80278 10365540045.1596
 4.07644410541852e-011 229.6289168137598 1088282.895064681 10454943.05589105 41548676.39602332 108354245.5724953 220157349.4225784 380896852.0214366 591824793.5184842 854383932.3084053 7774093161.257754 8557411047.626155 9141799438.398216 9567519815.93511 9873965380.729359 10093721145.67525 10251573016.80278 10365540045.1596
 4.07644410541852e-011 229.6289168137598 1088282.895064681 10454943.05589105 41548676.39602332 108354245.5724953 220157349.4225784 380896852.0214366 591824793.5184842 854383932.3084053 7774093161.257754 8557411047.626155 9141799438.398216 9567519815.93511 9873965380.729359 10093721145.67525 10251573016.80278 10365540045.1596
 4.07644410541852e-011 229.6289168137598 1088282.895064681 10454943.05589105 41548676.39602332 108354245.5724953 220157349.4225784 380896852.0214366 591824793.5184842 854383932.3084053 7774093161.257754 8557411047.626155 9141799438.398216 9567519815.93511 9873965380.729359 10093721145.67525 10251573016.80278 10365540045.1596
 4.07644410541852e-011 229.6289168137598 1088282.895064681 10454943.05589105 41548676.39602332 108354245.5724953 220157349.4225784 380896852.0214366 591824793.5184842 854383932.3084053 7774093161.257754 8557411047.626155 9141799438.398216 9567519815.93511 9873965380.729359 10093721145.67525 10251573016.80278 10365540045.1596
 1.054037810823982e-010 229.6289035778827 1088282.895064681 10454943.05589105 41548676.39602332 108354245.5724953 220157349.4225784 380896852.0214366 591824793.5184842 854383932.3084053 7774093161.257754 8557411047.626155 9141799438.398216 9567519815.93511 9873965380.729359 10093721145.67525 10251573016.80278 10365540045.1596
 1.054037810823982e-010 229.6289035778827 1088282.895064681 10454943.05589105 41548676.39602332 108354245.5724953 220157349.4225784 380896852.0214366 591824793.5184842 854383932.3084053 7774093161.257754 8557411047.626155 9141799438.398216 9567519815.93511 9873965380.729359 10093721145.67525 10251573016.80278 10365540045.1596
 5.364710975018171e-013 229.6289165513044 1088282.895064681 10454943.05589105 41548676.39602332 108354245.5724953 220157349.4225784 380896852.0214366 591824793.5184842 854383932.3084053 7774093161.257754 8557411047.626155 9141799438.398216 9567519815.93511 9873965380.729359 10093721145.67525 10251573016.80278 10365540045.1596
 1.013896748833047e-011 229.6289135473778 1088282.895064681 10454943.05589105 41548676.39602332 108354245.5724953 220157349.4225784 380896852.0214366 591824793.5184842 854383932.3084053 7774093161.257754 8557411047.626155 9141799438.398216 9567519815.93511 9873965380.729359 10093721145.67525 10251573016.80278 10365540045.1596
 1.927535442406454e-014 229.628906022763 1088282.895064681 10454943.05589105 41548676.39602332 108354245.5724953 220157349.4225784 380896852.0214366 591824793.5184842 854383932.3084053 7774093161.257754 8557411047.626155 9141799438.398216 9567519815.93511 9873965380.729359 10093721145.67525 10251573016.80278 10365540045.1596
 4.194328770814914e-012 229.6289034365904 1088282.895064681 10454943.05589105 41548676.39602332 108354245.5724953 220157349.4225784 380896852.0214366 591824793.5184842 854383932.3084053 7774093161.257754 8557411047.626155 9141799438.398216 9567519815.93511 9873965380.729359 10093721145.67525 10251573016.80278 10365540045.1596
 5.7503194108315e-012 229.6289004731189 1088282.895064681 10454943.05589105 41548676.39602332 108354245.5724953 220157349.4225784 380896852.0214366 591824793.5184842 854383932.3084053 7774093161.257754 8557411047.626155 9141799438.398216 9567519815.93511 9873965380.729359 10093721145.67525 10251573016.80278 10365540045.1596
 1.851399510977267e-010 229.6288946947439 1088282.895064681 10454943.05589105 41548676.39602332 108354245.5724953 220157349.4225784 380896852.0214366 591824793.5184842 854383932.3084053 7774093161.257754 8557411047.626155 9141799438.398216 9567519815.93511 9873965380.729359 10093721145.67525 10251573016.80278 10365540045.1596
 9.405896982074972e-012 229.6289148825537 1088282.895064681 10454943.05589105 41548676.39602332 108354245.5724953 220157349.4225784 380896852.0214366 591824793.5184842 854383932.3084053 7774093161.257754 8557411047.626155 9141799438.398216 9567519815.93511 9873965380.729359 10093721145.67525 10251573016.80278 10365540045.1596
 1.449212469754787e-012 229.6289116213814 1088282.895064681 10454943.05589105 41548676.39602332 108354245.5724953 220157349.4225784 380896852.0214366 591824793.5184842 854383932.3084053 7774093161.257754 8557411047.626155 9141799438.398216 9567519815.93511 9873965380.729359 10093721145.67525 10251573016.80278 10365540045.1596
 1.408188130724254e-010 229.6288996287333 1088282.895064681 10454943.05589105 41548676.39602332 108354245.5724953 220157349.4225784 380896852.0214366 591824793.5184842 854383932.3084053 7774093161.257754 8557411047.626155 9141799438.398216 9567519815.93511 9873965380.729359 10093721145.67525 10251573016.80278 10365540045.1596
 4.772345204200866e-011 229.6289163172677 1088282.895064681 10454943.05589105 41548676.39602332 108354245.5724953 220157349.4225784 380896852.0214366 591824793.5184842 854383932.3084053 7774093161.257754 8557411047.626155 9141799438.398216 9567519815.93511 9873965380.729359 10093721145.67525 10251573016.80278 10365540045.1596
 1.252758875213541e-010 229.6289165467873 1088282.895064681 10454943.05589105 41548676.39602332 108354245.5724953 220157349.4225784 380896852.0214366 591824793.5184842 854383932.3084053 7774093161.257754 8557411047.626155 9141799438.398216 9567519815.93511 9873965380.729359 10093721145.67525 10251573016.80278 10365540045.1596
 3.976711825002161e-012 229.6289066016236 1088282.895064681 10454943.05589105 41548676.39602332 108354245.5724953 220157349.4225784 380896852.0214366 591824793.5184842 854383932.3084053 7774093161.257754 8557411047.626155 9141799438.398216 9567519815.93511 9873965380.729359 10093721145.67525 10251573016.80278 10365540045.1596
 1.161790354681502e-011 229.6289041501902 1088282.895064681 10454943.05589105 41548676.39602332 108354245.5724953 220157349.4225784 380896852.0214366 591824793.5184842 854383932.3084053 7774093161.257754 8557411047.626155 9141799438.398216 9567519815.93511 9873965380.729359 10093721145.67525 10251573016.80278 10365540045.1596
 17579.19832065483 229.6289210090109 1088282.895064681 10454943.05589105 41548676.39602332 108354245.5724953 220157349.4225784 380896852.0214366 591824793.5184842 854383932.3084053 7774093161.257754 8557411047.626155 9141799438.398216 9567519815.93511 9873965380.729359 10093721145.67525 10251573016.80278 10365540045.1596
 2516.849886590602 229.6289174819529 1088282.895064681 10454943.05589105 41548676.39602332 108354245.5724953 220157349.4225784 380896852.0214366 591824793.5184842 854383932.3084053 7774093161.257754 8557411047.626155 9141799438.398216 9567519815.93511 9873965380.729359 10093721145.67525 10251573016.80278 10365540045.1596
