# Created by Octave 3.6.4, Sat Mar 08 08:01:07 2014 N. Central Asia Standard Time <unknown@OShulyakov>
# name: power
# type: range
# base, limit, increment
1 18 1


