# Created by Octave 3.6.4, Sun Mar 09 01:01:17 2014 N. Central Asia Standard Time <unknown@OShulyakov>
# name: CloseCv
# type: matrix
# rows: 50
# columns: 20
 4.265491904535238e-010 1930.975346285633 18627309.47939355 133326552.8912899 418683392.1225122 942945787.4988034 1828041396.929697 3290354438.289792 5641312442.417312 9271516712.64736 14634789796.20398 22226595017.98852 32537206722.76954 45957779177.20819 11024236653.95097 10465636834.33427 10217879910.78642 10192013330.78241 10325335161.05917 10575074914.86511
 4.265491904535238e-010 1930.975346285633 18627309.47939355 133326552.8912899 418683392.1225122 942945787.4988034 1828041396.929697 3290354438.289792 5641312442.417312 9271516712.64736 14634789796.20398 22226595017.98852 32537206722.76954 45957779177.20819 11024236653.95097 10465636834.33427 10217879910.78642 10192013330.78241 10325335161.05917 10575074914.86511
 4.265491904535238e-010 1930.975346285633 18627309.47939355 133326552.8912899 418683392.1225122 942945787.4988034 1828041396.929697 3290354438.289792 5641312442.417312 9271516712.64736 14634789796.20398 22226595017.98852 32537206722.76954 45957779177.20819 11024236653.95097 10465636834.33427 10217879910.78642 10192013330.78241 10325335161.05917 10575074914.86511
 4.265491904535238e-010 1930.975346285633 18627309.47939355 133326552.8912899 418683392.1225122 942945787.4988034 1828041396.929697 3290354438.289792 5641312442.417312 9271516712.64736 14634789796.20398 22226595017.98852 32537206722.76954 45957779177.20819 11024236653.95097 10465636834.33427 10217879910.78642 10192013330.78241 10325335161.05917 10575074914.86511
 4.265491904535238e-010 1930.975346285633 18627309.47939355 133326552.8912899 418683392.1225122 942945787.4988034 1828041396.929697 3290354438.289792 5641312442.417312 9271516712.64736 14634789796.20398 22226595017.98852 32537206722.76954 45957779177.20819 11024236653.95097 10465636834.33427 10217879910.78642 10192013330.78241 10325335161.05917 10575074914.86511
 4.265491904535238e-010 1930.975346285633 18627309.47939355 133326552.8912899 418683392.1225122 942945787.4988034 1828041396.929697 3290354438.289792 5641312442.417312 9271516712.64736 14634789796.20398 22226595017.98852 32537206722.76954 45957779177.20819 11024236653.95097 10465636834.33427 10217879910.78642 10192013330.78241 10325335161.05917 10575074914.86511
 1.986824672148819e-009 1930.975357034766 18627309.47939355 133326552.8912899 418683392.1225122 942945787.4988034 1828041396.929697 3290354438.289792 5641312442.417312 9271516712.64736 14634789796.20398 22226595017.98852 32537206722.76954 45957779177.20819 11024236653.95097 10465636834.33427 10217879910.78642 10192013330.78241 10325335161.05917 10575074914.86511
 1.986824672148819e-009 1930.975357034766 18627309.47939355 133326552.8912899 418683392.1225122 942945787.4988034 1828041396.929697 3290354438.289792 5641312442.417312 9271516712.64736 14634789796.20398 22226595017.98852 32537206722.76954 45957779177.20819 11024236653.95097 10465636834.33427 10217879910.78642 10192013330.78241 10325335161.05917 10575074914.86511
 1.72820123229181e-008 1930.975343819847 18627309.47939355 133326552.8912899 418683392.1225122 942945787.4988034 1828041396.929697 3290354438.289792 5641312442.417312 9271516712.64736 14634789796.20398 22226595017.98852 32537206722.76954 45957779177.20819 11024236653.95097 10465636834.33427 10217879910.78642 10192013330.78241 10325335161.05917 10575074914.86511
 3.062594227198364e-009 1930.975336756465 18627309.47939355 133326552.8912899 418683392.1225122 942945787.4988034 1828041396.929697 3290354438.289792 5641312442.417312 9271516712.64736 14634789796.20398 22226595017.98852 32537206722.76954 45957779177.20819 11024236653.95097 10465636834.33427 10217879910.78642 10192013330.78241 10325335161.05917 10575074914.86511
 1.746609331522019e-008 1930.975340094663 18627309.47939355 133326552.8912899 418683392.1225122 942945787.4988034 1828041396.929697 3290354438.289792 5641312442.417312 9271516712.64736 14634789796.20398 22226595017.98852 32537206722.76954 45957779177.20819 11024236653.95097 10465636834.33427 10217879910.78642 10192013330.78241 10325335161.05917 10575074914.86511
 1.051793736914504e-007 1930.975349197617 18627309.47939355 133326552.8912899 418683392.1225122 942945787.4988034 1828041396.929697 3290354438.289792 5641312442.417312 9271516712.64736 14634789796.20398 22226595017.98852 32537206722.76954 45957779177.20819 11024236653.95097 10465636834.33427 10217879910.78642 10192013330.78241 10325335161.05917 10575074914.86511
 1.363258909843593e-010 1930.975337567703 18627309.47939355 133326552.8912899 418683392.1225122 942945787.4988034 1828041396.929697 3290354438.289792 5641312442.417312 9271516712.64736 14634789796.20398 22226595017.98852 32537206722.76954 45957779177.20819 11024236653.95097 10465636834.33427 10217879910.78642 10192013330.78241 10325335161.05917 10575074914.86511
 2.08461080111835e-008 1930.975338917584 18627309.47939355 133326552.8912899 418683392.1225122 942945787.4988034 1828041396.929697 3290354438.289792 5641312442.417312 9271516712.64736 14634789796.20398 22226595017.98852 32537206722.76954 45957779177.20819 11024236653.95097 10465636834.33427 10217879910.78642 10192013330.78241 10325335161.05917 10575074914.86511
 1.528316158439471e-007 1930.975319387837 18627309.47939355 133326552.8912899 418683392.1225122 942945787.4988034 1828041396.929697 3290354438.289792 5641312442.417312 9271516712.64736 14634789796.20398 22226595017.98852 32537206722.76954 45957779177.20819 11024236653.95097 10465636834.33427 10217879910.78642 10192013330.78241 10325335161.05917 10575074914.86511
 3.817489406256921e-008 1930.975318818392 18627309.47939355 133326552.8912899 418683392.1225122 942945787.4988034 1828041396.929697 3290354438.289792 5641312442.417312 9271516712.64736 14634789796.20398 22226595017.98852 32537206722.76954 45957779177.20819 11024236653.95097 10465636834.33427 10217879910.78642 10192013330.78241 10325335161.05917 10575074914.86511
 1.370772069524966e-011 1930.975335919467 18627309.47939355 133326552.8912899 418683392.1225122 942945787.4988034 1828041396.929697 3290354438.289792 5641312442.417312 9271516712.64736 14634789796.20398 22226595017.98852 32537206722.76954 45957779177.20819 11024236653.95097 10465636834.33427 10217879910.78642 10192013330.78241 10325335161.05917 10575074914.86511
 135287.9782037251 1930.97533037035 18627309.47939355 133326552.8912899 418683392.1225122 942945787.4988034 1828041396.929697 3290354438.289792 5641312442.417312 9271516712.64736 14634789796.20398 22226595017.98852 32537206722.76954 45957779177.20819 11024236653.95097 10465636834.33427 10217879910.78642 10192013330.78241 10325335161.05917 10575074914.86511
 7033.252963261569 1930.975325052314 18627309.47939355 133326552.8912899 418683392.1225122 942945787.4988034 1828041396.929697 3290354438.289792 5641312442.417312 9271516712.64736 14634789796.20398 22226595017.98852 32537206722.76954 45957779177.20819 11024236653.95097 10465636834.33427 10217879910.78642 10192013330.78241 10325335161.05917 10575074914.86511
 22996.42713718098 1930.975368075733 18627309.47939355 133326552.8912899 418683392.1225122 942945787.4988034 1828041396.929697 3290354438.289792 5641312442.417312 9271516712.64736 14634789796.20398 22226595017.98852 32537206722.76954 45957779177.20819 11024236653.95097 10465636834.33427 10217879910.78642 10192013330.78241 10325335161.05917 10575074914.86511
 585.4213268829063 1930.975348533733 18627309.47939355 133326552.8912899 418683392.1225122 942945787.4988034 1828041396.929697 3290354438.289792 5641312442.417312 9271516712.64736 14634789796.20398 22226595017.98852 32537206722.76954 45957779177.20819 11024236653.95097 10465636834.33427 10217879910.78642 10192013330.78241 10325335161.05917 10575074914.86511
