# Created by Octave 3.6.4, Sun Mar 09 01:01:17 2014 N. Central Asia Standard Time <unknown@OShulyakov>
# name: HighTr
# type: matrix
# rows: 50
# columns: 20
 2.191122504393511e-009 298.0333648722326 2230428.667994475 19528412.28585932 73284605.72924101 185329303.3348683 371356571.9048272 638473635.4683303 985905418.23461 1407046060.794549 1891712766.303685 2428113685.456596 3004318296.88742 3609099410.057884 9516940315.247721 9690832264.000353 9823582874.794052 9925857533.843924 10005459377.40834 10068086166.06662
 2.191122504393511e-009 298.0333648722326 2230428.667994475 19528412.28585932 73284605.72924101 185329303.3348683 371356571.9048272 638473635.4683303 985905418.23461 1407046060.794549 1891712766.303685 2428113685.456596 3004318296.88742 3609099410.057884 9516940315.247721 9690832264.000353 9823582874.794052 9925857533.843924 10005459377.40834 10068086166.06662
 2.191122504393511e-009 298.0333648722326 2230428.667994475 19528412.28585932 73284605.72924101 185329303.3348683 371356571.9048272 638473635.4683303 985905418.23461 1407046060.794549 1891712766.303685 2428113685.456596 3004318296.88742 3609099410.057884 9516940315.247721 9690832264.000353 9823582874.794052 9925857533.843924 10005459377.40834 10068086166.06662
 2.191122504393511e-009 298.0333648722326 2230428.667994475 19528412.28585932 73284605.72924101 185329303.3348683 371356571.9048272 638473635.4683303 985905418.23461 1407046060.794549 1891712766.303685 2428113685.456596 3004318296.88742 3609099410.057884 9516940315.247721 9690832264.000353 9823582874.794052 9925857533.843924 10005459377.40834 10068086166.06662
 2.191122504393511e-009 298.0333648722326 2230428.667994475 19528412.28585932 73284605.72924101 185329303.3348683 371356571.9048272 638473635.4683303 985905418.23461 1407046060.794549 1891712766.303685 2428113685.456596 3004318296.88742 3609099410.057884 9516940315.247721 9690832264.000353 9823582874.794052 9925857533.843924 10005459377.40834 10068086166.06662
 2.191122504393511e-009 298.0333648722326 2230428.667994475 19528412.28585932 73284605.72924101 185329303.3348683 371356571.9048272 638473635.4683303 985905418.23461 1407046060.794549 1891712766.303685 2428113685.456596 3004318296.88742 3609099410.057884 9516940315.247721 9690832264.000353 9823582874.794052 9925857533.843924 10005459377.40834 10068086166.06662
 5.085726746420648e-009 298.0333648722349 2230428.667994475 19528412.28585932 73284605.72924101 185329303.3348683 371356571.9048272 638473635.4683303 985905418.23461 1407046060.794549 1891712766.303685 2428113685.456596 3004318296.88742 3609099410.057884 9516940315.247721 9690832264.000353 9823582874.794052 9925857533.843924 10005459377.40834 10068086166.06662
 5.085726746420648e-009 298.0333648722349 2230428.667994475 19528412.28585932 73284605.72924101 185329303.3348683 371356571.9048272 638473635.4683303 985905418.23461 1407046060.794549 1891712766.303685 2428113685.456596 3004318296.88742 3609099410.057884 9516940315.247721 9690832264.000353 9823582874.794052 9925857533.843924 10005459377.40834 10068086166.06662
 1.791324663542356e-010 298.03336487222 2230428.667994475 19528412.28585932 73284605.72924101 185329303.3348683 371356571.9048272 638473635.4683303 985905418.23461 1407046060.794549 1891712766.303685 2428113685.456596 3004318296.88742 3609099410.057884 9516940315.247721 9690832264.000353 9823582874.794052 9925857533.843924 10005459377.40834 10068086166.06662
 5.462176269783434e-009 298.0333648722566 2230428.667994475 19528412.28585932 73284605.72924101 185329303.3348683 371356571.9048272 638473635.4683303 985905418.23461 1407046060.794549 1891712766.303685 2428113685.456596 3004318296.88742 3609099410.057884 9516940315.247721 9690832264.000353 9823582874.794052 9925857533.843924 10005459377.40834 10068086166.06662
 1.517393772650118e-010 298.0333648722798 2230428.667994475 19528412.28585932 73284605.72924101 185329303.3348683 371356571.9048272 638473635.4683303 985905418.23461 1407046060.794549 1891712766.303685 2428113685.456596 3004318296.88742 3609099410.057884 9516940315.247721 9690832264.000353 9823582874.794052 9925857533.843924 10005459377.40834 10068086166.06662
 7.809316552686497e-009 298.0333648722461 2230428.667994475 19528412.28585932 73284605.72924101 185329303.3348683 371356571.9048272 638473635.4683303 985905418.23461 1407046060.794549 1891712766.303685 2428113685.456596 3004318296.88742 3609099410.057884 9516940315.247721 9690832264.000353 9823582874.794052 9925857533.843924 10005459377.40834 10068086166.06662
 2.92061349674528e-011 298.0333648722719 2230428.667994475 19528412.28585932 73284605.72924101 185329303.3348683 371356571.9048272 638473635.4683303 985905418.23461 1407046060.794549 1891712766.303685 2428113685.456596 3004318296.88742 3609099410.057884 9516940315.247721 9690832264.000353 9823582874.794052 9925857533.843924 10005459377.40834 10068086166.06662
 1.916464037930329e-008 298.0333648722629 2230428.667994475 19528412.28585932 73284605.72924101 185329303.3348683 371356571.9048272 638473635.4683303 985905418.23461 1407046060.794549 1891712766.303685 2428113685.456596 3004318296.88742 3609099410.057884 9516940315.247721 9690832264.000353 9823582874.794052 9925857533.843924 10005459377.40834 10068086166.06662
 3.671306820133458e-008 298.0333648722708 2230428.667994475 19528412.28585932 73284605.72924101 185329303.3348683 371356571.9048272 638473635.4683303 985905418.23461 1407046060.794549 1891712766.303685 2428113685.456596 3004318296.88742 3609099410.057884 9516940315.247721 9690832264.000353 9823582874.794052 9925857533.843924 10005459377.40834 10068086166.06662
 6.680398022832419e-009 298.0333648722724 2230428.667994475 19528412.28585932 73284605.72924101 185329303.3348683 371356571.9048272 638473635.4683303 985905418.23461 1407046060.794549 1891712766.303685 2428113685.456596 3004318296.88742 3609099410.057884 9516940315.247721 9690832264.000353 9823582874.794052 9925857533.843924 10005459377.40834 10068086166.06662
 8.772342713285828e-011 298.0333648722776 2230428.667994475 19528412.28585932 73284605.72924101 185329303.3348683 371356571.9048272 638473635.4683303 985905418.23461 1407046060.794549 1891712766.303685 2428113685.456596 3004318296.88742 3609099410.057884 9516940315.247721 9690832264.000353 9823582874.794052 9925857533.843924 10005459377.40834 10068086166.06662
 85573.9435169817 298.0333648722828 2230428.667994475 19528412.28585932 73284605.72924101 185329303.3348683 371356571.9048272 638473635.4683303 985905418.23461 1407046060.794549 1891712766.303685 2428113685.456596 3004318296.88742 3609099410.057884 9516940315.247721 9690832264.000353 9823582874.794052 9925857533.843924 10005459377.40834 10068086166.06662
 4456.099046145115 298.0333648722781 2230428.667994475 19528412.28585932 73284605.72924101 185329303.3348683 371356571.9048272 638473635.4683303 985905418.23461 1407046060.794549 1891712766.303685 2428113685.456596 3004318296.88742 3609099410.057884 9516940315.247721 9690832264.000353 9823582874.794052 9925857533.843924 10005459377.40834 10068086166.06662
 14543.00279786172 298.0333648763139 2230428.667994475 19528412.28585932 73284605.72924101 185329303.3348683 371356571.9048272 638473635.4683303 985905418.23461 1407046060.794549 1891712766.303685 2428113685.456596 3004318296.88742 3609099410.057884 9516940315.247721 9690832264.000353 9823582874.794052 9925857533.843924 10005459377.40834 10068086166.06662
 369.2143741772583 298.03336487633 2230428.667994475 19528412.28585932 73284605.72924101 185329303.3348683 371356571.9048272 638473635.4683303 985905418.23461 1407046060.794549 1891712766.303685 2428113685.456596 3004318296.88742 3609099410.057884 9516940315.247721 9690832264.000353 9823582874.794052 9925857533.843924 10005459377.40834 10068086166.06662
