# Created by Octave 3.6.4, Sun Mar 09 01:01:17 2014 N. Central Asia Standard Time <unknown@OShulyakov>
# name: LowTr
# type: matrix
# rows: 50
# columns: 20
 2.566866203822926e-009 327.8995394226293 2173980.620753614 19200244.81901517 72271672.76270737 183060419.0331111 367183434.3092028 631748419.8078105 976031903.5820527 1393502747.707895 1874057006.862986 2405977186.674815 2977401019.612681 3577165245.263455 9434935445.068239 9607059634.739573 9738445167.972086 9839660783.200293 9918435584.139233 9980411321.41481
 2.566866203822926e-009 327.8995394226293 2173980.620753614 19200244.81901517 72271672.76270737 183060419.0331111 367183434.3092028 631748419.8078105 976031903.5820527 1393502747.707895 1874057006.862986 2405977186.674815 2977401019.612681 3577165245.263455 9434935445.068239 9607059634.739573 9738445167.972086 9839660783.200293 9918435584.139233 9980411321.41481
 2.566866203822926e-009 327.8995394226293 2173980.620753614 19200244.81901517 72271672.76270737 183060419.0331111 367183434.3092028 631748419.8078105 976031903.5820527 1393502747.707895 1874057006.862986 2405977186.674815 2977401019.612681 3577165245.263455 9434935445.068239 9607059634.739573 9738445167.972086 9839660783.200293 9918435584.139233 9980411321.41481
 2.566866203822926e-009 327.8995394226293 2173980.620753614 19200244.81901517 72271672.76270737 183060419.0331111 367183434.3092028 631748419.8078105 976031903.5820527 1393502747.707895 1874057006.862986 2405977186.674815 2977401019.612681 3577165245.263455 9434935445.068239 9607059634.739573 9738445167.972086 9839660783.200293 9918435584.139233 9980411321.41481
 2.566866203822926e-009 327.8995394226293 2173980.620753614 19200244.81901517 72271672.76270737 183060419.0331111 367183434.3092028 631748419.8078105 976031903.5820527 1393502747.707895 1874057006.862986 2405977186.674815 2977401019.612681 3577165245.263455 9434935445.068239 9607059634.739573 9738445167.972086 9839660783.200293 9918435584.139233 9980411321.41481
 2.566866203822926e-009 327.8995394226293 2173980.620753614 19200244.81901517 72271672.76270737 183060419.0331111 367183434.3092028 631748419.8078105 976031903.5820527 1393502747.707895 1874057006.862986 2405977186.674815 2977401019.612681 3577165245.263455 9434935445.068239 9607059634.739573 9738445167.972086 9839660783.200293 9918435584.139233 9980411321.41481
 5.722016655590365e-010 327.8995394226203 2173980.620753614 19200244.81901517 72271672.76270737 183060419.0331111 367183434.3092028 631748419.8078105 976031903.5820527 1393502747.707895 1874057006.862986 2405977186.674815 2977401019.612681 3577165245.263455 9434935445.068239 9607059634.739573 9738445167.972086 9839660783.200293 9918435584.139233 9980411321.41481
 5.722016655590365e-010 327.8995394226203 2173980.620753614 19200244.81901517 72271672.76270737 183060419.0331111 367183434.3092028 631748419.8078105 976031903.5820527 1393502747.707895 1874057006.862986 2405977186.674815 2977401019.612681 3577165245.263455 9434935445.068239 9607059634.739573 9738445167.972086 9839660783.200293 9918435584.139233 9980411321.41481
 6.678814645520927e-009 327.8995394226254 2173980.620753614 19200244.81901517 72271672.76270737 183060419.0331111 367183434.3092028 631748419.8078105 976031903.5820527 1393502747.707895 1874057006.862986 2405977186.674815 2977401019.612681 3577165245.263455 9434935445.068239 9607059634.739573 9738445167.972086 9839660783.200293 9918435584.139233 9980411321.41481
 4.993796570344023e-010 327.8995394226379 2173980.620753614 19200244.81901517 72271672.76270737 183060419.0331111 367183434.3092028 631748419.8078105 976031903.5820527 1393502747.707895 1874057006.862986 2405977186.674815 2977401019.612681 3577165245.263455 9434935445.068239 9607059634.739573 9738445167.972086 9839660783.200293 9918435584.139233 9980411321.41481
 1.645690834886303e-008 327.8995394226342 2173980.620753614 19200244.81901517 72271672.76270737 183060419.0331111 367183434.3092028 631748419.8078105 976031903.5820527 1393502747.707895 1874057006.862986 2405977186.674815 2977401019.612681 3577165245.263455 9434935445.068239 9607059634.739573 9738445167.972086 9839660783.200293 9918435584.139233 9980411321.41481
 3.107630236992502e-010 327.8995394226171 2173980.620753614 19200244.81901517 72271672.76270737 183060419.0331111 367183434.3092028 631748419.8078105 976031903.5820527 1393502747.707895 1874057006.862986 2405977186.674815 2977401019.612681 3577165245.263455 9434935445.068239 9607059634.739573 9738445167.972086 9839660783.200293 9918435584.139233 9980411321.41481
 1.020671712978762e-009 327.899539422638 2173980.620753614 19200244.81901517 72271672.76270737 183060419.0331111 367183434.3092028 631748419.8078105 976031903.5820527 1393502747.707895 1874057006.862986 2405977186.674815 2977401019.612681 3577165245.263455 9434935445.068239 9607059634.739573 9738445167.972086 9839660783.200293 9918435584.139233 9980411321.41481
 5.465794588350274e-009 327.8995394226347 2173980.620753614 19200244.81901517 72271672.76270737 183060419.0331111 367183434.3092028 631748419.8078105 976031903.5820527 1393502747.707895 1874057006.862986 2405977186.674815 2977401019.612681 3577165245.263455 9434935445.068239 9607059634.739573 9738445167.972086 9839660783.200293 9918435584.139233 9980411321.41481
 2.310846239455416e-009 327.899539422653 2173980.620753614 19200244.81901517 72271672.76270737 183060419.0331111 367183434.3092028 631748419.8078105 976031903.5820527 1393502747.707895 1874057006.862986 2405977186.674815 2977401019.612681 3577165245.263455 9434935445.068239 9607059634.739573 9738445167.972086 9839660783.200293 9918435584.139233 9980411321.41481
 8.057132999781592e-008 327.8995394226914 2173980.620753614 19200244.81901517 72271672.76270737 183060419.0331111 367183434.3092028 631748419.8078105 976031903.5820527 1393502747.707895 1874057006.862986 2405977186.674815 2977401019.612681 3577165245.263455 9434935445.068239 9607059634.739573 9738445167.972086 9839660783.200293 9918435584.139233 9980411321.41481
 1.439999151767197e-008 327.8995394226307 2173980.620753614 19200244.81901517 72271672.76270737 183060419.0331111 367183434.3092028 631748419.8078105 976031903.5820527 1393502747.707895 1874057006.862986 2405977186.674815 2977401019.612681 3577165245.263455 9434935445.068239 9607059634.739573 9738445167.972086 9839660783.200293 9918435584.139233 9980411321.41481
 84834.6154173041 327.8995394226414 2173980.620753614 19200244.81901517 72271672.76270737 183060419.0331111 367183434.3092028 631748419.8078105 976031903.5820527 1393502747.707895 1874057006.862986 2405977186.674815 2977401019.612681 3577165245.263455 9434935445.068239 9607059634.739573 9738445167.972086 9839660783.200293 9918435584.139233 9980411321.41481
 4417.125173682953 327.8995394226571 2173980.620753614 19200244.81901517 72271672.76270737 183060419.0331111 367183434.3092028 631748419.8078105 976031903.5820527 1393502747.707895 1874057006.862986 2405977186.674815 2977401019.612681 3577165245.263455 9434935445.068239 9607059634.739573 9738445167.972086 9839660783.200293 9918435584.139233 9980411321.41481
 14416.4419196149 327.8995394185072 2173980.620753614 19200244.81901517 72271672.76270737 183060419.0331111 367183434.3092028 631748419.8078105 976031903.5820527 1393502747.707895 1874057006.862986 2405977186.674815 2977401019.612681 3577165245.263455 9434935445.068239 9607059634.739573 9738445167.972086 9839660783.200293 9918435584.139233 9980411321.41481
 365.9956421939489 327.8995394184921 2173980.620753614 19200244.81901517 72271672.76270737 183060419.0331111 367183434.3092028 631748419.8078105 976031903.5820527 1393502747.707895 1874057006.862986 2405977186.674815 2977401019.612681 3577165245.263455 9434935445.068239 9607059634.739573 9738445167.972086 9839660783.200293 9918435584.139233 9980411321.41481
