# Created by Octave 3.6.4, Sun Mar 09 01:01:17 2014 N. Central Asia Standard Time <unknown@OShulyakov>
# name: LowTst
# type: matrix
# rows: 50
# columns: 20
 1.094768271342653e-009 192.7844103364654 1069399.654687992 10323535.29317887 41094143.65636792 107261855.7104522 218064251.0882683 377453304.1743711 586734274.9921126 847415882.3083074 1162512694.164577 1536227350.693517 1972794655.706731 2475227576.782049 9827639549.363707 10046415654.61747 10203567798.1071 10317033792.90734 10399544024.65751 10460033027.69489
 1.094768271342653e-009 192.7844103364654 1069399.654687992 10323535.29317887 41094143.65636792 107261855.7104522 218064251.0882683 377453304.1743711 586734274.9921126 847415882.3083074 1162512694.164577 1536227350.693517 1972794655.706731 2475227576.782049 9827639549.363707 10046415654.61747 10203567798.1071 10317033792.90734 10399544024.65751 10460033027.69489
 1.094768271342653e-009 192.7844103364654 1069399.654687992 10323535.29317887 41094143.65636792 107261855.7104522 218064251.0882683 377453304.1743711 586734274.9921126 847415882.3083074 1162512694.164577 1536227350.693517 1972794655.706731 2475227576.782049 9827639549.363707 10046415654.61747 10203567798.1071 10317033792.90734 10399544024.65751 10460033027.69489
 1.094768271342653e-009 192.7844103364654 1069399.654687992 10323535.29317887 41094143.65636792 107261855.7104522 218064251.0882683 377453304.1743711 586734274.9921126 847415882.3083074 1162512694.164577 1536227350.693517 1972794655.706731 2475227576.782049 9827639549.363707 10046415654.61747 10203567798.1071 10317033792.90734 10399544024.65751 10460033027.69489
 1.094768271342653e-009 192.7844103364654 1069399.654687992 10323535.29317887 41094143.65636792 107261855.7104522 218064251.0882683 377453304.1743711 586734274.9921126 847415882.3083074 1162512694.164577 1536227350.693517 1972794655.706731 2475227576.782049 9827639549.363707 10046415654.61747 10203567798.1071 10317033792.90734 10399544024.65751 10460033027.69489
 1.094768271342653e-009 192.7844103364654 1069399.654687992 10323535.29317887 41094143.65636792 107261855.7104522 218064251.0882683 377453304.1743711 586734274.9921126 847415882.3083074 1162512694.164577 1536227350.693517 1972794655.706731 2475227576.782049 9827639549.363707 10046415654.61747 10203567798.1071 10317033792.90734 10399544024.65751 10460033027.69489
 2.3271930798259e-010 192.7844236812435 1069399.654687992 10323535.29317887 41094143.65636792 107261855.7104522 218064251.0882683 377453304.1743711 586734274.9921126 847415882.3083074 1162512694.164577 1536227350.693517 1972794655.706731 2475227576.782049 9827639549.363707 10046415654.61747 10203567798.1071 10317033792.90734 10399544024.65751 10460033027.69489
 2.3271930798259e-010 192.7844236812435 1069399.654687992 10323535.29317887 41094143.65636792 107261855.7104522 218064251.0882683 377453304.1743711 586734274.9921126 847415882.3083074 1162512694.164577 1536227350.693517 1972794655.706731 2475227576.782049 9827639549.363707 10046415654.61747 10203567798.1071 10317033792.90734 10399544024.65751 10460033027.69489
 2.598318843319099e-009 192.78440736877 1069399.654687992 10323535.29317887 41094143.65636792 107261855.7104522 218064251.0882683 377453304.1743711 586734274.9921126 847415882.3083074 1162512694.164577 1536227350.693517 1972794655.706731 2475227576.782049 9827639549.363707 10046415654.61747 10203567798.1071 10317033792.90734 10399544024.65751 10460033027.69489
 2.265820083807305e-010 192.7843979739549 1069399.654687992 10323535.29317887 41094143.65636792 107261855.7104522 218064251.0882683 377453304.1743711 586734274.9921126 847415882.3083074 1162512694.164577 1536227350.693517 1972794655.706731 2475227576.782049 9827639549.363707 10046415654.61747 10203567798.1071 10317033792.90734 10399544024.65751 10460033027.69489
 6.4011503900562e-009 192.7844023847309 1069399.654687992 10323535.29317887 41094143.65636792 107261855.7104522 218064251.0882683 377453304.1743711 586734274.9921126 847415882.3083074 1162512694.164577 1536227350.693517 1972794655.706731 2475227576.782049 9827639549.363707 10046415654.61747 10203567798.1071 10317033792.90734 10399544024.65751 10460033027.69489
 1.232629252052615e-010 192.7844134607829 1069399.654687992 10323535.29317887 41094143.65636792 107261855.7104522 218064251.0882683 377453304.1743711 586734274.9921126 847415882.3083074 1162512694.164577 1536227350.693517 1972794655.706731 2475227576.782049 9827639549.363707 10046415654.61747 10203567798.1071 10317033792.90734 10399544024.65751 10460033027.69489
 4.003295943973308e-010 192.7843992394023 1069399.654687992 10323535.29317887 41094143.65636792 107261855.7104522 218064251.0882683 377453304.1743711 586734274.9921126 847415882.3083074 1162512694.164577 1536227350.693517 1972794655.706731 2475227576.782049 9827639549.363707 10046415654.61747 10203567798.1071 10317033792.90734 10399544024.65751 10460033027.69489
 2.171700456945546e-009 192.7844013154923 1069399.654687992 10323535.29317887 41094143.65636792 107261855.7104522 218064251.0882683 377453304.1743711 586734274.9921126 847415882.3083074 1162512694.164577 1536227350.693517 1972794655.706731 2475227576.782049 9827639549.363707 10046415654.61747 10203567798.1071 10317033792.90734 10399544024.65751 10460033027.69489
 9.003440774633807e-010 192.784378307565 1069399.654687992 10323535.29317887 41094143.65636792 107261855.7104522 218064251.0882683 377453304.1743711 586734274.9921126 847415882.3083074 1162512694.164577 1536227350.693517 1972794655.706731 2475227576.782049 9827639549.363707 10046415654.61747 10203567798.1071 10317033792.90734 10399544024.65751 10460033027.69489
 3.151056010991944e-008 192.7843781742827 1069399.654687992 10323535.29317887 41094143.65636792 107261855.7104522 218064251.0882683 377453304.1743711 586734274.9921126 847415882.3083074 1162512694.164577 1536227350.693517 1972794655.706731 2475227576.782049 9827639549.363707 10046415654.61747 10203567798.1071 10317033792.90734 10399544024.65751 10460033027.69489
 5.639781444554219e-009 192.7843943096088 1069399.654687992 10323535.29317887 41094143.65636792 107261855.7104522 218064251.0882683 377453304.1743711 586734274.9921126 847415882.3083074 1162512694.164577 1536227350.693517 1972794655.706731 2475227576.782049 9827639549.363707 10046415654.61747 10203567798.1071 10317033792.90734 10399544024.65751 10460033027.69489
 85003.8851382071 192.7843907521766 1069399.654687992 10323535.29317887 41094143.65636792 107261855.7104522 218064251.0882683 377453304.1743711 586734274.9921126 847415882.3083074 1162512694.164577 1536227350.693517 1972794655.706731 2475227576.782049 9827639549.363707 10046415654.61747 10203567798.1071 10317033792.90734 10399544024.65751 10460033027.69489
 4428.949369558794 192.7843848038239 1069399.654687992 10323535.29317887 41094143.65636792 107261855.7104522 218064251.0882683 377453304.1743711 586734274.9921126 847415882.3083074 1162512694.164577 1536227350.693517 1972794655.706731 2475227576.782049 9827639549.363707 10046415654.61747 10203567798.1071 10317033792.90734 10399544024.65751 10460033027.69489
 14443.29933736934 192.7844256027247 1069399.654687992 10323535.29317887 41094143.65636792 107261855.7104522 218064251.0882683 377453304.1743711 586734274.9921126 847415882.3083074 1162512694.164577 1536227350.693517 1972794655.706731 2475227576.782049 9827639549.363707 10046415654.61747 10203567798.1071 10317033792.90734 10399544024.65751 10460033027.69489
 366.2174689289195 192.7844042342496 1069399.654687992 10323535.29317887 41094143.65636792 107261855.7104522 218064251.0882683 377453304.1743711 586734274.9921126 847415882.3083074 1162512694.164577 1536227350.693517 1972794655.706731 2475227576.782049 9827639549.363707 10046415654.61747 10203567798.1071 10317033792.90734 10399544024.65751 10460033027.69489
