# Created by Octave 3.6.4, Thu Mar 20 14:17:31 2014 N. Central Asia Standard Time <unknown@OShulyakov>
# name: HighTst
# type: matrix
# rows: 50
# columns: 18
 2.910822385943152e-014 185.6617764732146 1107168.293044912 10577058.2344531 41943642.38852396 109264593.1699491 221883625.9796224 383782672.9251634 596224954.9166056 860624378.8193305 1179894426.526928 1558182720.996475 9185353457.568014 9612869270.715183 9920647758.16783 10141386688.68111 10299959915.2386 10414454407.48318
 2.910822385943152e-014 185.6617764732146 1107168.293044912 10577058.2344531 41943642.38852396 109264593.1699491 221883625.9796224 383782672.9251634 596224954.9166056 860624378.8193305 1179894426.526928 1558182720.996475 9185353457.568014 9612869270.715183 9920647758.16783 10141386688.68111 10299959915.2386 10414454407.48318
 2.910822385943152e-014 185.6617764732146 1107168.293044912 10577058.2344531 41943642.38852396 109264593.1699491 221883625.9796224 383782672.9251634 596224954.9166056 860624378.8193305 1179894426.526928 1558182720.996475 9185353457.568014 9612869270.715183 9920647758.16783 10141386688.68111 10299959915.2386 10414454407.48318
 2.910822385943152e-014 185.6617764732146 1107168.293044912 10577058.2344531 41943642.38852396 109264593.1699491 221883625.9796224 383782672.9251634 596224954.9166056 860624378.8193305 1179894426.526928 1558182720.996475 9185353457.568014 9612869270.715183 9920647758.16783 10141386688.68111 10299959915.2386 10414454407.48318
 2.910822385943152e-014 185.6617764732146 1107168.293044912 10577058.2344531 41943642.38852396 109264593.1699491 221883625.9796224 383782672.9251634 596224954.9166056 860624378.8193305 1179894426.526928 1558182720.996475 9185353457.568014 9612869270.715183 9920647758.16783 10141386688.68111 10299959915.2386 10414454407.48318
 2.910822385943152e-014 185.6617764732146 1107168.293044912 10577058.2344531 41943642.38852396 109264593.1699491 221883625.9796224 383782672.9251634 596224954.9166056 860624378.8193305 1179894426.526928 1558182720.996475 9185353457.568014 9612869270.715183 9920647758.16783 10141386688.68111 10299959915.2386 10414454407.48318
 9.035393100715322e-013 185.6617757346669 1107168.293044912 10577058.2344531 41943642.38852396 109264593.1699491 221883625.9796224 383782672.9251634 596224954.9166056 860624378.8193305 1179894426.526928 1558182720.996475 9185353457.568014 9612869270.715183 9920647758.16783 10141386688.68111 10299959915.2386 10414454407.48318
 9.035393100715322e-013 185.6617757346669 1107168.293044912 10577058.2344531 41943642.38852396 109264593.1699491 221883625.9796224 383782672.9251634 596224954.9166056 860624378.8193305 1179894426.526928 1558182720.996475 9185353457.568014 9612869270.715183 9920647758.16783 10141386688.68111 10299959915.2386 10414454407.48318
 3.621041072680967e-013 185.6617784906208 1107168.293044912 10577058.2344531 41943642.38852396 109264593.1699491 221883625.9796224 383782672.9251634 596224954.9166056 860624378.8193305 1179894426.526928 1558182720.996475 9185353457.568014 9612869270.715183 9920647758.16783 10141386688.68111 10299959915.2386 10414454407.48318
 3.321849430263742e-013 185.6617865914103 1107168.293044912 10577058.2344531 41943642.38852396 109264593.1699491 221883625.9796224 383782672.9251634 596224954.9166056 860624378.8193305 1179894426.526928 1558182720.996475 9185353457.568014 9612869270.715183 9920647758.16783 10141386688.68111 10299959915.2386 10414454407.48318
 1.915048549570257e-013 185.6617786011097 1107168.293044912 10577058.2344531 41943642.38852396 109264593.1699491 221883625.9796224 383782672.9251634 596224954.9166056 860624378.8193305 1179894426.526928 1558182720.996475 9185353457.568014 9612869270.715183 9920647758.16783 10141386688.68111 10299959915.2386 10414454407.48318
 1.021867130731291e-012 185.6617841992079 1107168.293044912 10577058.2344531 41943642.38852396 109264593.1699491 221883625.9796224 383782672.9251634 596224954.9166056 860624378.8193305 1179894426.526928 1558182720.996475 9185353457.568014 9612869270.715183 9920647758.16783 10141386688.68111 10299959915.2386 10414454407.48318
 1.081182946567741e-015 185.6617787954967 1107168.293044912 10577058.2344531 41943642.38852396 109264593.1699491 221883625.9796224 383782672.9251634 596224954.9166056 860624378.8193305 1179894426.526928 1558182720.996475 9185353457.568014 9612869270.715183 9920647758.16783 10141386688.68111 10299959915.2386 10414454407.48318
 6.872645229885759e-013 185.661780873225 1107168.293044912 10577058.2344531 41943642.38852396 109264593.1699491 221883625.9796224 383782672.9251634 596224954.9166056 860624378.8193305 1179894426.526928 1558182720.996475 9185353457.568014 9612869270.715183 9920647758.16783 10141386688.68111 10299959915.2386 10414454407.48318
 5.643537373148177e-014 185.6617768898781 1107168.293044912 10577058.2344531 41943642.38852396 109264593.1699491 221883625.9796224 383782672.9251634 596224954.9166056 860624378.8193305 1179894426.526928 1558182720.996475 9185353457.568014 9612869270.715183 9920647758.16783 10141386688.68111 10299959915.2386 10414454407.48318
 3.702100914052911e-014 185.6617875464649 1107168.293044912 10577058.2344531 41943642.38852396 109264593.1699491 221883625.9796224 383782672.9251634 596224954.9166056 860624378.8193305 1179894426.526928 1558182720.996475 9185353457.568014 9612869270.715183 9920647758.16783 10141386688.68111 10299959915.2386 10414454407.48318
 5.262478538480127e-013 185.661781487945 1107168.293044912 10577058.2344531 41943642.38852396 109264593.1699491 221883625.9796224 383782672.9251634 596224954.9166056 860624378.8193305 1179894426.526928 1558182720.996475 9185353457.568014 9612869270.715183 9920647758.16783 10141386688.68111 10299959915.2386 10414454407.48318
 3.629669374615088e-013 185.6617891195637 1107168.293044912 10577058.2344531 41943642.38852396 109264593.1699491 221883625.9796224 383782672.9251634 596224954.9166056 860624378.8193305 1179894426.526928 1558182720.996475 9185353457.568014 9612869270.715183 9920647758.16783 10141386688.68111 10299959915.2386 10414454407.48318
 2.230485749308238e-013 185.6617899772626 1107168.293044912 10577058.2344531 41943642.38852396 109264593.1699491 221883625.9796224 383782672.9251634 596224954.9166056 860624378.8193305 1179894426.526928 1558182720.996475 9185353457.568014 9612869270.715183 9920647758.16783 10141386688.68111 10299959915.2386 10414454407.48318
 4774.236187408831 185.6617835957566 1107168.293044912 10577058.2344531 41943642.38852396 109264593.1699491 221883625.9796224 383782672.9251634 596224954.9166056 860624378.8193305 1179894426.526928 1558182720.996475 9185353457.568014 9612869270.715183 9920647758.16783 10141386688.68111 10299959915.2386 10414454407.48318
 6997.51822213577 185.6617842915083 1107168.293044912 10577058.2344531 41943642.38852396 109264593.1699491 221883625.9796224 383782672.9251634 596224954.9166056 860624378.8193305 1179894426.526928 1558182720.996475 9185353457.568014 9612869270.715183 9920647758.16783 10141386688.68111 10299959915.2386 10414454407.48318
 1837.938986987007 185.6617821191145 1107168.293044912 10577058.2344531 41943642.38852396 109264593.1699491 221883625.9796224 383782672.9251634 596224954.9166056 860624378.8193305 1179894426.526928 1558182720.996475 9185353457.568014 9612869270.715183 9920647758.16783 10141386688.68111 10299959915.2386 10414454407.48318
 675.1569075223199 185.6617750491578 1107168.293044912 10577058.2344531 41943642.38852396 109264593.1699491 221883625.9796224 383782672.9251634 596224954.9166056 860624378.8193305 1179894426.526928 1558182720.996475 9185353457.568014 9612869270.715183 9920647758.16783 10141386688.68111 10299959915.2386 10414454407.48318
 445.3439030298933 185.6617762958601 1107168.292992716 10577058.2344531 41943642.38852396 109264593.1699491 221883625.9796224 383782672.9251634 596224954.9166056 860624378.8193305 1179894426.526928 1558182720.996475 9185353457.568014 9612869270.715183 9920647758.16783 10141386688.68111 10299959915.2386 10414454407.48318
