# Created by Octave 3.6.4, Tue Mar 11 16:28:23 2014 N. Central Asia Standard Time <unknown@OShulyakov>
# name: CloseTr
# type: matrix
# rows: 50
# columns: 18
 3.728913394689309e-035 3.749017048308619e-034 7.870633240186526e-034 1.635330374742879e-027 2.247188719038881e-026 2.24724058148141e-026 2.247250569249192e-026 2.247230458667153e-026 2.247234212077932e-026 2.247231812937977e-026 2.247229163384637e-026 2.247229453342373e-026 2.247229655391875e-026 2.247229655391879e-026 2.247229655391875e-026 2.247229655391875e-026 2.247229655391875e-026 2.247229655391875e-026
 6.908339130006435e-013 6.979919449132597e-013 6.979970991843228e-013 6.979970970312128e-013 6.979970973344682e-013 6.979970977848005e-013 6.979970975297152e-013 6.979970983039836e-013 6.979970992304581e-013 6.979970982757602e-013 6.979970998730157e-013 6.979970979626175e-013 6.979970975016108e-013 6.979970971367149e-013 6.979970986366515e-013 6.979970971635165e-013 6.979970986186208e-013 6.979970984046658e-013
 2.755266130059292e-012 2.768283712189343e-012 2.768296251395704e-012 2.768296263619345e-012 2.768296264934764e-012 2.768296263587581e-012 2.768296264113366e-012 2.768296266432438e-012 2.768296265532449e-012 2.768296264914041e-012 2.768296264112833e-012 2.768296264588951e-012 2.768296267171996e-012 2.76829626676323e-012 2.768296266033543e-012 2.768296265584254e-012 2.768296265321231e-012 2.768296265389052e-012
 1.095699400653758e-011 1.097679460947343e-011 1.09768168765704e-011 1.097681691355096e-011 1.09768169134863e-011 1.097681691444727e-011 1.097681691352677e-011 1.097681691258178e-011 1.097681691228273e-011 1.097681691300775e-011 1.097681691335065e-011 1.097681691419805e-011 1.097681691219903e-011 1.097681691531828e-011 1.09768169153721e-011 1.09768169142967e-011 1.097681691515444e-011 1.097681691516471e-011
 4.332306018958348e-011 4.334865435076226e-011 4.334868409887198e-011 4.334868416521963e-011 4.334868416431819e-011 4.334868416359791e-011 4.334868416486351e-011 4.334868416524753e-011 4.334868416397018e-011 4.334868416626784e-011 4.334868416527222e-011 4.334868416725796e-011 4.334868416527708e-011 4.334868416562878e-011 4.334868416680591e-011 4.334868416650231e-011 4.334868416648673e-011 4.334868416647372e-011
 1.693715005290949e-010 1.693990984272257e-010 1.693991244029484e-010 1.69399124492407e-010 1.693991244922409e-010 1.693991244910638e-010 1.693991244923105e-010 1.693991244905681e-010 1.693991244921924e-010 1.693991244922408e-010 1.69399124493203e-010 1.69399124492432e-010 1.693991244944756e-010 1.693991244936499e-010 1.693991244933365e-010 1.693991244933978e-010 1.693991244927094e-010 1.693991244920771e-010
 6.479036248220341e-010 6.47923007160059e-010 6.479229937637947e-010 6.479229938601497e-010 6.479229938590173e-010 6.479229938584617e-010 6.479229938587181e-010 6.479229938601102e-010 6.479229938598428e-010 6.479229938597053e-010 6.479229938596405e-010 6.479229938577634e-010 6.479229938588047e-010 6.479229938582117e-010 6.479229938599639e-010 6.47922993859151e-010 6.479229938593097e-010 6.479229938597876e-010
 2.380264916544528e-009 2.380244025872188e-009 2.380243861468654e-009 2.380243861528376e-009 2.380243861529357e-009 2.380243861530178e-009 2.380243861530031e-009 2.38024386152837e-009 2.38024386152964e-009 2.380243861528966e-009 2.380243861527344e-009 2.38024386152887e-009 2.380243861529702e-009 2.380243861530144e-009 2.380243861530277e-009 2.380243861531129e-009 2.380243861531114e-009 2.380243861530517e-009
 8.153108658894189e-009 8.152941925877247e-009 8.152941294216952e-009 8.152941294128314e-009 8.152941294129084e-009 8.152941294131488e-009 8.15294129413066e-009 8.152941294130187e-009 8.152941294130928e-009 8.152941294130116e-009 8.152941294130321e-009 8.152941294130169e-009 8.152941294132019e-009 8.152941294132149e-009 8.152941294133066e-009 8.152941294131863e-009 8.152941294132832e-009 8.152941294132852e-009
 2.510134267109818e-008 2.510069624370417e-008 2.510069441477421e-008 2.510069441423848e-008 2.510069441423624e-008 2.510069441423915e-008 2.510069441423875e-008 2.510069441423916e-008 2.510069441423872e-008 2.510069441423902e-008 2.510069441423815e-008 2.510069441423937e-008 2.510069441423764e-008 2.510069441423942e-008 2.510069441423954e-008 2.510069441423944e-008 2.510069441423905e-008 2.51006944142395e-008
 6.791862526402233e-008 6.791648833509422e-008 6.791648387624804e-008 6.791648387449063e-008 6.791648387448706e-008 6.791648387448901e-008 6.791648387448699e-008 6.791648387448727e-008 6.791648387448705e-008 6.791648387448754e-008 6.791648387448817e-008 6.79164838744884e-008 6.791648387448653e-008 6.791648387448752e-008 6.791648387448787e-008 6.791648387448858e-008 6.791648387448758e-008 6.791648387448813e-008
 1.652229443090921e-007 1.652164961761393e-007 1.652164858545628e-007 1.652164858495172e-007 1.652164858495133e-007 1.652164858495121e-007 1.652164858495114e-007 1.652164858495102e-007 1.652164858495116e-007 1.6521648584951e-007 1.652164858495107e-007 1.652164858495119e-007 1.652164858495117e-007 1.65216485849511e-007 1.652164858495108e-007 1.652164858495116e-007 1.65216485849511e-007 1.652164858495116e-007
 3.803981513321421e-007 3.803813551954843e-007 3.803813311603472e-007 3.803813311472327e-007 3.803813311472015e-007 3.803813311472029e-007 3.803813311472029e-007 3.80381331147203e-007 3.803813311472019e-007 3.803813311472034e-007 3.803813311472034e-007 3.80381331147203e-007 3.803813311472032e-007 3.803813311472029e-007 3.803813311472029e-007 3.803813311472028e-007 3.803813311472027e-007 3.803813311472023e-007
 8.292994524319017e-007 8.292653815228187e-007 8.29265331486818e-007 8.292653314589886e-007 8.292653314589272e-007 8.292653314589264e-007 8.292653314589263e-007 8.292653314589265e-007 8.292653314589265e-007 8.292653314589268e-007 8.292653314589261e-007 8.292653314589268e-007 8.292653314589272e-007 8.292653314589273e-007 8.292653314589275e-007 8.292653314589279e-007 8.292653314589275e-007 8.292653314589275e-007
 1.613303464768403e-006 1.613253365264246e-006 1.613253283861562e-006 1.61325328381779e-006 1.613253283817683e-006 1.613253283817682e-006 1.613253283817683e-006 1.613253283817682e-006 1.613253283817682e-006 1.613253283817683e-006 1.613253283817683e-006 1.613253283817683e-006 1.613253283817683e-006 1.613253283817683e-006 1.613253283817683e-006 1.613253283817683e-006 1.613253283817683e-006 1.613253283817683e-006
 2.673737084762407e-006 2.673683867016151e-006 2.673683768575802e-006 2.673683768525996e-006 2.67368376852585e-006 2.673683768525848e-006 2.673683768525847e-006 2.673683768525847e-006 2.673683768525848e-006 2.673683768525846e-006 2.673683768525847e-006 2.673683768525849e-006 2.673683768525848e-006 2.673683768525849e-006 2.673683768525849e-006 2.673683768525848e-006 2.673683768525849e-006 2.673683768525849e-006
 3.766820723558501e-006 3.766777667288524e-006 3.766777577669644e-006 3.766777577626998e-006 3.766777577626861e-006 3.766777577626863e-006 3.766777577626862e-006 3.766777577626862e-006 3.766777577626862e-006 3.766777577626862e-006 3.766777577626862e-006 3.766777577626862e-006 3.766777577626862e-006 3.766777577626862e-006 3.766777577626862e-006 3.766777577626862e-006 3.766777577626862e-006 3.766777577626862e-006
 4.647835460305216e-006 4.647806859578589e-006 4.647806794807921e-006 4.647806794778472e-006 4.647806794778374e-006 4.647806794778374e-006 4.647806794778374e-006 4.647806794778374e-006 4.647806794778374e-006 4.647806794778374e-006 4.647806794778374e-006 4.647806794778374e-006 4.647806794778374e-006 4.647806794778374e-006 4.647806794778374e-006 4.647806794778374e-006 4.647806794778374e-006 4.647806794778374e-006
