# Created by Octave 3.6.4, Tue Mar 11 16:28:23 2014 N. Central Asia Standard Time <unknown@OShulyakov>
# name: CloseTst
# type: matrix
# rows: 50
# columns: 18
 3.868253821803427e-035 3.718199694473853e-034 5.14933800015279e-034 1.866516809833933e-027 8.766015831935456e-027 8.765860753134431e-027 8.765875676874465e-027 8.766023630030522e-027 8.766189347030083e-027 8.766067821627114e-027 8.766049831201789e-027 8.766054248687136e-027 8.766049205293868e-027 8.766049205293868e-027 8.766049205293868e-027 8.766049205293868e-027 8.766049205293868e-027 8.766049205293868e-027
 7.002720727962052e-013 7.068092820493289e-013 7.068362373174897e-013 7.068362363732606e-013 7.068362368452753e-013 7.068362373011475e-013 7.068362369689639e-013 7.068362379166354e-013 7.068362388172731e-013 7.068362379561393e-013 7.068362394783995e-013 7.068362374135431e-013 7.06836236962755e-013 7.068362365829442e-013 7.068362383748028e-013 7.068362365905987e-013 7.068362382873663e-013 7.068362380585148e-013
 2.793124082871416e-012 2.806944761813773e-012 2.806995777672199e-012 2.806995793167989e-012 2.806995794667867e-012 2.806995793269046e-012 2.806995793838986e-012 2.806995796317786e-012 2.806995795524773e-012 2.806995794872349e-012 2.806995793688429e-012 2.806995794449795e-012 2.806995797309566e-012 2.806995796722313e-012 2.806995795971455e-012 2.806995795573205e-012 2.80699579518408e-012 2.806995795287511e-012
 1.11092605263653e-011 1.113733010814212e-011 1.113742325897227e-011 1.113742331993216e-011 1.113742332011163e-011 1.113742332109112e-011 1.113742332003e-011 1.113742331906337e-011 1.113742331854222e-011 1.113742331942883e-011 1.113742331977753e-011 1.113742332061512e-011 1.113742331860125e-011 1.113742332210271e-011 1.113742332214775e-011 1.113742332098914e-011 1.113742332183977e-011 1.113742332189954e-011
 4.393868110534051e-011 4.399440998136957e-011 4.39945769500957e-011 4.399457711606141e-011 4.399457711557773e-011 4.399457711466834e-011 4.399457711609011e-011 4.39945771164738e-011 4.399457711510426e-011 4.399457711790833e-011 4.399457711646375e-011 4.399457711876555e-011 4.399457711666415e-011 4.399457711701984e-011 4.399457711831037e-011 4.399457711806471e-011 4.399457711802716e-011 4.399457711797035e-011
 1.718845190369312e-010 1.719916239429982e-010 1.719919200970013e-010 1.71991920478015e-010 1.719919204788283e-010 1.719919204773124e-010 1.719919204787896e-010 1.719919204767556e-010 1.719919204785927e-010 1.719919204785051e-010 1.71991920479747e-010 1.719919204789838e-010 1.719919204813641e-010 1.719919204803456e-010 1.719919204799728e-010 1.719919204800686e-010 1.719919204793484e-010 1.719919204786047e-010
 6.583313637075804e-010 6.585261059755105e-010 6.585266155866474e-010 6.585266163806741e-010 6.585266163812831e-010 6.585266163806716e-010 6.585266163809675e-010 6.585266163825104e-010 6.585266163822071e-010 6.585266163818617e-010 6.585266163818924e-010 6.585266163799072e-010 6.585266163810817e-010 6.585266163804319e-010 6.585266163824152e-010 6.585266163814651e-010 6.585266163817704e-010 6.585266163821697e-010
 2.424575789227525e-009 2.42489294680864e-009 2.424893751557631e-009 2.424893753093327e-009 2.424893753097715e-009 2.424893753098644e-009 2.424893753098462e-009 2.424893753096609e-009 2.424893753098071e-009 2.424893753097289e-009 2.424893753095532e-009 2.424893753097078e-009 2.424893753098015e-009 2.424893753098678e-009 2.424893753098771e-009 2.424893753099865e-009 2.424893753099772e-009 2.42489375309911e-009
 8.346000455151286e-009 8.346394058796923e-009 8.346395097553889e-009 8.346395100314311e-009 8.346395100321119e-009 8.346395100323616e-009 8.346395100322618e-009 8.346395100322103e-009 8.346395100322894e-009 8.346395100321988e-009 8.346395100322211e-009 8.346395100322054e-009 8.346395100324319e-009 8.346395100324345e-009 8.346395100325283e-009 8.346395100323938e-009 8.346395100325101e-009 8.34639510032509e-009
 2.594392368777782e-008 2.594400672403224e-008 2.5944007496641e-008 2.594400750115194e-008 2.594400750115971e-008 2.594400750116272e-008 2.594400750116224e-008 2.594400750116268e-008 2.594400750116208e-008 2.594400750116259e-008 2.594400750116152e-008 2.594400750116291e-008 2.594400750116101e-008 2.59440075011631e-008 2.594400750116324e-008 2.594400750116308e-008 2.59440075011626e-008 2.594400750116316e-008
 7.143634554395376e-008 7.143474386404603e-008 7.143474306070316e-008 7.143474306715638e-008 7.143474306716946e-008 7.143474306717125e-008 7.143474306716913e-008 7.143474306716939e-008 7.143474306716921e-008 7.143474306716976e-008 7.14347430671704e-008 7.143474306717072e-008 7.143474306716855e-008 7.143474306716966e-008 7.143474306717017e-008 7.14347430671709e-008 7.143474306716986e-008 7.143474306717048e-008
 1.784239525719403e-007 1.784170347663649e-007 1.784170293409997e-007 1.784170293483249e-007 1.784170293483496e-007 1.784170293483483e-007 1.784170293483475e-007 1.784170293483461e-007 1.784170293483477e-007 1.78417029348346e-007 1.784170293483468e-007 1.784170293483481e-007 1.784170293483478e-007 1.78417029348347e-007 1.784170293483468e-007 1.784170293483477e-007 1.78417029348347e-007 1.784170293483477e-007
 4.226139152662557e-007 4.225946000624955e-007 4.225945825547075e-007 4.225945825588356e-007 4.225945825588496e-007 4.225945825588512e-007 4.225945825588512e-007 4.225945825588515e-007 4.225945825588501e-007 4.225945825588519e-007 4.225945825588519e-007 4.225945825588513e-007 4.225945825588516e-007 4.225945825588513e-007 4.225945825588515e-007 4.225945825588512e-007 4.22594582558851e-007 4.225945825588507e-007
 9.398073597136268e-007 9.397682426593599e-007 9.397682006679454e-007 9.397682006615425e-007 9.397682006615502e-007 9.397682006615497e-007 9.397682006615496e-007 9.397682006615499e-007 9.397682006615499e-007 9.397682006615502e-007 9.397682006615496e-007 9.397682006615501e-007 9.397682006615507e-007 9.397682006615508e-007 9.39768200661551e-007 9.397682006615515e-007 9.39768200661551e-007 9.39768200661551e-007
 1.844951291142578e-006 1.844894645967776e-006 1.844894572723089e-006 1.844894572701814e-006 1.844894572701791e-006 1.844894572701789e-006 1.84489457270179e-006 1.84489457270179e-006 1.84489457270179e-006 1.84489457270179e-006 1.84489457270179e-006 1.84489457270179e-006 1.844894572701791e-006 1.84489457270179e-006 1.84489457270179e-006 1.844894572701791e-006 1.844894572701791e-006 1.844894572701791e-006
 3.065082253516704e-006 3.06502296344029e-006 3.065022871417392e-006 3.065022871386983e-006 3.065022871386913e-006 3.065022871386911e-006 3.065022871386909e-006 3.06502287138691e-006 3.065022871386911e-006 3.065022871386909e-006 3.06502287138691e-006 3.065022871386911e-006 3.065022871386911e-006 3.065022871386911e-006 3.065022871386911e-006 3.065022871386911e-006 3.065022871386911e-006 3.065022871386911e-006
 4.317240736345159e-006 4.317193289261442e-006 4.317193203619749e-006 4.317193203590989e-006 4.317193203590908e-006 4.317193203590911e-006 4.317193203590909e-006 4.31719320359091e-006 4.31719320359091e-006 4.31719320359091e-006 4.31719320359091e-006 4.31719320359091e-006 4.31719320359091e-006 4.31719320359091e-006 4.31719320359091e-006 4.31719320359091e-006 4.31719320359091e-006 4.31719320359091e-006
 5.322951421645546e-006 5.322920122618757e-006 5.322920059946012e-006 5.322920059925164e-006 5.322920059925103e-006 5.322920059925103e-006 5.322920059925103e-006 5.322920059925103e-006 5.322920059925103e-006 5.322920059925103e-006 5.322920059925103e-006 5.322920059925103e-006 5.322920059925103e-006 5.322920059925103e-006 5.322920059925103e-006 5.322920059925103e-006 5.322920059925103e-006 5.322920059925103e-006
