# Created by Octave 3.6.4, Tue Mar 11 16:28:23 2014 N. Central Asia Standard Time <unknown@OShulyakov>
# name: HighTr
# type: matrix
# rows: 50
# columns: 18
 4.589461628654074e-035 2.263648249865321e-034 7.672068665465875e-034 1.426409216887999e-026 1.557733770898655e-026 1.55775577229856e-026 1.557754209179105e-026 1.557750918955268e-026 1.557754265961694e-026 1.557760671874146e-026 1.557760795395033e-026 1.557760790792059e-026 1.557760789909821e-026 1.557760789909821e-026 1.557760789909821e-026 1.557760789909821e-026 1.557760789909821e-026 1.557760789909821e-026
 6.71657426695867e-013 6.999091620697849e-013 6.999197940063716e-013 6.999198092989128e-013 6.999198098635506e-013 6.99919809502806e-013 6.999198099113209e-013 6.999198108071657e-013 6.999198090074973e-013 6.999198113879831e-013 6.999198086597491e-013 6.9991981066519e-013 6.999198094598052e-013 6.9991981163548e-013 6.999198116725695e-013 6.999198095912832e-013 6.999198098668108e-013 6.999198097083114e-013
 2.679916226596504e-012 2.723118574459978e-012 2.723143456528675e-012 2.723143512066442e-012 2.723143511277792e-012 2.723143510874491e-012 2.723143510750917e-012 2.723143512519379e-012 2.723143511494173e-012 2.723143512412839e-012 2.7231435110747e-012 2.723143510720656e-012 2.723143512067804e-012 2.723143510313842e-012 2.723143511950702e-012 2.723143511025467e-012 2.723143510052554e-012 2.723143509962216e-012
 1.066633832301484e-011 1.072170619810303e-011 1.07217474402408e-011 1.072174754354835e-011 1.072174754517912e-011 1.07217475439712e-011 1.072174754411141e-011 1.072174754517929e-011 1.072174754476438e-011 1.072174754498695e-011 1.072174754340423e-011 1.072174754294558e-011 1.072174754457853e-011 1.072174754503851e-011 1.072174754455916e-011 1.072174754572387e-011 1.072174754462321e-011 1.072174754480339e-011
 4.224474607435114e-011 4.230417224577654e-011 4.23042263342798e-011 4.230422648048398e-011 4.230422648178844e-011 4.230422648214068e-011 4.230422648088192e-011 4.230422648196091e-011 4.230422648326816e-011 4.230422648353788e-011 4.230422648183085e-011 4.230422648192922e-011 4.230422648354629e-011 4.230422648163879e-011 4.230422648293045e-011 4.230422648396543e-011 4.230422648228059e-011 4.230422648232724e-011
 1.657072840229361e-010 1.657491328066467e-010 1.657491903981096e-010 1.657491905621163e-010 1.657491905619709e-010 1.657491905621043e-010 1.65749190561625e-010 1.657491905625828e-010 1.657491905624811e-010 1.65749190562752e-010 1.657491905622502e-010 1.657491905622786e-010 1.657491905635553e-010 1.657491905620791e-010 1.657491905620486e-010 1.657491905625371e-010 1.657491905634137e-010 1.657491905630161e-010
 6.380579734670357e-010 6.380105826392545e-010 6.380106204750423e-010 6.380106205954668e-010 6.380106205961606e-010 6.380106205973023e-010 6.380106205962615e-010 6.380106205966286e-010 6.380106205972246e-010 6.38010620595582e-010 6.380106205958145e-010 6.380106205970458e-010 6.380106205970978e-010 6.380106205968745e-010 6.380106205969668e-010 6.38010620596983e-010 6.380106205974153e-010 6.380106205965298e-010
 2.374003420228877e-009 2.373613283973467e-009 2.373613227927511e-009 2.373613227822982e-009 2.373613227822843e-009 2.373613227822406e-009 2.373613227824093e-009 2.373613227823209e-009 2.373613227822588e-009 2.373613227822794e-009 2.373613227822202e-009 2.373613227823331e-009 2.37361322782231e-009 2.37361322782309e-009 2.373613227822387e-009 2.373613227823716e-009 2.373613227823525e-009 2.373613227823895e-009
 8.325619113021049e-009 8.32403424985517e-009 8.324033846079636e-009 8.324033845159853e-009 8.324033845161772e-009 8.324033845161231e-009 8.324033845160504e-009 8.32403384516067e-009 8.324033845160253e-009 8.324033845161363e-009 8.324033845161322e-009 8.324033845161047e-009 8.324033845162263e-009 8.324033845161697e-009 8.32403384516133e-009 8.324033845160741e-009 8.324033845161006e-009 8.324033845160655e-009
 2.668040202034464e-008 2.667509346338254e-008 2.667509186928764e-008 2.66750918658378e-008 2.667509186583778e-008 2.667509186583686e-008 2.667509186583627e-008 2.667509186583707e-008 2.667509186583653e-008 2.66750918658371e-008 2.667509186583688e-008 2.667509186583738e-008 2.667509186583682e-008 2.667509186583749e-008 2.667509186583741e-008 2.66750918658374e-008 2.667509186583748e-008 2.667509186583751e-008
 7.627050632972784e-008 7.625534736344922e-008 7.625534205487203e-008 7.625534204482128e-008 7.625534204481118e-008 7.625534204480941e-008 7.625534204480991e-008 7.625534204480966e-008 7.625534204480946e-008 7.625534204480912e-008 7.625534204480967e-008 7.625534204480983e-008 7.625534204480938e-008 7.625534204481015e-008 7.625534204481115e-008 7.625534204480966e-008 7.625534204480982e-008 7.625534204481084e-008
 1.934867420610264e-007 1.934512503832621e-007 1.934512357305606e-007 1.934512357071522e-007 1.93451235707125e-007 1.93451235707127e-007 1.934512357071259e-007 1.934512357071268e-007 1.934512357071266e-007 1.934512357071264e-007 1.934512357071264e-007 1.934512357071268e-007 1.934512357071265e-007 1.934512357071267e-007 1.934512357071268e-007 1.934512357071268e-007 1.934512357071262e-007 1.934512357071264e-007
 4.352341061309199e-007 4.351705907312502e-007 4.351705605924382e-007 4.351705605513999e-007 4.351705605513526e-007 4.351705605513496e-007 4.351705605513496e-007 4.351705605513493e-007 4.351705605513488e-007 4.351705605513488e-007 4.351705605513492e-007 4.351705605513494e-007 4.351705605513496e-007 4.351705605513494e-007 4.351705605513488e-007 4.351705605513498e-007 4.35170560551349e-007 4.35170560551349e-007
 8.597837249316181e-007 8.597021460835733e-007 8.597021018574091e-007 8.59702101806645e-007 8.59702101806573e-007 8.597021018065728e-007 8.597021018065728e-007 8.597021018065736e-007 8.59702101806573e-007 8.597021018065734e-007 8.59702101806573e-007 8.597021018065738e-007 8.597021018065734e-007 8.597021018065736e-007 8.59702101806574e-007 8.59702101806574e-007 8.597021018065738e-007 8.59702101806574e-007
 1.492959771603858e-006 1.492884576991723e-006 1.492884526012744e-006 1.492884525968372e-006 1.492884525968311e-006 1.49288452596831e-006 1.492884525968311e-006 1.492884525968311e-006 1.492884525968311e-006 1.492884525968311e-006 1.492884525968311e-006 1.492884525968311e-006 1.492884525968312e-006 1.492884525968312e-006 1.492884525968312e-006 1.492884525968311e-006 1.492884525968311e-006 1.492884525968311e-006
 2.297022131171736e-006 2.296968628386705e-006 2.296968576268989e-006 2.296968576238932e-006 2.296968576238882e-006 2.29696857623888e-006 2.29696857623888e-006 2.29696857623888e-006 2.29696857623888e-006 2.29696857623888e-006 2.29696857623888e-006 2.29696857623888e-006 2.29696857623888e-006 2.296968576238881e-006 2.29696857623888e-006 2.29696857623888e-006 2.296968576238881e-006 2.29696857623888e-006
 3.131903457883961e-006 3.131871048965771e-006 3.13187100266263e-006 3.13187100264478e-006 3.131871002644739e-006 3.13187100264474e-006 3.131871002644739e-006 3.131871002644739e-006 3.131871002644739e-006 3.131871002644739e-006 3.131871002644739e-006 3.131871002644739e-006 3.13187100264474e-006 3.13187100264474e-006 3.13187100264474e-006 3.13187100264474e-006 3.13187100264474e-006 3.13187100264474e-006
 3.822168542894288e-006 3.822150559496058e-006 3.822150525348883e-006 3.822150525338887e-006 3.822150525338858e-006 3.822150525338858e-006 3.822150525338858e-006 3.822150525338858e-006 3.822150525338858e-006 3.822150525338858e-006 3.822150525338858e-006 3.822150525338858e-006 3.822150525338858e-006 3.822150525338858e-006 3.822150525338858e-006 3.822150525338858e-006 3.822150525338858e-006 3.822150525338857e-006
