# Created by Octave 3.6.4, Tue Mar 11 16:28:23 2014 N. Central Asia Standard Time <unknown@OShulyakov>
# name: HighCv
# type: matrix
# rows: 50
# columns: 18
 2.786770259975085e-035 1.23831780689958e-034 3.07769460319807e-034 2.681804544550262e-027 2.909015746182606e-027 2.908837701095514e-027 2.909047735299362e-027 2.908896726898558e-027 2.908896174076812e-027 2.908923613588003e-027 2.908920247434946e-027 2.908920248740658e-027 2.908920248741129e-027 2.908920248741129e-027 2.908920248741129e-027 2.908920248741127e-027 2.908920248741129e-027 2.908920248741129e-027
 3.745641476931356e-013 4.130258184025306e-013 4.130469062548827e-013 4.130469192530057e-013 4.130469196219168e-013 4.130469194220573e-013 4.130469196715897e-013 4.130469202072411e-013 4.130469191276059e-013 4.130469205752451e-013 4.130469189302569e-013 4.130469201148992e-013 4.130469193822589e-013 4.13046920707606e-013 4.130469207392457e-013 4.130469194582624e-013 4.130469196417101e-013 4.130469195419803e-013
 1.494509427173302e-012 1.58382190322504e-012 1.583875426457876e-012 1.583875491471501e-012 1.583875491054967e-012 1.583875490799498e-012 1.583875490720647e-012 1.583875491791443e-012 1.583875491183953e-012 1.583875491724914e-012 1.583875490906369e-012 1.583875490715582e-012 1.583875491553979e-012 1.583875490501767e-012 1.583875491452661e-012 1.583875490903687e-012 1.583875490313025e-012 1.583875490259958e-012
 5.948273242732879e-012 6.14140123028469e-012 6.141525220289934e-012 6.141525413985292e-012 6.141525415068602e-012 6.141525414367569e-012 6.141525414412192e-012 6.141525415058139e-012 6.141525414784866e-012 6.141525414917585e-012 6.141525414015939e-012 6.141525413741341e-012 6.14152541469367e-012 6.141525415011201e-012 6.14152541471717e-012 6.141525415385805e-012 6.141525414742604e-012 6.141525414851188e-012
 2.355832991689861e-011 2.395756098554926e-011 2.395782900566157e-011 2.395782947939689e-011 2.395782948049292e-011 2.395782948068775e-011 2.395782947996458e-011 2.395782948058988e-011 2.395782948133198e-011 2.395782948154709e-011 2.395782948049539e-011 2.395782948060487e-011 2.39578294815471e-011 2.395782948047352e-011 2.395782948120114e-011 2.395782948178892e-011 2.395782948082262e-011 2.395782948083895e-011
 9.2407223649606e-011 9.320732366001556e-011 9.320787790778791e-011 9.320787894477391e-011 9.320787894561492e-011 9.320787894563154e-011 9.320787894538736e-011 9.320787894586644e-011 9.320787894587073e-011 9.320787894598779e-011 9.320787894574559e-011 9.320787894577439e-011 9.32078789465387e-011 9.320787894568895e-011 9.320787894564444e-011 9.32078789459468e-011 9.320787894644599e-011 9.320787894619936e-011
 3.558031228770253e-010 3.573596095846776e-010 3.573607215924059e-010 3.573607237167615e-010 3.573607237191367e-010 3.573607237197678e-010 3.573607237192091e-010 3.573607237194441e-010 3.57360723719758e-010 3.573607237187978e-010 3.573607237189777e-010 3.573607237196485e-010 3.573607237197133e-010 3.573607237195417e-010 3.573607237196296e-010 3.573607237196168e-010 3.573607237198875e-010 3.57360723719378e-010
 1.323740426797888e-009 1.326643832813142e-009 1.32664600249304e-009 1.326646006622029e-009 1.326646006626085e-009 1.326646006625888e-009 1.326646006626873e-009 1.326646006626353e-009 1.326646006626028e-009 1.326646006626123e-009 1.32664600662578e-009 1.32664600662642e-009 1.326646006625853e-009 1.326646006626317e-009 1.326646006625935e-009 1.326646006626675e-009 1.326646006626587e-009 1.326646006626769e-009
 4.64182897415813e-009 4.646868352588601e-009 4.64687243240301e-009 4.646872439939667e-009 4.646872439949165e-009 4.646872439948915e-009 4.646872439948505e-009 4.646872439948576e-009 4.646872439948332e-009 4.646872439948953e-009 4.646872439948953e-009 4.646872439948815e-009 4.646872439949542e-009 4.646872439949199e-009 4.646872439948979e-009 4.646872439948658e-009 4.646872439948827e-009 4.646872439948612e-009
 1.487329612106694e-008 1.488096752255145e-008 1.488097473781491e-008 1.488097475034878e-008 1.488097475036514e-008 1.488097475036462e-008 1.488097475036432e-008 1.488097475036477e-008 1.488097475036442e-008 1.488097475036477e-008 1.488097475036461e-008 1.488097475036496e-008 1.488097475036462e-008 1.488097475036505e-008 1.488097475036502e-008 1.488097475036499e-008 1.488097475036503e-008 1.488097475036507e-008
 4.252436011214792e-008 4.253340714223283e-008 4.253341853354748e-008 4.253341855151786e-008 4.253341855154189e-008 4.253341855154099e-008 4.25334185515413e-008 4.253341855154108e-008 4.253341855154103e-008 4.253341855154081e-008 4.253341855154113e-008 4.253341855154126e-008 4.253341855154096e-008 4.253341855154138e-008 4.253341855154202e-008 4.253341855154112e-008 4.253341855154123e-008 4.253341855154184e-008
 1.080521245859903e-007 1.080575925168295e-007 1.080576072215922e-007 1.080576072418921e-007 1.080576072419237e-007 1.080576072419249e-007 1.080576072419243e-007 1.080576072419247e-007 1.080576072419247e-007 1.080576072419245e-007 1.080576072419245e-007 1.080576072419248e-007 1.080576072419246e-007 1.080576072419247e-007 1.080576072419247e-007 1.080576072419248e-007 1.080576072419245e-007 1.080576072419245e-007
 2.443645874208904e-007 2.443594340891495e-007 2.443594484694513e-007 2.443594484852736e-007 2.443594484853062e-007 2.443594484853047e-007 2.443594484853046e-007 2.443594484853044e-007 2.443594484853041e-007 2.443594484853042e-007 2.443594484853043e-007 2.443594484853045e-007 2.443594484853046e-007 2.443594484853045e-007 2.443594484853041e-007 2.443594484853046e-007 2.443594484853043e-007 2.443594484853042e-007
 4.879769742563716e-007 4.879603113567507e-007 4.879603225324524e-007 4.879603225394985e-007 4.879603225395172e-007 4.879603225395172e-007 4.879603225395172e-007 4.879603225395176e-007 4.879603225395173e-007 4.879603225395175e-007 4.879603225395174e-007 4.879603225395178e-007 4.879603225395176e-007 4.879603225395176e-007 4.879603225395179e-007 4.879603225395179e-007 4.879603225395178e-007 4.879603225395178e-007
 8.596690296052547e-007 8.596489505714225e-007 8.596489579395719e-007 8.596489579405489e-007 8.596489579405643e-007 8.596489579405639e-007 8.596489579405647e-007 8.596489579405643e-007 8.596489579405642e-007 8.596489579405643e-007 8.596489579405642e-007 8.596489579405642e-007 8.596489579405648e-007 8.596489579405648e-007 8.596489579405648e-007 8.596489579405645e-007 8.596489579405647e-007 8.596489579405645e-007
 1.340309751657373e-006 1.340293779217555e-006 1.340293781558938e-006 1.340293781558143e-006 1.340293781558153e-006 1.340293781558152e-006 1.340293781558152e-006 1.340293781558152e-006 1.340293781558152e-006 1.340293781558152e-006 1.340293781558152e-006 1.340293781558152e-006 1.340293781558152e-006 1.340293781558152e-006 1.340293781558152e-006 1.340293781558152e-006 1.340293781558152e-006 1.340293781558152e-006
 1.843930727493631e-006 1.843920520512554e-006 1.843920518341864e-006 1.843920518341013e-006 1.843920518341017e-006 1.843920518341018e-006 1.843920518341018e-006 1.843920518341018e-006 1.843920518341017e-006 1.843920518341018e-006 1.843920518341017e-006 1.843920518341018e-006 1.843920518341018e-006 1.843920518341018e-006 1.843920518341018e-006 1.843920518341018e-006 1.843920518341018e-006 1.843920518341018e-006
 2.261697537526287e-006 2.26169170758083e-006 2.261691703886489e-006 2.261691703885865e-006 2.261691703885866e-006 2.261691703885866e-006 2.261691703885866e-006 2.261691703885866e-006 2.261691703885866e-006 2.261691703885866e-006 2.261691703885866e-006 2.261691703885866e-006 2.261691703885866e-006 2.261691703885866e-006 2.261691703885866e-006 2.261691703885866e-006 2.261691703885866e-006 2.261691703885866e-006
