# Created by Octave 3.6.4, Tue Mar 11 16:28:23 2014 N. Central Asia Standard Time <unknown@OShulyakov>
# name: HighTst
# type: matrix
# rows: 50
# columns: 18
 5.110875183512924e-035 2.139149706912572e-034 6.673887759593241e-034 8.870219052568065e-027 8.48205787663507e-027 8.48193031007407e-027 8.483090825755976e-027 8.482324617452576e-027 8.482597617653282e-027 8.482599652457241e-027 8.482592350739057e-027 8.482592480251876e-027 8.482592480258405e-027 8.482592480258405e-027 8.482592480258405e-027 8.482592480258333e-027 8.482592480258405e-027 8.482592480258405e-027
 7.228230521727875e-013 7.363763802473511e-013 7.363901736250289e-013 7.36390186438647e-013 7.363901870659756e-013 7.363901867222848e-013 7.363901871584287e-013 7.363901881736463e-013 7.363901862023545e-013 7.363901888122474e-013 7.363901858287752e-013 7.363901880073631e-013 7.36390186622106e-013 7.363901890465665e-013 7.363901891463445e-013 7.363901867654748e-013 7.363901871395805e-013 7.363901869586594e-013
 2.88432732507357e-012 2.896036826371541e-012 2.896054778088162e-012 2.896054834093209e-012 2.896054833292433e-012 2.896054832738905e-012 2.896054832621893e-012 2.89605483473312e-012 2.896054833512722e-012 2.89605483453246e-012 2.896054833005607e-012 2.896054832609676e-012 2.896054834265777e-012 2.896054832269928e-012 2.896054834048761e-012 2.896054832995823e-012 2.896054831884156e-012 2.896054831782838e-012
 1.148197872687873e-011 1.147426268131965e-011 1.147427378554502e-011 1.147427391943965e-011 1.147427392123436e-011 1.147427391993226e-011 1.147427391998058e-011 1.147427392121693e-011 1.147427392072096e-011 1.147427392100964e-011 1.147427391923604e-011 1.147427391876731e-011 1.147427392053589e-011 1.147427392122519e-011 1.147427392064142e-011 1.147427392191415e-011 1.147427392074559e-011 1.147427392091989e-011
 4.549139059596539e-011 4.542682090115675e-011 4.542679883629425e-011 4.542679910856884e-011 4.542679911011062e-011 4.542679911046053e-011 4.542679910907656e-011 4.542679911038485e-011 4.542679911177584e-011 4.542679911218924e-011 4.54267991101848e-011 4.542679911038353e-011 4.542679911215359e-011 4.542679911001373e-011 4.542679911156966e-011 4.542679911266016e-011 4.542679911076803e-011 4.542679911082058e-011
 1.785683329321564e-010 1.783643354734711e-010 1.783642260810237e-010 1.783642265914513e-010 1.78364226591507e-010 1.783642265916654e-010 1.783642265911412e-010 1.783642265921372e-010 1.783642265921294e-010 1.783642265924823e-010 1.783642265919183e-010 1.783642265919157e-010 1.783642265934846e-010 1.783642265917305e-010 1.783642265916729e-010 1.783642265922649e-010 1.783642265932125e-010 1.783642265927231e-010
 6.885259398625344e-010 6.879807773226465e-010 6.879804640400109e-010 6.879804649497996e-010 6.879804649511133e-010 6.87980464952386e-010 6.879804649512336e-010 6.879804649517403e-010 6.879804649523824e-010 6.879804649505083e-010 6.879804649507616e-010 6.879804649520677e-010 6.87980464952215e-010 6.879804649518738e-010 6.879804649520637e-010 6.879804649520385e-010 6.879804649525563e-010 6.879804649515864e-010
 2.568485900412895e-009 2.56706104195883e-009 2.567060252429048e-009 2.567060253925779e-009 2.567060253927346e-009 2.567060253926849e-009 2.567060253928779e-009 2.567060253927665e-009 2.567060253927012e-009 2.567060253927228e-009 2.567060253926447e-009 2.567060253927847e-009 2.567060253926695e-009 2.567060253927637e-009 2.567060253926846e-009 2.567060253928344e-009 2.567060253928149e-009 2.567060253928543e-009
 9.05037827753948e-009 9.046590061974108e-009 9.046588123102389e-009 9.046588125112688e-009 9.046588125118353e-009 9.04658812511782e-009 9.04658812511693e-009 9.046588125117105e-009 9.046588125116644e-009 9.046588125117891e-009 9.046588125117886e-009 9.046588125117569e-009 9.046588125118973e-009 9.046588125118344e-009 9.046588125117982e-009 9.046588125117251e-009 9.046588125117628e-009 9.046588125117196e-009
 2.922941838610795e-008 2.921940840461393e-008 2.921940363855649e-008 2.921940363982928e-008 2.921940363983591e-008 2.921940363983522e-008 2.921940363983451e-008 2.921940363983548e-008 2.921940363983482e-008 2.92194036398355e-008 2.92194036398352e-008 2.921940363983585e-008 2.921940363983513e-008 2.921940363983593e-008 2.921940363983589e-008 2.921940363983585e-008 2.921940363983594e-008 2.921940363983597e-008
 8.446420833299287e-008 8.443953252327029e-008 8.443952097377769e-008 8.443952097006759e-008 8.443952097006861e-008 8.443952097006683e-008 8.443952097006741e-008 8.44395209700671e-008 8.443952097006688e-008 8.443952097006648e-008 8.443952097006718e-008 8.443952097006735e-008 8.443952097006676e-008 8.443952097006766e-008 8.443952097006884e-008 8.443952097006714e-008 8.443952097006729e-008 8.443952097006849e-008
 2.16793060091639e-007 2.167407113224252e-007 2.167406854758621e-007 2.167406854589099e-007 2.16740685458898e-007 2.167406854589004e-007 2.16740685458899e-007 2.167406854589e-007 2.167406854588999e-007 2.167406854588996e-007 2.167406854588995e-007 2.167406854589001e-007 2.167406854588998e-007 2.167406854589e-007 2.167406854589e-007 2.167406854589001e-007 2.167406854588995e-007 2.167406854588997e-007
 4.925643008591986e-007 4.92476686953329e-007 4.924766393445505e-007 4.924766393076379e-007 4.924766393076043e-007 4.924766393076013e-007 4.924766393076011e-007 4.924766393076007e-007 4.924766393076001e-007 4.924766393076003e-007 4.924766393076006e-007 4.92476639307601e-007 4.924766393076012e-007 4.924766393076009e-007 4.924766393076001e-007 4.924766393076013e-007 4.924766393076004e-007 4.924766393076003e-007
 9.808319146453965e-007 9.807239386686419e-007 9.807238719997613e-007 9.807238719496125e-007 9.807238719495433e-007 9.807238719495431e-007 9.807238719495431e-007 9.807238719495439e-007 9.807238719495433e-007 9.807238719495437e-007 9.807238719495435e-007 9.807238719495441e-007 9.807238719495437e-007 9.807238719495441e-007 9.807238719495443e-007 9.807238719495446e-007 9.807238719495443e-007 9.807238719495443e-007
 1.713536824704687e-006 1.713439507845605e-006 1.713439433910337e-006 1.713439433864546e-006 1.713439433864479e-006 1.713439433864478e-006 1.713439433864479e-006 1.713439433864479e-006 1.713439433864478e-006 1.713439433864479e-006 1.713439433864478e-006 1.713439433864479e-006 1.71343943386448e-006 1.71343943386448e-006 1.71343943386448e-006 1.713439433864479e-006 1.713439433864479e-006 1.713439433864479e-006
 2.645494037053547e-006 2.645425653780792e-006 2.645425582626856e-006 2.645425582595435e-006 2.645425582595376e-006 2.645425582595373e-006 2.645425582595373e-006 2.645425582595373e-006 2.645425582595373e-006 2.645425582595373e-006 2.645425582595373e-006 2.645425582595373e-006 2.645425582595373e-006 2.645425582595373e-006 2.645425582595373e-006 2.645425582595373e-006 2.645425582595373e-006 2.645425582595373e-006
 3.611096300857876e-006 3.611055255665217e-006 3.611055195986037e-006 3.611055195967547e-006 3.611055195967498e-006 3.611055195967499e-006 3.611055195967498e-006 3.611055195967499e-006 3.611055195967498e-006 3.611055195967498e-006 3.611055195967498e-006 3.611055195967499e-006 3.611055195967499e-006 3.611055195967499e-006 3.611055195967499e-006 3.611055195967499e-006 3.611055195967499e-006 3.611055195967499e-006
 4.407153086494729e-006 4.407130481869048e-006 4.407130439428295e-006 4.407130439418114e-006 4.407130439418079e-006 4.407130439418079e-006 4.407130439418079e-006 4.40713043941808e-006 4.407130439418079e-006 4.40713043941808e-006 4.407130439418079e-006 4.407130439418079e-006 4.407130439418079e-006 4.407130439418079e-006 4.407130439418079e-006 4.407130439418079e-006 4.407130439418079e-006 4.407130439418079e-006
