# Created by Octave 3.6.4, Tue Mar 11 16:28:23 2014 N. Central Asia Standard Time <unknown@OShulyakov>
# name: OpenTr
# type: matrix
# rows: 50
# columns: 18
 4.450267345812444e-035 2.879484209130379e-034 1.260371106825293e-033 8.43831345527995e-027 1.498092090549648e-026 1.498108868332082e-026 1.498122593923113e-026 1.498109593812587e-026 1.498112537049271e-026 1.498111494643545e-026 1.498111859438052e-026 1.498111839056132e-026 1.498111862321839e-026 1.498111862321844e-026 1.498111862321839e-026 1.49811186232167e-026 1.498111862321839e-026 1.498111862321839e-026
 5.819780303747351e-013 5.884948360241197e-013 5.885027324757563e-013 5.885027315084068e-013 5.885027351438473e-013 5.885027343600243e-013 5.885027353720818e-013 5.885027323330253e-013 5.885027330083746e-013 5.885027366782923e-013 5.885027344000157e-013 5.885027323110751e-013 5.885027349167443e-013 5.885027352835037e-013 5.88502735053628e-013 5.885027344497272e-013 5.88502734321516e-013 5.885027337011597e-013
 2.321562689042e-012 2.332028580375313e-012 2.332043726979275e-012 2.332043737723353e-012 2.332043737622071e-012 2.332043738527897e-012 2.332043737782832e-012 2.332043737096262e-012 2.332043737866498e-012 2.332043738774852e-012 2.33204373772028e-012 2.33204373757551e-012 2.332043737801719e-012 2.332043739667832e-012 2.332043737923007e-012 2.332043738135807e-012 2.332043737397308e-012 2.332043737172819e-012
 9.235833986178887e-012 9.249704787460058e-012 9.249726934421214e-012 9.249726954067093e-012 9.249726955189693e-012 9.249726955811686e-012 9.249726955276471e-012 9.249726956606625e-012 9.249726955660312e-012 9.24972695447682e-012 9.249726956230361e-012 9.249726954844068e-012 9.249726955915669e-012 9.249726957510728e-012 9.249726956746439e-012 9.249726956342399e-012 9.249726955571807e-012 9.249726955289073e-012
 3.654596635644666e-011 3.656154959327194e-011 3.656157439870822e-011 3.6561574427583e-011 3.656157442700511e-011 3.656157442822258e-011 3.656157442711715e-011 3.656157442615497e-011 3.656157442737756e-011 3.656157442654044e-011 3.656157442661564e-011 3.656157442848045e-011 3.656157442971132e-011 3.65615744304039e-011 3.656157442815658e-011 3.656157442926778e-011 3.656157442797876e-011 3.656157442797742e-011
 1.430973919238644e-010 1.431110264745651e-010 1.431110417157543e-010 1.43111041748193e-010 1.431110417492585e-010 1.431110417460062e-010 1.431110417474755e-010 1.431110417476817e-010 1.43111041748582e-010 1.431110417468311e-010 1.431110417482858e-010 1.431110417484221e-010 1.431110417486767e-010 1.43111041749958e-010 1.431110417492917e-010 1.431110417499326e-010 1.431110417503737e-010 1.431110417496884e-010
 5.490888160694686e-010 5.490897082043182e-010 5.490896754077145e-010 5.490896754340914e-010 5.490896754322497e-010 5.490896754308856e-010 5.490896754331626e-010 5.490896754324998e-010 5.490896754326874e-010 5.490896754326439e-010 5.490896754330548e-010 5.490896754317938e-010 5.49089675433615e-010 5.490896754322789e-010 5.490896754325716e-010 5.490896754323997e-010 5.4908967543153e-010 5.490896754324975e-010
 2.029691342739439e-009 2.029642631832658e-009 2.029642424482292e-009 2.029642424466273e-009 2.029642424462384e-009 2.029642424464513e-009 2.029642424464875e-009 2.029642424464643e-009 2.029642424465732e-009 2.02964242446472e-009 2.029642424464666e-009 2.029642424465235e-009 2.029642424465631e-009 2.029642424465497e-009 2.029642424465553e-009 2.029642424465493e-009 2.029642424465825e-009 2.029642424465054e-009
 7.037354476829287e-009 7.037133814892649e-009 7.037133056870127e-009 7.037133056711419e-009 7.037133056707581e-009 7.037133056706233e-009 7.03713305670776e-009 7.037133056706769e-009 7.03713305670794e-009 7.037133056707581e-009 7.037133056708556e-009 7.037133056707495e-009 7.037133056708062e-009 7.037133056708405e-009 7.037133056708594e-009 7.037133056707921e-009 7.037133056708539e-009 7.037133056708737e-009
 2.217815937318407e-008 2.217739525270369e-008 2.217739301570918e-008 2.217739301512657e-008 2.217739301511973e-008 2.217739301512257e-008 2.217739301512369e-008 2.217739301512404e-008 2.217739301512214e-008 2.217739301512163e-008 2.217739301512184e-008 2.217739301512416e-008 2.217739301512258e-008 2.217739301512436e-008 2.217739301512502e-008 2.217739301512455e-008 2.217739301512454e-008 2.21773930151247e-008
 6.25325363061656e-008 6.253020015912184e-008 6.253019452692169e-008 6.253019452521138e-008 6.253019452520627e-008 6.253019452520644e-008 6.253019452520739e-008 6.253019452520631e-008 6.25301945252064e-008 6.253019452520533e-008 6.253019452520656e-008 6.25301945252074e-008 6.253019452520828e-008 6.253019452520756e-008 6.253019452520841e-008 6.253019452520686e-008 6.253019452520715e-008 6.253019452520771e-008
 1.613886810243706e-007 1.613822340358378e-007 1.613822211267138e-007 1.613822211223496e-007 1.613822211223265e-007 1.613822211223264e-007 1.613822211223254e-007 1.613822211223254e-007 1.613822211223261e-007 1.613822211223252e-007 1.613822211223252e-007 1.613822211223245e-007 1.613822211223251e-007 1.613822211223266e-007 1.613822211223254e-007 1.613822211223261e-007 1.613822211223258e-007 1.613822211223253e-007
 3.937854590330617e-007 3.937702601798869e-007 3.937702324713574e-007 3.937702324616221e-007 3.937702324615837e-007 3.937702324615855e-007 3.937702324615869e-007 3.937702324615859e-007 3.937702324615853e-007 3.937702324615848e-007 3.93770232461587e-007 3.937702324615864e-007 3.937702324615872e-007 3.937702324615871e-007 3.937702324615865e-007 3.937702324615875e-007 3.937702324615873e-007 3.937702324615869e-007
 8.859658482391921e-007 8.859383702481029e-007 8.859383189515766e-007 8.859383189347165e-007 8.859383189346536e-007 8.859383189346528e-007 8.859383189346534e-007 8.859383189346534e-007 8.859383189346528e-007 8.859383189346534e-007 8.859383189346534e-007 8.859383189346534e-007 8.859383189346534e-007 8.859383189346538e-007 8.859383189346534e-007 8.859383189346536e-007 8.859383189346536e-007 8.859383189346536e-007
 1.724375373959084e-006 1.724340223704894e-006 1.724340149400279e-006 1.724340149379426e-006 1.724340149379348e-006 1.724340149379346e-006 1.724340149379347e-006 1.724340149379347e-006 1.724340149379348e-006 1.724340149379346e-006 1.724340149379346e-006 1.724340149379347e-006 1.724340149379348e-006 1.724340149379348e-006 1.724340149379348e-006 1.724340149379347e-006 1.724340149379348e-006 1.724340149379347e-006
 2.808415130320226e-006 2.80838311227262e-006 2.808383030392553e-006 2.808383030373942e-006 2.808383030373864e-006 2.808383030373864e-006 2.808383030373864e-006 2.808383030373864e-006 2.808383030373864e-006 2.808383030373864e-006 2.808383030373864e-006 2.808383030373864e-006 2.808383030373864e-006 2.808383030373865e-006 2.808383030373864e-006 2.808383030373864e-006 2.808383030373864e-006 2.808383030373864e-006
 3.876071058156063e-006 3.876048521595833e-006 3.876048451404596e-006 3.876048451391508e-006 3.876048451391442e-006 3.876048451391441e-006 3.87604845139144e-006 3.876048451391441e-006 3.876048451391441e-006 3.876048451391441e-006 3.87604845139144e-006 3.876048451391441e-006 3.876048451391441e-006 3.876048451391441e-006 3.876048451391441e-006 3.876048451391441e-006 3.876048451391441e-006 3.876048451391441e-006
 4.707795248938433e-006 4.707781734837526e-006 4.707781685759997e-006 4.707781685752047e-006 4.707781685752002e-006 4.707781685752001e-006 4.707781685752001e-006 4.707781685752001e-006 4.707781685752001e-006 4.707781685752001e-006 4.707781685752001e-006 4.707781685752001e-006 4.707781685752001e-006 4.707781685752001e-006 4.707781685752001e-006 4.707781685752001e-006 4.707781685752001e-006 4.707781685752001e-006
