# Created by Octave 3.6.4, Tue Mar 11 16:28:23 2014 N. Central Asia Standard Time <unknown@OShulyakov>
# name: OpenTst
# type: matrix
# rows: 50
# columns: 18
 4.771060550440011e-035 2.863090326898088e-034 1.037191519091368e-033 8.718548420445291e-027 8.224633830250373e-027 8.225045029088898e-027 8.225144305967207e-027 8.224556311441008e-027 8.224955346566293e-027 8.224874251685665e-027 8.224854105506946e-027 8.22485414550707e-027 8.224854180784126e-027 8.224854180784125e-027 8.224854180784126e-027 8.224854180784132e-027 8.224854180784126e-027 8.224854180784126e-027
 5.990164693794723e-013 6.070501648002855e-013 6.070652845719309e-013 6.070652891125943e-013 6.070652933513053e-013 6.070652924090433e-013 6.07065293462657e-013 6.07065290138718e-013 6.070652907612836e-013 6.07065295087342e-013 6.070652922939169e-013 6.070652900153079e-013 6.070652930178957e-013 6.070652935817582e-013 6.070652933197201e-013 6.070652925998321e-013 6.070652924357252e-013 6.070652917554342e-013
 2.389749245865088e-012 2.402721603642559e-012 2.402756149735783e-012 2.402756175938834e-012 2.402756175878646e-012 2.40275617690161e-012 2.402756176109582e-012 2.402756175125601e-012 2.40275617627945e-012 2.402756177212868e-012 2.402756175893236e-012 2.402756175850845e-012 2.402756176087066e-012 2.402756178072421e-012 2.402756176216582e-012 2.402756176482221e-012 2.402756175587616e-012 2.402756175361919e-012
 9.508838394840493e-012 9.526701939937279e-012 9.526768248163013e-012 9.526768302274725e-012 9.526768303886583e-012 9.526768304519467e-012 9.526768304010776e-012 9.526768305430884e-012 9.52676830427793e-012 9.526768303005652e-012 9.526768305064982e-012 9.52676830331684e-012 9.526768304613636e-012 9.526768306370387e-012 9.526768305495488e-012 9.526768305098002e-012 9.526768304098695e-012 9.526768303887628e-012
 3.763998315800301e-011 3.766205942020659e-011 3.766217694402116e-011 3.766217704507999e-011 3.766217704490142e-011 3.766217704628549e-011 3.76621770450389e-011 3.766217704387309e-011 3.766217704522775e-011 3.766217704444558e-011 3.766217704442257e-011 3.766217704648747e-011 3.766217704799381e-011 3.76621770488243e-011 3.766217704610772e-011 3.76621770475256e-011 3.766217704607786e-011 3.766217704598521e-011
 1.474884289117948e-010 1.475125046473003e-010 1.475127065207123e-010 1.475127066980954e-010 1.475127067005559e-010 1.475127066967376e-010 1.475127066984449e-010 1.475127066985901e-010 1.475127066996312e-010 1.475127066975444e-010 1.47512706699297e-010 1.475127066994891e-010 1.475127066997354e-010 1.475127067012176e-010 1.475127067004179e-010 1.475127067011534e-010 1.475127067016739e-010 1.475127067008851e-010
 5.667574528286505e-010 5.667727670395379e-010 5.667730986757154e-010 5.667730989859108e-010 5.66773098986241e-010 5.667730989846778e-010 5.667730989872601e-010 5.667730989864387e-010 5.667730989866404e-010 5.667730989865759e-010 5.667730989871598e-010 5.667730989857668e-010 5.66773098987839e-010 5.667730989862738e-010 5.667730989866307e-010 5.66773098986429e-010 5.66773098985494e-010 5.667730989865264e-010
 2.100988690033927e-009 2.100948518159007e-009 2.100948997967279e-009 2.100948998491139e-009 2.100948998490894e-009 2.100948998493239e-009 2.100948998493637e-009 2.100948998493435e-009 2.100948998494639e-009 2.100948998493472e-009 2.100948998493553e-009 2.100948998494029e-009 2.100948998494502e-009 2.100948998494358e-009 2.100948998494438e-009 2.100948998494403e-009 2.100948998494796e-009 2.100948998493876e-009
 7.324900503247234e-009 7.324634392962424e-009 7.324634869663526e-009 7.324634870491722e-009 7.324634870494311e-009 7.324634870492902e-009 7.32463487049476e-009 7.324634870493562e-009 7.324634870494917e-009 7.324634870494471e-009 7.32463487049558e-009 7.324634870494313e-009 7.324634870495136e-009 7.32463487049547e-009 7.324634870495505e-009 7.324634870494887e-009 7.324634870495572e-009 7.324634870495804e-009
 2.332133144294819e-008 2.332031303171491e-008 2.332031288969816e-008 2.332031289081893e-008 2.332031289082364e-008 2.332031289082595e-008 2.332031289082723e-008 2.332031289082759e-008 2.332031289082542e-008 2.332031289082485e-008 2.332031289082507e-008 2.332031289082768e-008 2.332031289082598e-008 2.332031289082811e-008 2.332031289082878e-008 2.332031289082825e-008 2.332031289082823e-008 2.332031289082845e-008
 6.687750761389983e-008 6.687434435811693e-008 6.687434211790424e-008 6.687434211894385e-008 6.687434211895634e-008 6.687434211895665e-008 6.687434211895755e-008 6.687434211895627e-008 6.687434211895645e-008 6.687434211895521e-008 6.687434211895657e-008 6.687434211895758e-008 6.687434211895854e-008 6.687434211895773e-008 6.687434211895875e-008 6.687434211895691e-008 6.68743421189574e-008 6.687434211895797e-008
 1.764899696480044e-007 1.764814979668508e-007 1.764814903328965e-007 1.764814903326205e-007 1.76481490332623e-007 1.764814903326225e-007 1.764814903326215e-007 1.764814903326215e-007 1.764814903326222e-007 1.764814903326213e-007 1.764814903326212e-007 1.764814903326204e-007 1.764814903326211e-007 1.764814903326229e-007 1.764814903326214e-007 1.764814903326222e-007 1.764814903326219e-007 1.764814903326213e-007
 4.394768643912336e-007 4.394577360949135e-007 4.394577157964708e-007 4.394577157920707e-007 4.39457715792064e-007 4.39457715792066e-007 4.394577157920676e-007 4.394577157920666e-007 4.394577157920658e-007 4.394577157920652e-007 4.394577157920676e-007 4.39457715792067e-007 4.394577157920678e-007 4.394577157920677e-007 4.394577157920672e-007 4.394577157920683e-007 4.394577157920681e-007 4.394577157920676e-007
 1.000736902236595e-006 1.000703525207948e-006 1.000703482418476e-006 1.000703482407357e-006 1.000703482407329e-006 1.000703482407329e-006 1.000703482407329e-006 1.000703482407329e-006 1.000703482407329e-006 1.000703482407329e-006 1.000703482407329e-006 1.000703482407329e-006 1.000703482407329e-006 1.00070348240733e-006 1.000703482407329e-006 1.00070348240733e-006 1.00070348240733e-006 1.000703482407329e-006
 1.95642473376289e-006 1.956383119949977e-006 1.956383053291217e-006 1.956383053275473e-006 1.956383053275429e-006 1.956383053275427e-006 1.956383053275428e-006 1.956383053275429e-006 1.956383053275429e-006 1.956383053275427e-006 1.956383053275427e-006 1.956383053275428e-006 1.95638305327543e-006 1.956383053275429e-006 1.956383053275429e-006 1.956383053275428e-006 1.956383053275429e-006 1.956383053275429e-006
 3.187653898910523e-006 3.187616756710576e-006 3.187616680335839e-006 3.187616680321258e-006 3.187616680321207e-006 3.187616680321208e-006 3.187616680321207e-006 3.187616680321208e-006 3.187616680321208e-006 3.187616680321208e-006 3.187616680321208e-006 3.187616680321208e-006 3.187616680321208e-006 3.187616680321209e-006 3.187616680321208e-006 3.187616680321208e-006 3.187616680321208e-006 3.187616680321208e-006
 4.395394981035332e-006 4.395369280820715e-006 4.395369213945435e-006 4.395369213935234e-006 4.395369213935187e-006 4.395369213935184e-006 4.395369213935184e-006 4.395369213935184e-006 4.395369213935184e-006 4.395369213935184e-006 4.395369213935184e-006 4.395369213935184e-006 4.395369213935184e-006 4.395369213935184e-006 4.395369213935184e-006 4.395369213935184e-006 4.395369213935184e-006 4.395369213935184e-006
 5.333327889269997e-006 5.333312679562175e-006 5.333312632254967e-006 5.333312632248865e-006 5.333312632248832e-006 5.333312632248831e-006 5.333312632248831e-006 5.333312632248831e-006 5.333312632248831e-006 5.333312632248831e-006 5.333312632248831e-006 5.333312632248831e-006 5.333312632248831e-006 5.333312632248831e-006 5.333312632248831e-006 5.333312632248831e-006 5.333312632248831e-006 5.333312632248831e-006
