# Created by Octave 3.6.4, Tue Mar 11 16:28:23 2014 N. Central Asia Standard Time <unknown@OShulyakov>
# name: OpenCv
# type: matrix
# rows: 50
# columns: 18
 2.583307347866807e-035 1.599536738503077e-034 6.195041354569124e-034 1.643137389385718e-027 2.887609778075897e-027 2.887831039964733e-027 2.888018017480062e-027 2.887980517875551e-027 2.88794920629685e-027 2.887968640555292e-027 2.887955435600162e-027 2.887955529662744e-027 2.887955459312594e-027 2.887955459312594e-027 2.887955459312594e-027 2.887955459274312e-027 2.887955459312594e-027 2.887955459312594e-027
 3.257120459960207e-013 3.350390640571161e-013 3.350798961697587e-013 3.350798989492548e-013 3.350799011890317e-013 3.350799007000773e-013 3.350799012832642e-013 3.350798994975064e-013 3.350798998650538e-013 3.350799021113586e-013 3.350799006905832e-013 3.350798994573814e-013 3.350799010362295e-013 3.350799012918991e-013 3.35079901152519e-013 3.350799007789468e-013 3.350799006957848e-013 3.350799003288813e-013
 1.299330621761457e-012 1.321530372813345e-012 1.321620118375013e-012 1.321620134995173e-012 1.321620135021024e-012 1.32162013555524e-012 1.32162013512681e-012 1.321620134675885e-012 1.321620135192399e-012 1.321620135713522e-012 1.321620135056021e-012 1.321620134999672e-012 1.321620135133699e-012 1.321620136198072e-012 1.321620135200152e-012 1.321620135328525e-012 1.321620134874668e-012 1.321620134748131e-012
 5.169391718135845e-012 5.218191515174526e-012 5.218382422255326e-012 5.218382468211807e-012 5.218382469146768e-012 5.218382469492264e-012 5.218382469186878e-012 5.218382469962343e-012 5.218382469383066e-012 5.218382468700995e-012 5.218382469741442e-012 5.218382468894359e-012 5.218382469549504e-012 5.218382470479057e-012 5.218382470022591e-012 5.218382469805747e-012 5.218382469321954e-012 5.218382469178042e-012
 2.045742406854765e-011 2.055949398535662e-011 2.055988769841642e-011 2.055988781087734e-011 2.05598878111062e-011 2.055988781181485e-011 2.055988781116642e-011 2.055988781060054e-011 2.055988781130301e-011 2.055988781086658e-011 2.055988781085833e-011 2.05598878119511e-011 2.05598878127034e-011 2.055988781311728e-011 2.055988781176972e-011 2.055988781244973e-011 2.055988781169848e-011 2.05598878116777e-011
 8.011977279654336e-011 8.032684165440443e-011 8.032763352052742e-011 8.032763376691349e-011 8.032763376881306e-011 8.03276337668878e-011 8.032763376774175e-011 8.032763376784297e-011 8.032763376838047e-011 8.032763376733975e-011 8.032763376821577e-011 8.032763376830437e-011 8.032763376844971e-011 8.032763376919433e-011 8.032763376879011e-011 8.032763376917491e-011 8.03276337694397e-011 8.032763376903403e-011
 3.075700608032105e-010 3.079805467972607e-010 3.07982101952766e-010 3.07982102461191e-010 3.079821024627203e-010 3.079821024619252e-010 3.079821024632503e-010 3.079821024628563e-010 3.079821024629613e-010 3.079821024629147e-010 3.079821024631976e-010 3.079821024624655e-010 3.079821024635505e-010 3.07982102462742e-010 3.0798210246292e-010 3.079821024628178e-010 3.079821024623328e-010 3.079821024628745e-010
 1.137940509211643e-009 1.138733725654624e-009 1.138736690365333e-009 1.138736691364639e-009 1.138736691367381e-009 1.138736691368612e-009 1.138736691368836e-009 1.138736691368704e-009 1.138736691369325e-009 1.138736691368734e-009 1.138736691368719e-009 1.13873669136903e-009 1.138736691369251e-009 1.13873669136919e-009 1.138736691369227e-009 1.138736691369191e-009 1.138736691369396e-009 1.138736691368937e-009
 3.95252200909799e-009 3.953999175990208e-009 3.954004598398949e-009 3.954004600280012e-009 3.954004600287108e-009 3.954004600286353e-009 3.95400460028725e-009 3.95400460028665e-009 3.954004600287339e-009 3.954004600287123e-009 3.954004600287709e-009 3.954004600287082e-009 3.954004600287446e-009 3.954004600287628e-009 3.954004600287693e-009 3.954004600287338e-009 3.954004600287703e-009 3.954004600287809e-009
 1.249980892388703e-008 1.25024020854638e-008 1.25024114865591e-008 1.250241148990808e-008 1.250241148992067e-008 1.250241148992212e-008 1.250241148992279e-008 1.2502411489923e-008 1.250241148992188e-008 1.250241148992159e-008 1.25024114899217e-008 1.250241148992306e-008 1.250241148992215e-008 1.250241148992322e-008 1.250241148992359e-008 1.250241148992331e-008 1.25024114899233e-008 1.250241148992341e-008
 3.54656927894189e-008 3.546980089738814e-008 3.546981620208151e-008 3.546981620759074e-008 3.546981620761493e-008 3.546981620761507e-008 3.54698162076156e-008 3.546981620761497e-008 3.5469816207615e-008 3.546981620761437e-008 3.546981620761511e-008 3.546981620761561e-008 3.546981620761611e-008 3.546981620761567e-008 3.546981620761621e-008 3.546981620761528e-008 3.546981620761548e-008 3.54698162076158e-008
 9.238752925994834e-008 9.239283360449686e-008 9.239285636923583e-008 9.239285637723154e-008 9.239285637726053e-008 9.239285637726045e-008 9.239285637725986e-008 9.239285637725985e-008 9.239285637726022e-008 9.239285637725972e-008 9.239285637725968e-008 9.239285637725935e-008 9.239285637725967e-008 9.239285637726055e-008 9.239285637725981e-008 9.239285637726025e-008 9.239285637726006e-008 9.239285637725979e-008
 2.276873476167417e-007 2.276915831969144e-007 2.276916119281829e-007 2.276916119374246e-007 2.276916119374619e-007 2.276916119374629e-007 2.276916119374637e-007 2.276916119374632e-007 2.276916119374627e-007 2.276916119374624e-007 2.276916119374638e-007 2.276916119374634e-007 2.276916119374639e-007 2.276916119374638e-007 2.276916119374635e-007 2.276916119374641e-007 2.27691611937464e-007 2.276916119374637e-007
 5.161952126312288e-007 5.161946704544339e-007 5.161946980861198e-007 5.161946980935888e-007 5.161946980936251e-007 5.161946980936246e-007 5.161946980936249e-007 5.161946980936251e-007 5.161946980936247e-007 5.161946980936251e-007 5.161946980936251e-007 5.161946980936249e-007 5.161946980936251e-007 5.161946980936253e-007 5.161946980936251e-007 5.161946980936251e-007 5.161946980936252e-007 5.161946980936252e-007
 1.009455220598311e-006 1.009449079525152e-006 1.009449097398241e-006 1.00944909740189e-006 1.00944909740192e-006 1.009449097401919e-006 1.00944909740192e-006 1.00944909740192e-006 1.00944909740192e-006 1.009449097401919e-006 1.009449097401919e-006 1.009449097401919e-006 1.00944909740192e-006 1.00944909740192e-006 1.00944909740192e-006 1.00944909740192e-006 1.00944909740192e-006 1.00944909740192e-006
 1.648643031136711e-006 1.648634945506446e-006 1.648634951098401e-006 1.648634951099158e-006 1.648634951099176e-006 1.648634951099176e-006 1.648634951099176e-006 1.648634951099176e-006 1.648634951099176e-006 1.648634951099176e-006 1.648634951099176e-006 1.648634951099176e-006 1.648634951099176e-006 1.648634951099177e-006 1.648634951099176e-006 1.648634951099176e-006 1.648634951099176e-006 1.648634951099176e-006
 2.279108674361668e-006 2.279102117747958e-006 2.279102115539095e-006 2.279102115538747e-006 2.279102115538755e-006 2.279102115538754e-006 2.279102115538753e-006 2.279102115538753e-006 2.279102115538754e-006 2.279102115538754e-006 2.279102115538753e-006 2.279102115538754e-006 2.279102115538754e-006 2.279102115538754e-006 2.279102115538754e-006 2.279102115538754e-006 2.279102115538754e-006 2.279102115538754e-006
 2.770720986065907e-006 2.770716798642768e-006 2.770716794338964e-006 2.770716794338471e-006 2.770716794338473e-006 2.770716794338473e-006 2.770716794338473e-006 2.770716794338473e-006 2.770716794338473e-006 2.770716794338473e-006 2.770716794338473e-006 2.770716794338473e-006 2.770716794338473e-006 2.770716794338473e-006 2.770716794338473e-006 2.770716794338473e-006 2.770716794338473e-006 2.770716794338473e-006
 3.091537700637236e-006 3.091535332144263e-006 3.091535328635101e-006 3.091535328634743e-006 3.091535328634743e-006 3.091535328634743e-006 3.091535328634743e-006 3.091535328634743e-006 3.091535328634743e-006 3.091535328634743e-006 3.091535328634743e-006 3.091535328634743e-006 3.091535328634743e-006 3.091535328634743e-006 3.091535328634743e-006 3.091535328634743e-006 3.091535328634743e-006 3.091535328634743e-006
