# Created by Octave 3.6.4, Tue Mar 11 14:45:46 2014 N. Central Asia Standard Time <unknown@OShulyakov>
# name: power
# type: range
# base, limit, increment
1 18 1


