# Created by Octave 3.6.4, Mon Mar 10 12:24:23 2014 N. Central Asia Standard Time <unknown@OShulyakov>
# name: HighCv
# type: matrix
# rows: 50
# columns: 20
 1.537640828908617e-025 1.179684557828466e-013 6.224490734926207e-016 1.780963528875306e-009 2.544973495542176e-009 6.520095108145835e-011 8.765241820864229e-011 9.518425060922266e-013 6.969166796818207e-012 6.03109168355129e-013 5.805241232799391e-013 1.133792714038443e-014 1.06226595299199e-014 1.73953855128442e-014 2.863671266774882e-011 1.865834765338687e-010 4.795448659784727e-011 5.089419446200814e-012 1.811170860781957e-011 3.816812703429471e-011
 9.271100744192629e-012 2.518355938844956e-011 6.281480449770358e-011 6.460872762015926e-011 4.273844747573807e-011 2.252354358021624e-011 1.071765905252142e-011 5.158024876436053e-012 2.933167871860563e-012 2.25950833368861e-012 2.355282325631642e-012 2.73412555509072e-012 3.189306532636898e-012 3.545510120727804e-012 3.755127988606187e-012 3.780879700338342e-012 3.643953083778578e-012 3.372150739808371e-012 3.033987843014172e-012 2.629949194589182e-012
 3.662902683505348e-011 2.765925313287631e-011 7.858099828283883e-011 1.024753147367581e-010 8.525798991742106e-011 5.501158736897259e-011 3.066359494337763e-011 1.602212248134675e-011 8.50747638084083e-012 5.138296857353542e-012 3.911664916705534e-012 3.804733913757859e-012 4.224154838188042e-012 4.832576458693077e-012 5.389602728522012e-012 5.788627808721712e-012 5.953115772971856e-012 5.896154838242189e-012 5.654264865122511e-012 5.255679521439302e-012
 1.429990065304504e-010 3.308876640417463e-011 9.081078531574828e-011 1.418480192042648e-010 1.4559950350389e-010 1.140916751860262e-010 7.545386475132296e-011 4.510140067494318e-011 2.569166903634259e-011 1.47899396355984e-011 9.294205315678212e-012 6.926378367520525e-012 6.29634557757847e-012 6.585189947135541e-012 7.297184733858697e-012 8.100807508581571e-012 8.781202237463792e-012 9.217663626423395e-012 9.365122552148102e-012 9.236654892834511e-012
 5.457119137587506e-010 5.160138504860562e-011 1.006454795725664e-010 1.763128611190588e-010 2.151675405388715e-010 2.021049381632444e-010 1.581927130928081e-010 1.095995446676799e-010 7.028563374231265e-011 4.328387572668745e-011 2.669208426120399e-011 1.737024621559746e-011 1.267096538703703e-011 1.077236428754639e-011 1.050476484276961e-011 1.111822159869099e-011 1.211446974438791e-011 1.315437579682568e-011 1.400359898212028e-011 1.454155742695414e-011
 1.998251316602362e-009 1.216964169770723e-010 1.146619971211215e-010 2.032202296199983e-010 2.816503790887892e-010 3.085498475836504e-010 2.82652460872351e-010 2.268361274139309e-010 1.658043726480747e-010 1.138187427043962e-010 7.533890026096702e-011 4.944382434747685e-011 3.33448699961479e-011 2.409441507269601e-011 1.936733422471203e-011 1.751763873496563e-011 1.741731522736583e-011 1.829359909152366e-011 1.959923957850271e-011 2.094549831746737e-011
 6.829762636399214e-009 3.870686122710209e-010 1.541781683592703e-010 2.276187524278637e-010 3.362619169794438e-010 4.147456300861e-010 4.34731662062105e-010 4.003402678671344e-010 3.33283834683228e-010 2.573283882552079e-010 1.883461283003073e-010 1.331950925886221e-010 9.277430491988755e-011 6.510069333269094e-011 4.733518974672873e-011 3.67430717803223e-011 3.110482422985107e-011 2.878022776076302e-011 2.856277798890155e-011 2.958814928336228e-011
 2.113211007811007e-008 1.357967781473348e-009 2.963681769432452e-010 2.699484211376381e-010 3.819342697377917e-010 5.052894463195929e-010 5.881544995635029e-010 6.088184226590936e-010 5.715461211694174e-010 4.955974269851302e-010 4.036494566533508e-010 3.136684362048447e-010 2.358278923246059e-010 1.738631878472333e-010 1.27561176247823e-010 9.480368674370007e-011 7.284511787548131e-011 5.905385871209672e-011 5.11875726725384e-011 4.748961192774133e-011
 5.814405845779107e-008 4.679187932395787e-009 8.20436474249142e-010 4.0015990811655e-010 4.432259583201835e-010 5.813346767030096e-010 7.20977254158719e-010 8.16419356396834e-010 8.475387172356511e-010 8.159051146763052e-010 7.369202653689665e-010 6.313634106943513e-010 5.186633421924905e-010 4.127778645172827e-010 3.213562058348973e-010 2.471758239403109e-010 1.899288960428559e-010 1.477060884685253e-010 1.179488023773927e-010 9.807049407628857e-011
 1.423527367689087e-007 1.490976447841221e-008 2.673091002804461e-009 8.662386024542788e-010 6.049660215459255e-010 6.773411864193947e-010 8.359487162292955e-010 9.965137535380621e-010 1.114731170915012e-009 1.168588066922601e-009 1.154955835885322e-009 1.084017810752027e-009 9.731418999927744e-010 8.415358377784981e-010 7.060748654867122e-010 5.788951060783345e-010 4.670599841748943e-010 3.735354362724093e-010 2.985244893972989e-010 2.406105282360234e-010
 3.095867404936579e-007 4.254499261120999e-008 8.69416319721476e-009 2.511494892862506e-009 1.160374649898022e-009 9.156225694482783e-010 9.890385747476426e-010 1.161752672769591e-009 1.347239078379378e-009 1.498502249191631e-009 1.589237894965087e-009 1.609915840466244e-009 1.564140132216657e-009 1.464081090167768e-009 1.326330788781707e-009 1.168382645836398e-009 1.005772575683952e-009 8.503070019606524e-010 7.096094686597942e-010 5.876692078260709e-010
 5.934490600655825e-007 1.080220736935178e-007 2.604320623643936e-008 7.899146431728305e-009 3.08832248368026e-009 1.710819169025172e-009 1.378553557302584e-009 1.413503538487044e-009 1.584892812807141e-009 1.793364310186224e-009 1.98454782953215e-009 2.125576736824124e-009 2.19916516275598e-009 2.200835689865543e-009 2.135780315540433e-009 2.015529673891082e-009 1.855094934337605e-009 1.670505755720561e-009 1.476686836577494e-009 1.285928964222437e-009
 1.005240469833208e-006 2.442275418277755e-007 6.977724282680266e-008 2.360997916247475e-008 9.303247545888574e-009 4.403947264964014e-009 2.66253103925701e-009 2.10117073817448e-009 2.023982450791074e-009 2.155682195930821e-009 2.369822504628014e-009 2.597431013764548e-009 2.795834982677938e-009 2.938475597377933e-009 3.011387666070135e-009 3.010903312457507e-009 2.941212115592938e-009 2.811931506449944e-009 2.636032530453905e-009 2.428020088893525e-009
 1.505646610429121e-006 4.877037978815972e-007 1.668307501853088e-007 6.371390813047102e-008 2.710925263859968e-008 1.281248954664054e-008 6.874299374885492e-009 4.347533847769091e-009 3.315253239451038e-009 2.979869835346679e-009 2.984012705505284e-009 3.152342579461372e-009 3.388697275416507e-009 3.634114042465395e-009 3.849892806355925e-009 4.010943717789451e-009 4.102949182234318e-009 4.12044615037367e-009 4.064981946413215e-009 3.943300762943069e-009
 1.991779317835445e-006 8.593549326651992e-007 3.540754250226031e-007 1.538280514060274e-007 7.179491415023176e-008 3.601961903429118e-008 1.943130266314257e-008 1.140753070374348e-008 7.447626159105439e-009 5.513724370871119e-009 4.633943566245036e-009 4.321959344661422e-009 4.320932554828775e-009 4.485971572842985e-009 4.728831995811517e-009 4.991695771942135e-009 5.234895693794841e-009 5.431296581217605e-009 5.563566062908149e-009 5.622500129344455e-009
 2.367836770045577e-006 1.340121122431145e-006 6.62527077870616e-007 3.303196207183228e-007 1.705717437988693e-007 9.221733556806006e-008 5.235633216746169e-008 3.125020562579592e-008 1.971820249720768e-008 1.329928854757511e-008 9.715469611585065e-009 7.753505077622204e-009 6.743978193963942e-009 6.304721348187017e-009 6.209102397119139e-009 6.316535379018041e-009 6.535243230198004e-009 6.802245723519915e-009 7.072700606333689e-009 7.314326053976948e-009
 2.611137656087966e-006 1.843905886862473e-006 1.096713621139342e-006 6.257443252358336e-007 3.603688480644e-007 2.120242396359385e-007 1.283379540965552e-007 8.024002751478773e-008 5.191650287033478e-008 3.484980615014513e-008 2.438982494690301e-008 1.792262442038269e-008 1.393004635840346e-008 1.150377247526235e-008 1.008595459049979e-008 9.325359202187143e-009 8.994932963521392e-009 8.943452601997681e-009 9.066773096288783e-009 9.290659656793062e-009
