# Created by Octave 3.6.4, Mon Mar 10 12:24:23 2014 N. Central Asia Standard Time <unknown@OShulyakov>
# name: LowTr
# type: matrix
# rows: 50
# columns: 20
 1.84586610303152e-025 1.179597501733012e-013 2.307455791859303e-014 1.778962079114228e-009 2.544655821781756e-009 6.523236459401145e-011 8.765571356244328e-011 9.521498667681311e-013 6.977586017685588e-012 6.142494387086748e-013 5.860760040380681e-013 3.28293861261616e-014 4.74348623844362e-014 7.772696022390077e-014 2.881326499205771e-011 1.864740849477292e-010 4.803196319496079e-011 5.089754342799186e-012 1.810953151927955e-011 3.811968287336759e-011
 1.436829726021649e-011 2.218816163211483e-010 4.284331187731829e-010 3.046047030377506e-010 1.523145445610725e-010 6.975697671498905e-011 3.56641628426813e-011 2.580584127384584e-011 2.786265804961489e-011 3.605400324834077e-011 4.657390290763143e-011 5.56871701808782e-011 6.038276345049045e-011 5.938196528962058e-011 5.379862990343044e-011 4.577501477001895e-011 3.727032056757786e-011 2.952822241868073e-011 2.313902414763413e-011 1.826644217404648e-011
 5.680429810104464e-011 2.420704331101499e-010 6.136567806591228e-010 5.897419834528132e-010 3.656685659621428e-010 1.912004713771816e-010 9.770622348078466e-011 5.660229063452351e-011 4.382826671492551e-011 4.629464783183404e-011 5.702684057553208e-011 7.127954178386755e-011 8.464877207222794e-011 9.322248484773104e-011 9.477637217949498e-011 8.957936142159912e-011 7.976868877093584e-011 6.793731637123589e-011 5.610535637605158e-011 4.549478601236492e-011
 2.220450861560833e-010 2.592287712452518e-010 7.678659795202882e-010 9.751656816004256e-010 7.612382043401383e-010 4.709171679047486e-010 2.646444585454932e-010 1.490835879002668e-010 9.399227320067615e-011 7.439955432436944e-011 7.537489642740354e-011 8.822674055988586e-011 1.06933898448397e-010 1.261760842633718e-010 1.410391760987572e-010 1.479475991288358e-010 1.457595463806005e-010 1.35857959835405e-010 1.210695669396155e-010 1.043186196839858e-010
 8.494951317304481e-010 2.919987811480431e-010 8.751569712531554e-010 1.37842289229383e-009 1.359344818600495e-009 1.011262052880693e-009 6.516966338921098e-010 3.948303116568354e-010 2.410912503720572e-010 1.606860455985431e-010 1.269326772354186e-010 1.221396681098301e-010 1.351470117166543e-010 1.581674977169305e-010 1.846602971270257e-010 2.08551201526824e-010 2.246972441622421e-010 2.29979685076949e-010 2.240373506199142e-010 2.089613337061981e-010
 3.125766489613792e-009 4.01891680069315e-010 9.505838542498162e-010 1.708596794887369e-009 2.070234855357424e-009 1.867629717344907e-009 1.404309552381222e-009 9.557610047735323e-010 6.213706121316484e-010 4.054854927204301e-010 2.810425238194835e-010 2.196502032381955e-010 2.001264994981785e-010 2.079807639838031e-010 2.329137721444573e-010 2.666519596897537e-010 3.017282963112366e-010 3.313438323136207e-010 3.501081214322396e-010 3.550434393515168e-010
 1.078086178200425e-008 8.140811943241052e-010 1.039520529883382e-009 1.939166888954462e-009 2.723557822686761e-009 2.944476111485468e-009 2.605725770666601e-009 2.026280776658932e-009 1.460505454601649e-009 1.012833054397859e-009 6.997843015378211e-010 5.010743130321269e-010 3.881976536943886e-010 3.364243643263527e-010 3.271386329726512e-010 3.465751021495231e-010 3.839213859146969e-010 4.298393503235946e-010 4.757589573377727e-010 5.140215767858899e-010
 3.388649490226698e-008 2.331538421092371e-009 1.272035975966103e-009 2.115594264270655e-009 3.211681379572632e-009 3.991986523486767e-009 4.130880806430457e-009 3.699350787405082e-009 3.001021864225137e-009 2.28781110623896e-009 1.683453632487317e-009 1.225185736781144e-009 9.060429396244915e-010 7.017166710277593e-010 5.856084321628884e-010 5.348896264473404e-010 5.314546996859218e-010 5.609095462884692e-010 6.112040194927942e-010 6.715854469308122e-010
 9.547579132739683e-008 7.579049164222682e-009 2.091785502795098e-009 2.373408645405593e-009 3.56274132799963e-009 4.808605183089153e-009 5.631023118183847e-009 5.773097648401856e-009 5.305378487979952e-009 4.501433506095445e-009 3.619616580519836e-009 2.813925390573921e-009 2.151629427838741e-009 1.64784781238218e-009 1.290242387652519e-009 1.055354986051462e-009 9.1819529030142e-010 8.564220928872695e-010 8.512337533687451e-010 8.868067557710044e-010
 2.406897426571334e-007 2.403064466249452e-008 5.003285065678168e-009 3.122166837349182e-009 3.950441321034134e-009 5.400439855755414e-009 6.814856413748417e-009 7.767644670014388e-009 8.022706267690831e-009 7.608681013938297e-009 6.750592984666251e-009 5.707984215726932e-009 4.670762783643654e-009 3.745913375888521e-009 2.980698593587591e-009 2.385213423770904e-009 1.948391612727511e-009 1.649290103232203e-009 1.464334458845758e-009 1.371047292037266e-009
 5.397226251349561e-007 6.970073107915969e-008 1.46065849762072e-008 5.711625765053922e-009 4.877942971618329e-009 6.012534518893123e-009 7.692564417583032e-009 9.327337358789008e-009 1.051922990426549e-008 1.102279402183708e-008 1.080005386343338e-008 1.000232918045518e-008 8.866804742253957e-009 7.61197103659378e-009 6.391210959546635e-009 5.294591370320382e-009 4.366068416250517e-009 3.618961993134883e-009 3.047337755897644e-009 2.634507189238392e-009
 1.067606900168142e-006 1.817658690425895e-007 4.293486552613102e-008 1.4297098533331e-008 7.93067478411628e-009 7.366568707817748e-009 8.647512380197917e-009 1.053254386090209e-008 1.244040535126116e-008 1.398015112668069e-008 1.488314953681741e-008 1.50354838315557e-008 1.449131593808022e-008 1.34263929283518e-008 1.205750182383192e-008 1.057689868119017e-008 9.124818847693212e-009 7.790689565756346e-009 6.624665337889433e-009 5.648909224857126e-009
 1.866826972222454e-006 4.234674921748364e-007 1.167268092277899e-007 3.992521408375499e-008 1.786725492842837e-008 1.165684794922296e-008 1.081888654835292e-008 1.203847457050852e-008 1.405788599084538e-008 1.625476177577515e-008 1.822191959750026e-008 1.966267891961798e-008 2.039251395198624e-008 2.03596554033918e-008 1.964008772651535e-008 1.839727884743858e-008 1.682571428875434e-008 1.510454554948914e-008 1.337443402409601e-008 1.173421228804014e-008
 2.873745440115638e-006 8.717509596813154e-007 2.866003690428735e-007 1.075328270993149e-007 4.706082805408713e-008 2.518965474844527e-008 1.756097796443068e-008 1.576486457997665e-008 1.655492749991906e-008 1.851810992104037e-008 2.092804895962171e-008 2.332805363601505e-008 2.538597281241259e-008 2.685925836292534e-008 2.760158444065435e-008 2.757354576989551e-008 2.683670539826879e-008 2.55266122965664e-008 2.38142074869526e-008 2.187006820840103e-008
 3.874821308530465e-006 1.584527253484545e-006 6.262284970987573e-007 2.651982703166678e-007 1.229151305502578e-007 6.361960494754136e-008 3.797372150828098e-008 2.713490845368037e-008 2.330078110637769e-008 2.297164812225877e-008 2.444596770540911e-008 2.680890423818235e-008 2.950050842318936e-008 3.212974142762173e-008 3.440104667370752e-008 3.609449677890855e-008 3.706871221882362e-008 3.726731854638233e-008 3.671705107215539e-008 3.551316849014617e-008
 4.659098055957687e-006 2.542187048055471e-006 1.207287644574784e-006 5.851647278381082e-007 2.970271694757899e-007 1.602130954908505e-007 9.329983677646893e-008 5.985381028104062e-008 4.326784157971356e-008 3.562026243738447e-008 3.291693140533879e-008 3.302638834237365e-008 3.473746440768287e-008 3.730662555150491e-008 4.023372253616651e-008 4.315159124379044e-008 4.577573170883082e-008 4.788646817468889e-008 4.932739564399677e-008 5.000917952654554e-008
 5.169835820423614e-006 3.572393372056078e-006 2.05795650856426e-006 1.140673675811772e-006 6.435767751662135e-007 3.740342261622415e-007 2.260816177455058e-007 1.43748884937906e-007 9.738456086650807e-008 7.127182086257541e-008 5.69438534679149e-008 4.969592667307237e-008 4.681186506381308e-008 4.665624325062154e-008 4.8196532006941e-008 5.074345965612438e-008 5.380699700866986e-008 5.701677341740078e-008 6.008012551596079e-008 6.276273636456572e-008
