# Created by Octave 3.6.4, Mon Mar 10 12:24:23 2014 N. Central Asia Standard Time <unknown@OShulyakov>
# name: OpenCv
# type: matrix
# rows: 50
# columns: 20
 1.524482845940362e-025 1.179682548034185e-013 1.504462156003104e-015 1.78007138233101e-009 2.544688602476365e-009 6.520146525139096e-011 8.764904022272841e-011 9.500551858087193e-013 6.97616652763202e-012 6.061276326876605e-013 5.762017090586695e-013 1.050696952173659e-014 9.55608640285949e-015 1.571867538451955e-014 2.867800279150719e-011 1.866562121361199e-010 4.805196025905688e-011 5.082625943174176e-012 1.812226508162673e-011 3.815251613209789e-011
 8.055585571699009e-012 2.382793356232974e-011 5.386137831478655e-011 4.940066826115157e-011 2.992327457682137e-011 1.486809400904026e-011 7.0957118282189e-012 3.875574310189703e-012 2.963887945065396e-012 3.150711428560238e-012 3.898884788968546e-012 4.806881003687961e-012 5.549886182292655e-012 5.972323318551331e-012 5.979772425891022e-012 5.597764048042795e-012 4.977843887398925e-012 4.199652418727296e-012 3.476315815120507e-012 2.804323236004837e-012
 3.179530144505554e-011 2.62493468387875e-011 7.075586926273629e-011 8.32021218605574e-011 6.337809556834454e-011 3.820648901731041e-011 2.042374806639479e-011 1.082885064313163e-011 6.473902091205174e-012 5.03280741903396e-012 5.111781425530009e-012 6.00160042800602e-012 7.206318320559257e-012 8.35005351182211e-012 9.114017127108064e-012 9.401669360086607e-012 9.136604065167212e-012 8.436395441102923e-012 7.481082447619302e-012 6.405106056528265e-012
 1.238908929108612e-010 3.08878433727478e-011 8.448529053792382e-011 1.219193129706656e-010 1.146909242049811e-010 8.390068683283382e-011 5.253156723235183e-011 3.043157202855901e-011 1.760080381155149e-011 1.116766865843231e-011 8.59976786477885e-012 8.264904241612319e-012 9.178858230231295e-012 1.068838011964233e-011 1.230274321705233e-011 1.363187696186095e-011 1.441289862096373e-011 1.451098806951061e-011 1.397101428875506e-011 1.29143928739444e-011
 4.710536305353361e-010 4.64232914152158e-011 9.502809619236388e-011 1.588451696113261e-010 1.795336670246071e-010 1.571554771126549e-010 1.163573931018497e-010 7.709655785390781e-011 4.814804715564278e-011 2.991612323370056e-011 1.979206830111211e-011 1.500366870523718e-011 1.354567356863932e-011 1.410343039391118e-011 1.578332564300069e-011 1.791533025062441e-011 1.997290122681103e-011 2.15608705132257e-011 2.238681873351301e-011 2.236790738816868e-011
 1.713355070720356e-009 1.059509329449802e-010 1.079030277459772e-010 1.887658996565409e-010 2.477448017066842e-010 2.537748696626053e-010 2.193339984013849e-010 1.680769554322261e-010 1.183554872350277e-010 7.929671805741191e-011 5.253170841826544e-011 3.600735792669074e-011 2.69499571738398e-011 2.29357197989876e-011 2.220930252196651e-011 2.352855720047314e-011 2.59699239158172e-011 2.880812004021834e-011 3.144862287135762e-011 3.344390609351856e-011
 5.792432008547941e-009 3.327619835905413e-010 1.414857357125381e-010 2.14157854123368e-010 3.075090746440254e-010 3.60044724104589e-010 3.562552444578941e-010 3.122783498494525e-010 2.49976311451745e-010 1.86965955603304e-010 1.337451332260047e-010 9.39535814540273e-011 6.684748177489679e-011 4.993711430352812e-011 4.06009698524419e-011 3.660601832125894e-011 3.622601847846989e-011 3.816671811311641e-011 4.139810024103519e-011 4.509183353401728e-011
 1.768976807765798e-008 1.161617001239219e-009 2.62066680979978e-010 2.522917485903626e-010 3.568151469123712e-010 4.576566341150697e-010 5.085525017659355e-010 5.009594123176372e-010 4.504506572622709e-010 3.774148131285766e-010 2.9902378749822e-010 2.274552054626567e-010 1.690309444625945e-010 1.252582082665236e-010 9.481021836537085e-011 7.526504537864632e-011 6.408510111014246e-011 5.906988179884651e-011 5.84076767235736e-011 6.066057046389298e-011
 4.86230666877069e-008 3.972975452483328e-009 7.08360028313187e-010 3.635104463391336e-010 4.151383999093153e-010 5.400625169421526e-010 6.508044816521147e-010 7.080630523717617e-010 7.042012913297002e-010 6.52279730712666e-010 5.710125992521105e-010 4.772549898273446e-010 3.84445684239314e-010 3.017836504793418e-010 2.338961238887093e-010 1.817853834573637e-010 1.44210493942095e-010 1.189515327901989e-010 1.03555577010854e-010 9.575897273751712e-011
 1.242475835718506e-007 1.251443914077512e-008 2.281448831889907e-009 7.601932499115755e-010 5.55683747629377e-010 6.334322829929112e-010 7.746337388917954e-010 9.010150959752851e-010 9.746139901581375e-010 9.846285286491218e-010 9.39765907708556e-010 8.564399718284252e-010 7.510404139794275e-010 6.376423442615699e-010 5.275527247758115e-010 4.28721920954359e-010 3.455268609166092e-010 2.793012539083711e-010 2.293135780303428e-010 1.937176231229342e-010
 2.999776312729773e-007 3.547527529864458e-008 7.340093677930431e-009 2.157077662874306e-009 1.029877692765458e-009 8.431023408238141e-010 9.231306925314387e-010 1.076734463870704e-009 1.224470010029275e-009 1.325216131070186e-009 1.362162296275233e-009 1.337311678188648e-009 1.263221289719276e-009 1.155193097973219e-009 1.027472642506248e-009 8.924215658642251e-010 7.603124299434565e-010 6.388904505942282e-010 5.330696323289587e-010 4.451339822323739e-010
 6.527102572832153e-007 9.241528805408877e-008 2.174728102686934e-008 6.688492888416631e-009 2.666439571436676e-009 1.524374529935215e-009 1.266973112819601e-009 1.316694833369658e-009 1.471576133594296e-009 1.641718877207967e-009 1.778527776935455e-009 1.85677152062417e-009 1.869357893762678e-009 1.822115429341788e-009 1.727382466663582e-009 1.598885054622507e-009 1.449395568565203e-009 1.290244907759743e-009 1.131248120553977e-009 9.804345849636871e-010
 1.205755127150987e-006 2.278114333879422e-007 5.861667042962349e-008 1.974828501430996e-008 7.887107165748291e-009 3.808479329284472e-009 2.368158453213746e-009 1.921413942153059e-009 1.879815804523309e-009 2.005511790355858e-009 2.186190173454526e-009 2.359868573382362e-009 2.49025146387669e-009 2.558956841988707e-009 2.561745450468564e-009 2.504279564523979e-009 2.397410912526904e-009 2.253420193117809e-009 2.084081699605698e-009 1.90009226394201e-009
 1.860498910033261e-006 5.165340285877915e-007 1.481992146510552e-007 5.344994009092103e-008 2.268688332413024e-008 1.085242412095883e-008 5.930988201527048e-009 3.843700744086448e-009 3.006712687348145e-009 2.752448947205968e-009 2.776684253490453e-009 2.926905614006216e-009 3.117779343976023e-009 3.297193903302856e-009 3.433100408494655e-009 3.508320474952664e-009 3.517530325294047e-009 3.464067530773026e-009 3.356469862481318e-009 3.205457087905377e-009
 2.456090822066058e-006 1.01005041834345e-006 3.52566469943508e-007 1.356521282975775e-007 6.048534217951099e-008 3.016000973872149e-008 1.641414084611789e-008 9.788371512152409e-009 6.524096289544502e-009 4.942575125546741e-009 4.238882408245471e-009 4.005357947491061e-009 4.02324753389074e-009 4.166843839855144e-009 4.35849455361665e-009 4.547629105644737e-009 4.701245524830687e-009 4.799558559105702e-009 4.833431637470655e-009 4.802057418712284e-009
 2.891682900247267e-006 1.649373864226158e-006 7.459499209720222e-007 3.251159122765945e-007 1.522659500133799e-007 7.85524901811484e-008 4.398657888160169e-008 2.632941003533903e-008 1.680135994156242e-008 1.152017516715252e-008 8.583496609446089e-009 6.989500642369567e-009 6.183839137992393e-009 5.847014089392608e-009 5.787010386248037e-009 5.88289967386414e-009 6.054775478797367e-009 6.2478269637526e-009 6.424063774206763e-009 6.558055916557264e-009
 3.163670120376951e-006 2.27977802807517e-006 1.330254581413217e-006 6.978306546690039e-007 3.610027559215935e-007 1.94754061335019e-007 1.118088970149944e-007 6.818936142074423e-008 4.382710691313889e-008 2.954254456937202e-008 2.089987066922949e-008 1.559170604705988e-008 1.233256742644493e-008 1.036678438990275e-008 9.231876628862156e-009 8.635337898663912e-009 8.386324425923479e-009 8.356231827757103e-009 8.455495702687025e-009 8.619918905302781e-009
