# Created by Octave 3.6.4, Thu Mar 20 13:01:23 2014 N. Central Asia Standard Time <unknown@OShulyakov>
# name: HighCv
# type: matrix
# rows: 50
# columns: 18
 2.483175590428587e-014 1547.450662609115 18922352.68948035 134639789.9754441 421892488.219833 948916228.9149184 1837782629.701536 3305416190.412696 5664163473.959369 9305555124.314684 14683736716.46056 22293236982.25018 13650300178.91782 12073413225.29037 11074974311.5518 10508101501.81002 10253479152.84553 10222377961.93376
 2.483175590428587e-014 1547.450662609115 18922352.68948035 134639789.9754441 421892488.219833 948916228.9149184 1837782629.701536 3305416190.412696 5664163473.959369 9305555124.314684 14683736716.46056 22293236982.25018 13650300178.91782 12073413225.29037 11074974311.5518 10508101501.81002 10253479152.84553 10222377961.93376
 2.483175590428587e-014 1547.450662609115 18922352.68948035 134639789.9754441 421892488.219833 948916228.9149184 1837782629.701536 3305416190.412696 5664163473.959369 9305555124.314684 14683736716.46056 22293236982.25018 13650300178.91782 12073413225.29037 11074974311.5518 10508101501.81002 10253479152.84553 10222377961.93376
 2.483175590428587e-014 1547.450662609115 18922352.68948035 134639789.9754441 421892488.219833 948916228.9149184 1837782629.701536 3305416190.412696 5664163473.959369 9305555124.314684 14683736716.46056 22293236982.25018 13650300178.91782 12073413225.29037 11074974311.5518 10508101501.81002 10253479152.84553 10222377961.93376
 2.483175590428587e-014 1547.450662609115 18922352.68948035 134639789.9754441 421892488.219833 948916228.9149184 1837782629.701536 3305416190.412696 5664163473.959369 9305555124.314684 14683736716.46056 22293236982.25018 13650300178.91782 12073413225.29037 11074974311.5518 10508101501.81002 10253479152.84553 10222377961.93376
 2.483175590428587e-014 1547.450662609115 18922352.68948035 134639789.9754441 421892488.219833 948916228.9149184 1837782629.701536 3305416190.412696 5664163473.959369 9305555124.314684 14683736716.46056 22293236982.25018 13650300178.91782 12073413225.29037 11074974311.5518 10508101501.81002 10253479152.84553 10222377961.93376
 1.305668899339128e-012 1547.450658565243 18922352.68948035 134639789.9754441 421892488.219833 948916228.9149184 1837782629.701536 3305416190.412696 5664163473.959369 9305555124.314684 14683736716.46056 22293236982.25018 13650300178.91782 12073413225.29037 11074974311.5518 10508101501.81002 10253479152.84553 10222377961.93376
 1.305668899339128e-012 1547.450658565243 18922352.68948035 134639789.9754441 421892488.219833 948916228.9149184 1837782629.701536 3305416190.412696 5664163473.959369 9305555124.314684 14683736716.46056 22293236982.25018 13650300178.91782 12073413225.29037 11074974311.5518 10508101501.81002 10253479152.84553 10222377961.93376
 4.863281809604092e-013 1547.450673085892 18922352.68948035 134639789.9754441 421892488.219833 948916228.9149184 1837782629.701536 3305416190.412696 5664163473.959369 9305555124.314684 14683736716.46056 22293236982.25018 13650300178.91782 12073413225.29037 11074974311.5518 10508101501.81002 10253479152.84553 10222377961.93376
 6.233384672954988e-013 1547.45071678691 18922352.68948035 134639789.9754441 421892488.219833 948916228.9149184 1837782629.701536 3305416190.412696 5664163473.959369 9305555124.314684 14683736716.46056 22293236982.25018 13650300178.91782 12073413225.29037 11074974311.5518 10508101501.81002 10253479152.84553 10222377961.93376
 2.341491855857987e-013 1547.450673110581 18922352.68948035 134639789.9754441 421892488.219833 948916228.9149184 1837782629.701536 3305416190.412696 5664163473.959369 9305555124.314684 14683736716.46056 22293236982.25018 13650300178.91782 12073413225.29037 11074974311.5518 10508101501.81002 10253479152.84553 10222377961.93376
 1.447770681252721e-012 1547.450703578124 18922352.68948035 134639789.9754441 421892488.219833 948916228.9149184 1837782629.701536 3305416190.412696 5664163473.959369 9305555124.314684 14683736716.46056 22293236982.25018 13650300178.91782 12073413225.29037 11074974311.5518 10508101501.81002 10253479152.84553 10222377961.93376
 9.406484734197658e-015 1547.450674803968 18922352.68948035 134639789.9754441 421892488.219833 948916228.9149184 1837782629.701536 3305416190.412696 5664163473.959369 9305555124.314684 14683736716.46056 22293236982.25018 13650300178.91782 12073413225.29037 11074974311.5518 10508101501.81002 10253479152.84553 10222377961.93376
 1.002046459187234e-012 1547.450685826138 18922352.68948035 134639789.9754441 421892488.219833 948916228.9149184 1837782629.701536 3305416190.412696 5664163473.959369 9305555124.314684 14683736716.46056 22293236982.25018 13650300178.91782 12073413225.29037 11074974311.5518 10508101501.81002 10253479152.84553 10222377961.93376
 1.142014437523033e-013 1547.450664391704 18922352.68948035 134639789.9754441 421892488.219833 948916228.9149184 1837782629.701536 3305416190.412696 5664163473.959369 9305555124.314684 14683736716.46056 22293236982.25018 13650300178.91782 12073413225.29037 11074974311.5518 10508101501.81002 10253479152.84553 10222377961.93376
 8.339236177254365e-014 1547.450722016715 18922352.68948035 134639789.9754441 421892488.219833 948916228.9149184 1837782629.701536 3305416190.412696 5664163473.959369 9305555124.314684 14683736716.46056 22293236982.25018 13650300178.91782 12073413225.29037 11074974311.5518 10508101501.81002 10253479152.84553 10222377961.93376
 7.805948639227953e-013 1547.450689370181 18922352.68948035 134639789.9754441 421892488.219833 948916228.9149184 1837782629.701536 3305416190.412696 5664163473.959369 9305555124.314684 14683736716.46056 22293236982.25018 13650300178.91782 12073413225.29037 11074974311.5518 10508101501.81002 10253479152.84553 10222377961.93376
 5.596481223348867e-013 1547.450730770744 18922352.68948035 134639789.9754441 421892488.219833 948916228.9149184 1837782629.701536 3305416190.412696 5664163473.959369 9305555124.314684 14683736716.46056 22293236982.25018 13650300178.91782 12073413225.29037 11074974311.5518 10508101501.81002 10253479152.84553 10222377961.93376
 1.80735484738862e-013 1547.450734465033 18922352.68948035 134639789.9754441 421892488.219833 948916228.9149184 1837782629.701536 3305416190.412696 5664163473.959369 9305555124.314684 14683736716.46056 22293236982.25018 13650300178.91782 12073413225.29037 11074974311.5518 10508101501.81002 10253479152.84553 10222377961.93376
 7600.53684410207 1547.450699845119 18922352.68948035 134639789.9754441 421892488.219833 948916228.9149184 1837782629.701536 3305416190.412696 5664163473.959369 9305555124.314684 14683736716.46056 22293236982.25018 13650300178.91782 12073413225.29037 11074974311.5518 10508101501.81002 10253479152.84553 10222377961.93376
 11119.05352761607 1547.450701689505 18922352.68948035 134639789.9754441 421892488.219833 948916228.9149184 1837782629.701536 3305416190.412696 5664163473.959369 9305555124.314684 14683736716.46056 22293236982.25018 13650300178.91782 12073413225.29037 11074974311.5518 10508101501.81002 10253479152.84553 10222377961.93376
 2911.510459477946 1547.450686040177 18922352.68948035 134639789.9754441 421892488.219833 948916228.9149184 1837782629.701536 3305416190.412696 5664163473.959369 9305555124.314684 14683736716.46056 22293236982.25018 13650300178.91782 12073413225.29037 11074974311.5518 10508101501.81002 10253479152.84553 10222377961.93376
 1069.731240944516 1547.450642678339 18922352.68948035 134639789.9754441 421892488.219833 948916228.9149184 1837782629.701536 3305416190.412696 5664163473.959369 9305555124.314684 14683736716.46056 22293236982.25018 13650300178.91782 12073413225.29037 11074974311.5518 10508101501.81002 10253479152.84553 10222377961.93376
