# Created by Octave 3.6.4, Thu Mar 20 13:01:23 2014 N. Central Asia Standard Time <unknown@OShulyakov>
# name: LowTst
# type: matrix
# rows: 50
# columns: 18
 2.690879350898949e-014 187.3370575888349 1068443.577957167 10308737.76979432 41018165.52638995 107042239.0601707 217624487.2821464 376772405.3996635 585860376.9465038 846442258.2934724 1161551866.31261 1535410221.666153 9098750129.334269 9522444554.928072 9827479128.417891 10046261703.35813 10203442025.67859 10316942150.51042
 2.690879350898949e-014 187.3370575888349 1068443.577957167 10308737.76979432 41018165.52638995 107042239.0601707 217624487.2821464 376772405.3996635 585860376.9465038 846442258.2934724 1161551866.31261 1535410221.666153 9098750129.334269 9522444554.928072 9827479128.417891 10046261703.35813 10203442025.67859 10316942150.51042
 2.690879350898949e-014 187.3370575888349 1068443.577957167 10308737.76979432 41018165.52638995 107042239.0601707 217624487.2821464 376772405.3996635 585860376.9465038 846442258.2934724 1161551866.31261 1535410221.666153 9098750129.334269 9522444554.928072 9827479128.417891 10046261703.35813 10203442025.67859 10316942150.51042
 2.690879350898949e-014 187.3370575888349 1068443.577957167 10308737.76979432 41018165.52638995 107042239.0601707 217624487.2821464 376772405.3996635 585860376.9465038 846442258.2934724 1161551866.31261 1535410221.666153 9098750129.334269 9522444554.928072 9827479128.417891 10046261703.35813 10203442025.67859 10316942150.51042
 2.690879350898949e-014 187.3370575888349 1068443.577957167 10308737.76979432 41018165.52638995 107042239.0601707 217624487.2821464 376772405.3996635 585860376.9465038 846442258.2934724 1161551866.31261 1535410221.666153 9098750129.334269 9522444554.928072 9827479128.417891 10046261703.35813 10203442025.67859 10316942150.51042
 2.690879350898949e-014 187.3370575888349 1068443.577957167 10308737.76979432 41018165.52638995 107042239.0601707 217624487.2821464 376772405.3996635 585860376.9465038 846442258.2934724 1161551866.31261 1535410221.666153 9098750129.334269 9522444554.928072 9827479128.417891 10046261703.35813 10203442025.67859 10316942150.51042
 8.961282977046745e-013 187.3370583224263 1068443.577957167 10308737.76979432 41018165.52638995 107042239.0601707 217624487.2821464 376772405.3996635 585860376.9465038 846442258.2934724 1161551866.31261 1535410221.666153 9098750129.334269 9522444554.928072 9827479128.417891 10046261703.35813 10203442025.67859 10316942150.51042
 8.961282977046745e-013 187.3370583224263 1068443.577957167 10308737.76979432 41018165.52638995 107042239.0601707 217624487.2821464 376772405.3996635 585860376.9465038 846442258.2934724 1161551866.31261 1535410221.666153 9098750129.334269 9522444554.928072 9827479128.417891 10046261703.35813 10203442025.67859 10316942150.51042
 3.597880213859561e-013 187.3370555523441 1068443.577957167 10308737.76979432 41018165.52638995 107042239.0601707 217624487.2821464 376772405.3996635 585860376.9465038 846442258.2934724 1161551866.31261 1535410221.666153 9098750129.334269 9522444554.928072 9827479128.417891 10046261703.35813 10203442025.67859 10316942150.51042
 3.351095753701474e-013 187.3370474628483 1068443.577957167 10308737.76979432 41018165.52638995 107042239.0601707 217624487.2821464 376772405.3996635 585860376.9465038 846442258.2934724 1161551866.31261 1535410221.666153 9098750129.334269 9522444554.928072 9827479128.417891 10046261703.35813 10203442025.67859 10316942150.51042
 1.90889868987563e-013 187.3370554559631 1068443.577957167 10308737.76979432 41018165.52638995 107042239.0601707 217624487.2821464 376772405.3996635 585860376.9465038 846442258.2934724 1161551866.31261 1535410221.666153 9098750129.334269 9522444554.928072 9827479128.417891 10046261703.35813 10203442025.67859 10316942150.51042
 1.015672230966348e-012 187.3370498612549 1068443.577957167 10308737.76979432 41018165.52638995 107042239.0601707 217624487.2821464 376772405.3996635 585860376.9465038 846442258.2934724 1161551866.31261 1535410221.666153 9098750129.334269 9522444554.928072 9827479128.417891 10046261703.35813 10203442025.67859 10316942150.51042
 1.043467734616988e-015 187.337055272423 1068443.577957167 10308737.76979432 41018165.52638995 107042239.0601707 217624487.2821464 376772405.3996635 585860376.9465038 846442258.2934724 1161551866.31261 1535410221.666153 9098750129.334269 9522444554.928072 9827479128.417891 10046261703.35813 10203442025.67859 10316942150.51042
 6.760635976330849e-013 187.3370531830378 1068443.577957167 10308737.76979432 41018165.52638995 107042239.0601707 217624487.2821464 376772405.3996635 585860376.9465038 846442258.2934724 1161551866.31261 1535410221.666153 9098750129.334269 9522444554.928072 9827479128.417891 10046261703.35813 10203442025.67859 10316942150.51042
 5.142041616543675e-014 187.3370571831483 1068443.577957167 10308737.76979432 41018165.52638995 107042239.0601707 217624487.2821464 376772405.3996635 585860376.9465038 846442258.2934724 1161551866.31261 1535410221.666153 9098750129.334269 9522444554.928072 9827479128.417891 10046261703.35813 10203442025.67859 10316942150.51042
 3.504512119296063e-014 187.3370465138564 1068443.577957167 10308737.76979432 41018165.52638995 107042239.0601707 217624487.2821464 376772405.3996635 585860376.9465038 846442258.2934724 1161551866.31261 1535410221.666153 9098750129.334269 9522444554.928072 9827479128.417891 10046261703.35813 10203442025.67859 10316942150.51042
 5.400523616456525e-013 187.3370525705246 1068443.577957167 10308737.76979432 41018165.52638995 107042239.0601707 217624487.2821464 376772405.3996635 585860376.9465038 846442258.2934724 1161551866.31261 1535410221.666153 9098750129.334269 9522444554.928072 9827479128.417891 10046261703.35813 10203442025.67859 10316942150.51042
 4.038687986502658e-013 187.3370449504493 1068443.577957167 10308737.76979432 41018165.52638995 107042239.0601707 217624487.2821464 376772405.3996635 585860376.9465038 846442258.2934724 1161551866.31261 1535410221.666153 9098750129.334269 9522444554.928072 9827479128.417891 10046261703.35813 10203442025.67859 10316942150.51042
 1.534271643335908e-013 187.3370440902324 1068443.577957167 10308737.76979432 41018165.52638995 107042239.0601707 217624487.2821464 376772405.3996635 585860376.9465038 846442258.2934724 1161551866.31261 1535410221.666153 9098750129.334269 9522444554.928072 9827479128.417891 10046261703.35813 10203442025.67859 10316942150.51042
 4732.322632220138 187.3370504566452 1068443.577957167 10308737.76979432 41018165.52638995 107042239.0601707 217624487.2821464 376772405.3996635 585860376.9465038 846442258.2934724 1161551866.31261 1535410221.666153 9098750129.334269 9522444554.928072 9827479128.417891 10046261703.35813 10203442025.67859 10316942150.51042
 6936.678433016698 187.3370497616662 1068443.577957167 10308737.76979432 41018165.52638995 107042239.0601707 217624487.2821464 376772405.3996635 585860376.9465038 846442258.2934724 1161551866.31261 1535410221.666153 9098750129.334269 9522444554.928072 9827479128.417891 10046261703.35813 10203442025.67859 10316942150.51042
 1822.01358181858 187.337051945244 1068443.577957167 10308737.76979432 41018165.52638995 107042239.0601707 217624487.2821464 376772405.3996635 585860376.9465038 846442258.2934724 1161551866.31261 1535410221.666153 9098750129.334269 9522444554.928072 9827479128.417891 10046261703.35813 10203442025.67859 10316942150.51042
 669.2492288337703 187.3370590030167 1068443.577957167 10308737.76979432 41018165.52638995 107042239.0601707 217624487.2821464 376772405.3996635 585860376.9465038 846442258.2934724 1161551866.31261 1535410221.666153 9098750129.334269 9522444554.928072 9827479128.417891 10046261703.35813 10203442025.67859 10316942150.51042
