# Created by Octave 3.6.4, Thu Mar 20 13:01:23 2014 N. Central Asia Standard Time <unknown@OShulyakov>
# name: HighTr
# type: matrix
# rows: 50
# columns: 18
 2.979867372066868e-014 293.242107246312 2230644.546957133 19529898.0405343 73291451.50904337 185352577.8514509 371415703.8228682 638593793.2741723 986116238.4440672 1407386939.778896 1892242337.485459 2428915783.020514 8983231065.735563 9287483338.443739 9516985602.194147 9690911853.454584 9823699922.803379 9926008951.029194
 2.979867372066868e-014 293.242107246312 2230644.546957133 19529898.0405343 73291451.50904337 185352577.8514509 371415703.8228682 638593793.2741723 986116238.4440672 1407386939.778896 1892242337.485459 2428915783.020514 8983231065.735563 9287483338.443739 9516985602.194147 9690911853.454584 9823699922.803379 9926008951.029194
 2.979867372066868e-014 293.242107246312 2230644.546957133 19529898.0405343 73291451.50904337 185352577.8514509 371415703.8228682 638593793.2741723 986116238.4440672 1407386939.778896 1892242337.485459 2428915783.020514 8983231065.735563 9287483338.443739 9516985602.194147 9690911853.454584 9823699922.803379 9926008951.029194
 2.979867372066868e-014 293.242107246312 2230644.546957133 19529898.0405343 73291451.50904337 185352577.8514509 371415703.8228682 638593793.2741723 986116238.4440672 1407386939.778896 1892242337.485459 2428915783.020514 8983231065.735563 9287483338.443739 9516985602.194147 9690911853.454584 9823699922.803379 9926008951.029194
 2.979867372066868e-014 293.242107246312 2230644.546957133 19529898.0405343 73291451.50904337 185352577.8514509 371415703.8228682 638593793.2741723 986116238.4440672 1407386939.778896 1892242337.485459 2428915783.020514 8983231065.735563 9287483338.443739 9516985602.194147 9690911853.454584 9823699922.803379 9926008951.029194
 2.979867372066868e-014 293.242107246312 2230644.546957133 19529898.0405343 73291451.50904337 185352577.8514509 371415703.8228682 638593793.2741723 986116238.4440672 1407386939.778896 1892242337.485459 2428915783.020514 8983231065.735563 9287483338.443739 9516985602.194147 9690911853.454584 9823699922.803379 9926008951.029194
 9.058443964236008e-013 293.2421072462984 2230644.546957133 19529898.0405343 73291451.50904337 185352577.8514509 371415703.8228682 638593793.2741723 986116238.4440672 1407386939.778896 1892242337.485459 2428915783.020514 8983231065.735563 9287483338.443739 9516985602.194147 9690911853.454584 9823699922.803379 9926008951.029194
 9.058443964236008e-013 293.2421072462984 2230644.546957133 19529898.0405343 73291451.50904337 185352577.8514509 371415703.8228682 638593793.2741723 986116238.4440672 1407386939.778896 1892242337.485459 2428915783.020514 8983231065.735563 9287483338.443739 9516985602.194147 9690911853.454584 9823699922.803379 9926008951.029194
 3.620564425531086e-013 293.2421072463546 2230644.546957133 19529898.0405343 73291451.50904337 185352577.8514509 371415703.8228682 638593793.2741723 986116238.4440672 1407386939.778896 1892242337.485459 2428915783.020514 8983231065.735563 9287483338.443739 9516985602.194147 9690911853.454584 9823699922.803379 9926008951.029194
 3.326275769479048e-013 293.2421072462894 2230644.546957133 19529898.0405343 73291451.50904337 185352577.8514509 371415703.8228682 638593793.2741723 986116238.4440672 1407386939.778896 1892242337.485459 2428915783.020514 8983231065.735563 9287483338.443739 9516985602.194147 9690911853.454584 9823699922.803379 9926008951.029194
 1.90110621696755e-013 293.2421072463252 2230644.546957133 19529898.0405343 73291451.50904337 185352577.8514509 371415703.8228682 638593793.2741723 986116238.4440672 1407386939.778896 1892242337.485459 2428915783.020514 8983231065.735563 9287483338.443739 9516985602.194147 9690911853.454584 9823699922.803379 9926008951.029194
 1.016003598820341e-012 293.2421072463263 2230644.546957133 19529898.0405343 73291451.50904337 185352577.8514509 371415703.8228682 638593793.2741723 986116238.4440672 1407386939.778896 1892242337.485459 2428915783.020514 8983231065.735563 9287483338.443739 9516985602.194147 9690911853.454584 9823699922.803379 9926008951.029194
 1.494327211614399e-015 293.2421072463372 2230644.546957133 19529898.0405343 73291451.50904337 185352577.8514509 371415703.8228682 638593793.2741723 986116238.4440672 1407386939.778896 1892242337.485459 2428915783.020514 8983231065.735563 9287483338.443739 9516985602.194147 9690911853.454584 9823699922.803379 9926008951.029194
 6.953042605345949e-013 293.2421072463151 2230644.546957133 19529898.0405343 73291451.50904337 185352577.8514509 371415703.8228682 638593793.2741723 986116238.4440672 1407386939.778896 1892242337.485459 2428915783.020514 8983231065.735563 9287483338.443739 9516985602.194147 9690911853.454584 9823699922.803379 9926008951.029194
 5.545909505540832e-014 293.2421072463258 2230644.546957133 19529898.0405343 73291451.50904337 185352577.8514509 371415703.8228682 638593793.2741723 986116238.4440672 1407386939.778896 1892242337.485459 2428915783.020514 8983231065.735563 9287483338.443739 9516985602.194147 9690911853.454584 9823699922.803379 9926008951.029194
 3.665571057923795e-014 293.2421072463037 2230644.546957133 19529898.0405343 73291451.50904337 185352577.8514509 371415703.8228682 638593793.2741723 986116238.4440672 1407386939.778896 1892242337.485459 2428915783.020514 8983231065.735563 9287483338.443739 9516985602.194147 9690911853.454584 9823699922.803379 9926008951.029194
 5.405456347782523e-013 293.2421072463461 2230644.546957133 19529898.0405343 73291451.50904337 185352577.8514509 371415703.8228682 638593793.2741723 986116238.4440672 1407386939.778896 1892242337.485459 2428915783.020514 8983231065.735563 9287483338.443739 9516985602.194147 9690911853.454584 9823699922.803379 9926008951.029194
 3.892874541322377e-013 293.2421072463186 2230644.546957133 19529898.0405343 73291451.50904337 185352577.8514509 371415703.8228682 638593793.2741723 986116238.4440672 1407386939.778896 1892242337.485459 2428915783.020514 8983231065.735563 9287483338.443739 9516985602.194147 9690911853.454584 9823699922.803379 9926008951.029194
 2.340339902696226e-013 293.2421072463257 2230644.546957133 19529898.0405343 73291451.50904337 185352577.8514509 371415703.8228682 638593793.2741723 986116238.4440672 1407386939.778896 1892242337.485459 2428915783.020514 8983231065.735563 9287483338.443739 9516985602.194147 9690911853.454584 9823699922.803379 9926008951.029194
 4771.85678121026 293.2421072463106 2230644.546957133 19529898.0405343 73291451.50904337 185352577.8514509 371415703.8228682 638593793.2741723 986116238.4440672 1407386939.778896 1892242337.485459 2428915783.020514 8983231065.735563 9287483338.443739 9516985602.194147 9690911853.454584 9823699922.803379 9926008951.029194
 6989.760557748816 293.2421072463149 2230644.546957133 19529898.0405343 73291451.50904337 185352577.8514509 371415703.8228682 638593793.2741723 986116238.4440672 1407386939.778896 1892242337.485459 2428915783.020514 8983231065.735563 9287483338.443739 9516985602.194147 9690911853.454584 9823699922.803379 9926008951.029194
 1834.094897146288 293.2421072463605 2230644.546957133 19529898.0405343 73291451.50904337 185352577.8514509 371415703.8228682 638593793.2741723 986116238.4440672 1407386939.778896 1892242337.485459 2428915783.020514 8983231065.735563 9287483338.443739 9516985602.194147 9690911853.454584 9823699922.803379 9926008951.029194
 673.785483541544 293.242107246415 2230644.546957133 19529898.0405343 73291451.50904337 185352577.8514509 371415703.8228682 638593793.2741723 986116238.4440672 1407386939.778896 1892242337.485459 2428915783.020514 8983231065.735563 9287483338.443739 9516985602.194147 9690911853.454584 9823699922.803379 9926008951.029194
