# Created by Octave 3.6.4, Wed Mar 19 18:27:02 2014 N. Central Asia Standard Time <unknown@OShulyakov>
# name: HighTst
# type: matrix
# rows: 50
# columns: 20
 4.588756534841286e-009 185.6617823792279 1107168.291771827 10577058.23448001 41943642.38801184 109264593.1703527 221883625.9791969 383782672.9235886 596224954.9175867 860624378.821048 1179894426.512444 1558182720.984007 1999737673.365335 2507636447.174004 3082620059.258698 3721861161.277794 10299959915.23873 10414454407.48322 10497710390.20333 10558741987.12795
 4.588756534841286e-009 185.6617823792279 1107168.291771827 10577058.23448001 41943642.38801184 109264593.1703527 221883625.9791969 383782672.9235886 596224954.9175867 860624378.821048 1179894426.512444 1558182720.984007 1999737673.365335 2507636447.174004 3082620059.258698 3721861161.277794 10299959915.23873 10414454407.48322 10497710390.20333 10558741987.12795
 4.588756534841286e-009 185.6617823792279 1107168.291771827 10577058.23448001 41943642.38801184 109264593.1703527 221883625.9791969 383782672.9235886 596224954.9175867 860624378.821048 1179894426.512444 1558182720.984007 1999737673.365335 2507636447.174004 3082620059.258698 3721861161.277794 10299959915.23873 10414454407.48322 10497710390.20333 10558741987.12795
 4.588756534841286e-009 185.6617823792279 1107168.291771827 10577058.23448001 41943642.38801184 109264593.1703527 221883625.9791969 383782672.9235886 596224954.9175867 860624378.821048 1179894426.512444 1558182720.984007 1999737673.365335 2507636447.174004 3082620059.258698 3721861161.277794 10299959915.23873 10414454407.48322 10497710390.20333 10558741987.12795
 4.588756534841286e-009 185.6617823792279 1107168.291771827 10577058.23448001 41943642.38801184 109264593.1703527 221883625.9791969 383782672.9235886 596224954.9175867 860624378.821048 1179894426.512444 1558182720.984007 1999737673.365335 2507636447.174004 3082620059.258698 3721861161.277794 10299959915.23873 10414454407.48322 10497710390.20333 10558741987.12795
 4.588756534841286e-009 185.6617823792279 1107168.291771827 10577058.23448001 41943642.38801184 109264593.1703527 221883625.9791969 383782672.9235886 596224954.9175867 860624378.821048 1179894426.512444 1558182720.984007 1999737673.365335 2507636447.174004 3082620059.258698 3721861161.277794 10299959915.23873 10414454407.48322 10497710390.20333 10558741987.12795
 1.507377335563475e-008 185.6617870791851 1107168.291771827 10577058.23448001 41943642.38801184 109264593.1703527 221883625.9791969 383782672.9235886 596224954.9175867 860624378.821048 1179894426.512444 1558182720.984007 1999737673.365335 2507636447.174004 3082620059.258698 3721861161.277794 10299959915.23873 10414454407.48322 10497710390.20333 10558741987.12795
 1.507377335563475e-008 185.6617870791851 1107168.291771827 10577058.23448001 41943642.38801184 109264593.1703527 221883625.9791969 383782672.9235886 596224954.9175867 860624378.821048 1179894426.512444 1558182720.984007 1999737673.365335 2507636447.174004 3082620059.258698 3721861161.277794 10299959915.23873 10414454407.48322 10497710390.20333 10558741987.12795
 4.918002473689922e-009 185.6617881257515 1107168.291771827 10577058.23448001 41943642.38801184 109264593.1703527 221883625.9791969 383782672.9235886 596224954.9175867 860624378.821048 1179894426.512444 1558182720.984007 1999737673.365335 2507636447.174004 3082620059.258698 3721861161.277794 10299959915.23873 10414454407.48322 10497710390.20333 10558741987.12795
 6.377246455030523e-009 185.661784450136 1107168.291771827 10577058.23448001 41943642.38801184 109264593.1703527 221883625.9791969 383782672.9235886 596224954.9175867 860624378.821048 1179894426.512444 1558182720.984007 1999737673.365335 2507636447.174004 3082620059.258698 3721861161.277794 10299959915.23873 10414454407.48322 10497710390.20333 10558741987.12795
 1.24771695097289e-009 185.661792004201 1107168.291771827 10577058.23448001 41943642.38801184 109264593.1703527 221883625.9791969 383782672.9235886 596224954.9175867 860624378.821048 1179894426.512444 1558182720.984007 1999737673.365335 2507636447.174004 3082620059.258698 3721861161.277794 10299959915.23873 10414454407.48322 10497710390.20333 10558741987.12795
 2.950496194883961e-009 185.6617903041 1107168.291771827 10577058.23448001 41943642.38801184 109264593.1703527 221883625.9791969 383782672.9235886 596224954.9175867 860624378.821048 1179894426.512444 1558182720.984007 1999737673.365335 2507636447.174004 3082620059.258698 3721861161.277794 10299959915.23873 10414454407.48322 10497710390.20333 10558741987.12795
 9.304338523723241e-010 185.6617895369992 1107168.291771827 10577058.23448001 41943642.38801184 109264593.1703527 221883625.9791969 383782672.9235886 596224954.9175867 860624378.821048 1179894426.512444 1558182720.984007 1999737673.365335 2507636447.174004 3082620059.258698 3721861161.277794 10299959915.23873 10414454407.48322 10497710390.20333 10558741987.12795
 1.412524189387687e-009 185.6617851051007 1107168.291771827 10577058.23448001 41943642.38801184 109264593.1703527 221883625.9791969 383782672.9235886 596224954.9175867 860624378.821048 1179894426.512444 1558182720.984007 1999737673.365335 2507636447.174004 3082620059.258698 3721861161.277794 10299959915.23873 10414454407.48322 10497710390.20333 10558741987.12795
 1.366418630504275e-009 185.6617922487909 1107168.291771827 10577058.23448001 41943642.38801184 109264593.1703527 221883625.9791969 383782672.9235886 596224954.9175867 860624378.821048 1179894426.512444 1558182720.984007 1999737673.365335 2507636447.174004 3082620059.258698 3721861161.277794 10299959915.23873 10414454407.48322 10497710390.20333 10558741987.12795
 82910.9081822201 185.6617822754927 1107168.291771827 10577058.23448001 41943642.38801184 109264593.1703527 221883625.9791969 383782672.9235886 596224954.9175867 860624378.821048 1179894426.512444 1558182720.984007 1999737673.365335 2507636447.174004 3082620059.258698 3721861161.277794 10299959915.23873 10414454407.48322 10497710390.20333 10558741987.12795
 355179.2565451137 185.6617883648293 1107168.291771827 10577058.23448001 41943642.38801184 109264593.1703527 221883625.9791969 383782672.9235886 596224954.9175867 860624378.821048 1179894426.512444 1558182720.984007 1999737673.365335 2507636447.174004 3082620059.258698 3721861161.277794 10299959915.23873 10414454407.48322 10497710390.20333 10558741987.12795
 32031.33146532892 185.6617843855735 1107168.291771827 10577058.23448001 41943642.38801184 109264593.1703527 221883625.9791969 383782672.9235886 596224954.9175867 860624378.821048 1179894426.512444 1558182720.984007 1999737673.365335 2507636447.174004 3082620059.258698 3721861161.277794 10299959915.23873 10414454407.48322 10497710390.20333 10558741987.12795
 5873.225562188587 185.6617871629304 1107168.291771827 10577058.23448001 41943642.38801184 109264593.1703527 221883625.9791969 383782672.9235886 596224954.9175867 860624378.821048 1179894426.512444 1558182720.984007 1999737673.365335 2507636447.174004 3082620059.258698 3721861161.277794 10299959915.23873 10414454407.48322 10497710390.20333 10558741987.12795
 4933.271839585552 185.6617820796551 1107168.291771827 10577058.23448001 41943642.38801184 109264593.1703527 221883625.9791969 383782672.9235886 596224954.9175867 860624378.821048 1179894426.512444 1558182720.984007 1999737673.365335 2507636447.174004 3082620059.258698 3721861161.277794 10299959915.23873 10414454407.48322 10497710390.20333 10558741987.12795
 426.2029273536608 185.6617900275659 1107168.291771827 10577058.23448001 41943642.38801184 109264593.1703527 221883625.9791969 383782672.9235886 596224954.9175867 860624378.821048 1179894426.512444 1558182720.984007 1999737673.365335 2507636447.174004 3082620059.258698 3721861161.277794 10299959915.23873 10414454407.48322 10497710390.20333 10558741987.12795
