# Created by Octave 3.6.4, Wed Mar 19 18:27:02 2014 N. Central Asia Standard Time <unknown@OShulyakov>
# name: HighTr
# type: matrix
# rows: 50
# columns: 20
 1.181550024230877e-008 293.2421071556179 2230644.546916173 19529898.0405387 73291451.509058 185352577.8514567 371415703.8228717 638593793.2741785 986116238.4440601 1407386939.778906 1892242337.485466 2428915783.020527 3005499154.116314 3610776179.948544 4234378747.239763 4866356211.838524 9823699922.803379 9926008951.029194 10005640009.32035 10068291130.72744
 1.181550024230877e-008 293.2421071556179 2230644.546916173 19529898.0405387 73291451.509058 185352577.8514567 371415703.8228717 638593793.2741785 986116238.4440601 1407386939.778906 1892242337.485466 2428915783.020527 3005499154.116314 3610776179.948544 4234378747.239763 4866356211.838524 9823699922.803379 9926008951.029194 10005640009.32035 10068291130.72744
 1.181550024230877e-008 293.2421071556179 2230644.546916173 19529898.0405387 73291451.509058 185352577.8514567 371415703.8228717 638593793.2741785 986116238.4440601 1407386939.778906 1892242337.485466 2428915783.020527 3005499154.116314 3610776179.948544 4234378747.239763 4866356211.838524 9823699922.803379 9926008951.029194 10005640009.32035 10068291130.72744
 1.181550024230877e-008 293.2421071556179 2230644.546916173 19529898.0405387 73291451.509058 185352577.8514567 371415703.8228717 638593793.2741785 986116238.4440601 1407386939.778906 1892242337.485466 2428915783.020527 3005499154.116314 3610776179.948544 4234378747.239763 4866356211.838524 9823699922.803379 9926008951.029194 10005640009.32035 10068291130.72744
 1.181550024230877e-008 293.2421071556179 2230644.546916173 19529898.0405387 73291451.509058 185352577.8514567 371415703.8228717 638593793.2741785 986116238.4440601 1407386939.778906 1892242337.485466 2428915783.020527 3005499154.116314 3610776179.948544 4234378747.239763 4866356211.838524 9823699922.803379 9926008951.029194 10005640009.32035 10068291130.72744
 1.181550024230877e-008 293.2421071556179 2230644.546916173 19529898.0405387 73291451.509058 185352577.8514567 371415703.8228717 638593793.2741785 986116238.4440601 1407386939.778906 1892242337.485466 2428915783.020527 3005499154.116314 3610776179.948544 4234378747.239763 4866356211.838524 9823699922.803379 9926008951.029194 10005640009.32035 10068291130.72744
 3.881762148469591e-008 293.2421071556195 2230644.546916173 19529898.0405387 73291451.509058 185352577.8514567 371415703.8228717 638593793.2741785 986116238.4440601 1407386939.778906 1892242337.485466 2428915783.020527 3005499154.116314 3610776179.948544 4234378747.239763 4866356211.838524 9823699922.803379 9926008951.029194 10005640009.32035 10068291130.72744
 3.881762148469591e-008 293.2421071556195 2230644.546916173 19529898.0405387 73291451.509058 185352577.8514567 371415703.8228717 638593793.2741785 986116238.4440601 1407386939.778906 1892242337.485466 2428915783.020527 3005499154.116314 3610776179.948544 4234378747.239763 4866356211.838524 9823699922.803379 9926008951.029194 10005640009.32035 10068291130.72744
 1.26661764185425e-008 293.2421071556175 2230644.546916173 19529898.0405387 73291451.509058 185352577.8514567 371415703.8228717 638593793.2741785 986116238.4440601 1407386939.778906 1892242337.485466 2428915783.020527 3005499154.116314 3610776179.948544 4234378747.239763 4866356211.838524 9823699922.803379 9926008951.029194 10005640009.32035 10068291130.72744
 1.64248023275102e-008 293.2421071556142 2230644.546916173 19529898.0405387 73291451.509058 185352577.8514567 371415703.8228717 638593793.2741785 986116238.4440601 1407386939.778906 1892242337.485466 2428915783.020527 3005499154.116314 3610776179.948544 4234378747.239763 4866356211.838524 9823699922.803379 9926008951.029194 10005640009.32035 10068291130.72744
 3.211644142743591e-009 293.2421071556238 2230644.546916173 19529898.0405387 73291451.509058 185352577.8514567 371415703.8228717 638593793.2741785 986116238.4440601 1407386939.778906 1892242337.485466 2428915783.020527 3005499154.116314 3610776179.948544 4234378747.239763 4866356211.838524 9823699922.803379 9926008951.029194 10005640009.32035 10068291130.72744
 7.600757047527808e-009 293.2421071556183 2230644.546916173 19529898.0405387 73291451.509058 185352577.8514567 371415703.8228717 638593793.2741785 986116238.4440601 1407386939.778906 1892242337.485466 2428915783.020527 3005499154.116314 3610776179.948544 4234378747.239763 4866356211.838524 9823699922.803379 9926008951.029194 10005640009.32035 10068291130.72744
 2.393845813819461e-009 293.2421071556129 2230644.546916173 19529898.0405387 73291451.509058 185352577.8514567 371415703.8228717 638593793.2741785 986116238.4440601 1407386939.778906 1892242337.485466 2428915783.020527 3005499154.116314 3610776179.948544 4234378747.239763 4866356211.838524 9823699922.803379 9926008951.029194 10005640009.32035 10068291130.72744
 3.600581887509573e-009 293.2421071556137 2230644.546916173 19529898.0405387 73291451.509058 185352577.8514567 371415703.8228717 638593793.2741785 986116238.4440601 1407386939.778906 1892242337.485466 2428915783.020527 3005499154.116314 3610776179.948544 4234378747.239763 4866356211.838524 9823699922.803379 9926008951.029194 10005640009.32035 10068291130.72744
 3.517319395676213e-009 293.2421071556238 2230644.546916173 19529898.0405387 73291451.509058 185352577.8514567 371415703.8228717 638593793.2741785 986116238.4440601 1407386939.778906 1892242337.485466 2428915783.020527 3005499154.116314 3610776179.948544 4234378747.239763 4866356211.838524 9823699922.803379 9926008951.029194 10005640009.32035 10068291130.72744
 82725.82976682051 293.2421071556185 2230644.546916173 19529898.0405387 73291451.509058 185352577.8514567 371415703.8228717 638593793.2741785 986116238.4440601 1407386939.778906 1892242337.485466 2428915783.020527 3005499154.116314 3610776179.948544 4234378747.239763 4866356211.838524 9823699922.803379 9926008951.029194 10005640009.32035 10068291130.72744
 354348.2131323855 293.2421071556223 2230644.546916173 19529898.0405387 73291451.509058 185352577.8514567 371415703.8228717 638593793.2741785 986116238.4440601 1407386939.778906 1892242337.485466 2428915783.020527 3005499154.116314 3610776179.948544 4234378747.239763 4866356211.838524 9823699922.803379 9926008951.029194 10005640009.32035 10068291130.72744
 31959.63701127324 293.2421071556164 2230644.546916173 19529898.0405387 73291451.509058 185352577.8514567 371415703.8228717 638593793.2741785 986116238.4440601 1407386939.778906 1892242337.485466 2428915783.020527 3005499154.116314 3610776179.948544 4234378747.239763 4866356211.838524 9823699922.803379 9926008951.029194 10005640009.32035 10068291130.72744
 5860.708466701992 293.242107156335 2230644.546916173 19529898.0405387 73291451.509058 185352577.8514567 371415703.8228717 638593793.2741785 986116238.4440601 1407386939.778906 1892242337.485466 2428915783.020527 3005499154.116314 3610776179.948544 4234378747.239763 4866356211.838524 9823699922.803379 9926008951.029194 10005640009.32035 10068291130.72744
 4923.735158407626 293.242107156332 2230644.546916173 19529898.0405387 73291451.509058 185352577.8514567 371415703.8228717 638593793.2741785 986116238.4440601 1407386939.778906 1892242337.485466 2428915783.020527 3005499154.116314 3610776179.948544 4234378747.239763 4866356211.838524 9823699922.803379 9926008951.029194 10005640009.32035 10068291130.72744
 425.6049327969409 293.2421071563293 2230644.546916173 19529898.0405387 73291451.509058 185352577.8514567 371415703.8228717 638593793.2741785 986116238.4440601 1407386939.778906 1892242337.485466 2428915783.020527 3005499154.116314 3610776179.948544 4234378747.239763 4866356211.838524 9823699922.803379 9926008951.029194 10005640009.32035 10068291130.72744
