# Created by Octave 3.6.4, Wed Mar 19 18:27:02 2014 N. Central Asia Standard Time <unknown@OShulyakov>
# name: HighCv
# type: matrix
# rows: 50
# columns: 20
 9.89938852369124e-008 1547.4506232451 18922352.77179126 134639790.0035169 421892488.2206807 948916228.9397213 1837782629.741302 3305416190.593548 5664163473.88147 9305555124.219557 14683736717.11713 22293236982.81219 32621461879.24677 46053885806.51534 62720614493.63146 82299968071.49304 10253479152.84025 10222377961.93186 10351983105.89496 10599236401.3432
 9.89938852369124e-008 1547.4506232451 18922352.77179126 134639790.0035169 421892488.2206807 948916228.9397213 1837782629.741302 3305416190.593548 5664163473.88147 9305555124.219557 14683736717.11713 22293236982.81219 32621461879.24677 46053885806.51534 62720614493.63146 82299968071.49304 10253479152.84025 10222377961.93186 10351983105.89496 10599236401.3432
 9.89938852369124e-008 1547.4506232451 18922352.77179126 134639790.0035169 421892488.2206807 948916228.9397213 1837782629.741302 3305416190.593548 5664163473.88147 9305555124.219557 14683736717.11713 22293236982.81219 32621461879.24677 46053885806.51534 62720614493.63146 82299968071.49304 10253479152.84025 10222377961.93186 10351983105.89496 10599236401.3432
 9.89938852369124e-008 1547.4506232451 18922352.77179126 134639790.0035169 421892488.2206807 948916228.9397213 1837782629.741302 3305416190.593548 5664163473.88147 9305555124.219557 14683736717.11713 22293236982.81219 32621461879.24677 46053885806.51534 62720614493.63146 82299968071.49304 10253479152.84025 10222377961.93186 10351983105.89496 10599236401.3432
 9.89938852369124e-008 1547.4506232451 18922352.77179126 134639790.0035169 421892488.2206807 948916228.9397213 1837782629.741302 3305416190.593548 5664163473.88147 9305555124.219557 14683736717.11713 22293236982.81219 32621461879.24677 46053885806.51534 62720614493.63146 82299968071.49304 10253479152.84025 10222377961.93186 10351983105.89496 10599236401.3432
 9.89938852369124e-008 1547.4506232451 18922352.77179126 134639790.0035169 421892488.2206807 948916228.9397213 1837782629.741302 3305416190.593548 5664163473.88147 9305555124.219557 14683736717.11713 22293236982.81219 32621461879.24677 46053885806.51534 62720614493.63146 82299968071.49304 10253479152.84025 10222377961.93186 10351983105.89496 10599236401.3432
 3.265671983772106e-007 1547.450648758048 18922352.77179126 134639790.0035169 421892488.2206807 948916228.9397213 1837782629.741302 3305416190.593548 5664163473.88147 9305555124.219557 14683736717.11713 22293236982.81219 32621461879.24677 46053885806.51534 62720614493.63146 82299968071.49304 10253479152.84025 10222377961.93186 10351983105.89496 10599236401.3432
 3.265671983772106e-007 1547.450648758048 18922352.77179126 134639790.0035169 421892488.2206807 948916228.9397213 1837782629.741302 3305416190.593548 5664163473.88147 9305555124.219557 14683736717.11713 22293236982.81219 32621461879.24677 46053885806.51534 62720614493.63146 82299968071.49304 10253479152.84025 10222377961.93186 10351983105.89496 10599236401.3432
 1.078538738669021e-007 1547.45065468057 18922352.77179126 134639790.0035169 421892488.2206807 948916228.9397213 1837782629.741302 3305416190.593548 5664163473.88147 9305555124.219557 14683736717.11713 22293236982.81219 32621461879.24677 46053885806.51534 62720614493.63146 82299968071.49304 10253479152.84025 10222377961.93186 10351983105.89496 10599236401.3432
 1.383401940099873e-007 1547.45063475054 18922352.77179126 134639790.0035169 421892488.2206807 948916228.9397213 1837782629.741302 3305416190.593548 5664163473.88147 9305555124.219557 14683736717.11713 22293236982.81219 32621461879.24677 46053885806.51534 62720614493.63146 82299968071.49304 10253479152.84025 10222377961.93186 10351983105.89496 10599236401.3432
 2.771242987543323e-008 1547.450675035022 18922352.77179126 134639790.0035169 421892488.2206807 948916228.9397213 1837782629.741302 3305416190.593548 5664163473.88147 9305555124.219557 14683736717.11713 22293236982.81219 32621461879.24677 46053885806.51534 62720614493.63146 82299968071.49304 10253479152.84025 10222377961.93186 10351983105.89496 10599236401.3432
 6.451774514034699e-008 1547.450666520134 18922352.77179126 134639790.0035169 421892488.2206807 948916228.9397213 1837782629.741302 3305416190.593548 5664163473.88147 9305555124.219557 14683736717.11713 22293236982.81219 32621461879.24677 46053885806.51534 62720614493.63146 82299968071.49304 10253479152.84025 10222377961.93186 10351983105.89496 10599236401.3432
 2.081667455882971e-008 1547.450662174462 18922352.77179126 134639790.0035169 421892488.2206807 948916228.9397213 1837782629.741302 3305416190.593548 5664163473.88147 9305555124.219557 14683736717.11713 22293236982.81219 32621461879.24677 46053885806.51534 62720614493.63146 82299968071.49304 10253479152.84025 10222377961.93186 10351983105.89496 10599236401.3432
 2.853786311867686e-008 1547.450639001982 18922352.77179126 134639790.0035169 421892488.2206807 948916228.9397213 1837782629.741302 3305416190.593548 5664163473.88147 9305555124.219557 14683736717.11713 22293236982.81219 32621461879.24677 46053885806.51534 62720614493.63146 82299968071.49304 10253479152.84025 10222377961.93186 10351983105.89496 10599236401.3432
 2.877237248499588e-008 1547.450676435535 18922352.77179126 134639790.0035169 421892488.2206807 948916228.9397213 1837782629.741302 3305416190.593548 5664163473.88147 9305555124.219557 14683736717.11713 22293236982.81219 32621461879.24677 46053885806.51534 62720614493.63146 82299968071.49304 10253479152.84025 10222377961.93186 10351983105.89496 10599236401.3432
 131281.898190001 1547.450623478897 18922352.77179126 134639790.0035169 421892488.2206807 948916228.9397213 1837782629.741302 3305416190.593548 5664163473.88147 9305555124.219557 14683736717.11713 22293236982.81219 32621461879.24677 46053885806.51534 62720614493.63146 82299968071.49304 10253479152.84025 10222377961.93186 10351983105.89496 10599236401.3432
 562202.7353755931 1547.450655185103 18922352.77179126 134639790.0035169 421892488.2206807 948916228.9397213 1837782629.741302 3305416190.593548 5664163473.88147 9305555124.219557 14683736717.11713 22293236982.81219 32621461879.24677 46053885806.51534 62720614493.63146 82299968071.49304 10253479152.84025 10222377961.93186 10351983105.89496 10599236401.3432
 50717.81408639584 1547.450633363609 18922352.77179126 134639790.0035169 421892488.2206807 948916228.9397213 1837782629.741302 3305416190.593548 5664163473.88147 9305555124.219557 14683736717.11713 22293236982.81219 32621461879.24677 46053885806.51534 62720614493.63146 82299968071.49304 10253479152.84025 10222377961.93186 10351983105.89496 10599236401.3432
 9302.774475107402 1547.450645268032 18922352.77179126 134639790.0035169 421892488.2206807 948916228.9397213 1837782629.741302 3305416190.593548 5664163473.88147 9305555124.219557 14683736717.11713 22293236982.81219 32621461879.24677 46053885806.51534 62720614493.63146 82299968071.49304 10253479152.84025 10222377961.93186 10351983105.89496 10599236401.3432
 7818.861824479238 1547.450615306596 18922352.77179126 134639790.0035169 421892488.2206807 948916228.9397213 1837782629.741302 3305416190.593548 5664163473.88147 9305555124.219557 14683736717.11713 22293236982.81219 32621461879.24677 46053885806.51534 62720614493.63146 82299968071.49304 10253479152.84025 10222377961.93186 10351983105.89496 10599236401.3432
 676.6256455501532 1547.450652735857 18922352.77179126 134639790.0035169 421892488.2206807 948916228.9397213 1837782629.741302 3305416190.593548 5664163473.88147 9305555124.219557 14683736717.11713 22293236982.81219 32621461879.24677 46053885806.51534 62720614493.63146 82299968071.49304 10253479152.84025 10222377961.93186 10351983105.89496 10599236401.3432
