# Created by Octave 3.6.4, Wed Mar 19 18:27:02 2014 N. Central Asia Standard Time <unknown@OShulyakov>
# name: LowCv
# type: matrix
# rows: 50
# columns: 20
 5.772585715861032e-009 1561.413517936845 18377589.01747759 132203895.3892983 415961510.2333539 937810986.8746753 1819080501.296393 3274785839.269376 5614167974.510154 9224694586.929495 14555859764.14432 22097369793.46695 32332125249.69501 45642152861.14003 62156382159.76296 81555903560.74864 10167398298.31916 10139306708.28793 10270187919.41715 10517360699.61503
 5.772585715861032e-009 1561.413517936845 18377589.01747759 132203895.3892983 415961510.2333539 937810986.8746753 1819080501.296393 3274785839.269376 5614167974.510154 9224694586.929495 14555859764.14432 22097369793.46695 32332125249.69501 45642152861.14003 62156382159.76296 81555903560.74864 10167398298.31916 10139306708.28793 10270187919.41715 10517360699.61503
 5.772585715861032e-009 1561.413517936845 18377589.01747759 132203895.3892983 415961510.2333539 937810986.8746753 1819080501.296393 3274785839.269376 5614167974.510154 9224694586.929495 14555859764.14432 22097369793.46695 32332125249.69501 45642152861.14003 62156382159.76296 81555903560.74864 10167398298.31916 10139306708.28793 10270187919.41715 10517360699.61503
 5.772585715861032e-009 1561.413517936845 18377589.01747759 132203895.3892983 415961510.2333539 937810986.8746753 1819080501.296393 3274785839.269376 5614167974.510154 9224694586.929495 14555859764.14432 22097369793.46695 32332125249.69501 45642152861.14003 62156382159.76296 81555903560.74864 10167398298.31916 10139306708.28793 10270187919.41715 10517360699.61503
 5.772585715861032e-009 1561.413517936845 18377589.01747759 132203895.3892983 415961510.2333539 937810986.8746753 1819080501.296393 3274785839.269376 5614167974.510154 9224694586.929495 14555859764.14432 22097369793.46695 32332125249.69501 45642152861.14003 62156382159.76296 81555903560.74864 10167398298.31916 10139306708.28793 10270187919.41715 10517360699.61503
 5.772585715861032e-009 1561.413517936845 18377589.01747759 132203895.3892983 415961510.2333539 937810986.8746753 1819080501.296393 3274785839.269376 5614167974.510154 9224694586.929495 14555859764.14432 22097369793.46695 32332125249.69501 45642152861.14003 62156382159.76296 81555903560.74864 10167398298.31916 10139306708.28793 10270187919.41715 10517360699.61503
 1.100097522233963e-007 1561.413492449228 18377589.01747759 132203895.3892983 415961510.2333539 937810986.8746753 1819080501.296393 3274785839.269376 5614167974.510154 9224694586.929495 14555859764.14432 22097369793.46695 32332125249.69501 45642152861.14003 62156382159.76296 81555903560.74864 10167398298.31916 10139306708.28793 10270187919.41715 10517360699.61503
 1.100097522233963e-007 1561.413492449228 18377589.01747759 132203895.3892983 415961510.2333539 937810986.8746753 1819080501.296393 3274785839.269376 5614167974.510154 9224694586.929495 14555859764.14432 22097369793.46695 32332125249.69501 45642152861.14003 62156382159.76296 81555903560.74864 10167398298.31916 10139306708.28793 10270187919.41715 10517360699.61503
 8.045728552354968e-009 1561.413486449722 18377589.01747759 132203895.3892983 415961510.2333539 937810986.8746753 1819080501.296393 3274785839.269376 5614167974.510154 9224694586.929495 14555859764.14432 22097369793.46695 32332125249.69501 45642152861.14003 62156382159.76296 81555903560.74864 10167398298.31916 10139306708.28793 10270187919.41715 10517360699.61503
 3.230987431772147e-008 1561.413506610845 18377589.01747759 132203895.3892983 415961510.2333539 937810986.8746753 1819080501.296393 3274785839.269376 5614167974.510154 9224694586.929495 14555859764.14432 22097369793.46695 32332125249.69501 45642152861.14003 62156382159.76296 81555903560.74864 10167398298.31916 10139306708.28793 10270187919.41715 10517360699.61503
 2.623880191919483e-008 1561.413466230635 18377589.01747759 132203895.3892983 415961510.2333539 937810986.8746753 1819080501.296393 3274785839.269376 5614167974.510154 9224694586.929495 14555859764.14432 22097369793.46695 32332125249.69501 45642152861.14003 62156382159.76296 81555903560.74864 10167398298.31916 10139306708.28793 10270187919.41715 10517360699.61503
 2.319689364724512e-007 1561.413474688 18377589.01747759 132203895.3892983 415961510.2333539 937810986.8746753 1819080501.296393 3274785839.269376 5614167974.510154 9224694586.929495 14555859764.14432 22097369793.46695 32332125249.69501 45642152861.14003 62156382159.76296 81555903560.74864 10167398298.31916 10139306708.28793 10270187919.41715 10517360699.61503
 1.379023880963787e-007 1561.413478911132 18377589.01747759 132203895.3892983 415961510.2333539 937810986.8746753 1819080501.296393 3274785839.269376 5614167974.510154 9224694586.929495 14555859764.14432 22097369793.46695 32332125249.69501 45642152861.14003 62156382159.76296 81555903560.74864 10167398298.31916 10139306708.28793 10270187919.41715 10517360699.61503
 3.073613968956631e-009 1561.41350208712 18377589.01747759 132203895.3892983 415961510.2333539 937810986.8746753 1819080501.296393 3274785839.269376 5614167974.510154 9224694586.929495 14555859764.14432 22097369793.46695 32332125249.69501 45642152861.14003 62156382159.76296 81555903560.74864 10167398298.31916 10139306708.28793 10270187919.41715 10517360699.61503
 1.672578187658882e-008 1561.413464751033 18377589.01747759 132203895.3892983 415961510.2333539 937810986.8746753 1819080501.296393 3274785839.269376 5614167974.510154 9224694586.929495 14555859764.14432 22097369793.46695 32332125249.69501 45642152861.14003 62156382159.76296 81555903560.74864 10167398298.31916 10139306708.28793 10270187919.41715 10517360699.61503
 130137.2620300242 1561.413517762668 18377589.01747759 132203895.3892983 415961510.2333539 937810986.8746753 1819080501.296393 3274785839.269376 5614167974.510154 9224694586.929495 14555859764.14432 22097369793.46695 32332125249.69501 45642152861.14003 62156382159.76296 81555903560.74864 10167398298.31916 10139306708.28793 10270187919.41715 10517360699.61503
 557287.2307166508 1561.41348604706 18377589.01747759 132203895.3892983 415961510.2333539 937810986.8746753 1819080501.296393 3274785839.269376 5614167974.510154 9224694586.929495 14555859764.14432 22097369793.46695 32332125249.69501 45642152861.14003 62156382159.76296 81555903560.74864 10167398298.31916 10139306708.28793 10270187919.41715 10517360699.61503
 50278.91103689633 1561.413507799203 18377589.01747759 132203895.3892983 415961510.2333539 937810986.8746753 1819080501.296393 3274785839.269376 5614167974.510154 9224694586.929495 14555859764.14432 22097369793.46695 32332125249.69501 45642152861.14003 62156382159.76296 81555903560.74864 10167398298.31916 10139306708.28793 10270187919.41715 10517360699.61503
 9221.385343751732 1561.413495933594 18377589.01747759 132203895.3892983 415961510.2333539 937810986.8746753 1819080501.296393 3274785839.269376 5614167974.510154 9224694586.929495 14555859764.14432 22097369793.46695 32332125249.69501 45642152861.14003 62156382159.76296 81555903560.74864 10167398298.31916 10139306708.28793 10270187919.41715 10517360699.61503
 7750.697676283768 1561.413525899517 18377589.01747759 132203895.3892983 415961510.2333539 937810986.8746753 1819080501.296393 3274785839.269376 5614167974.510154 9224694586.929495 14555859764.14432 22097369793.46695 32332125249.69501 45642152861.14003 62156382159.76296 81555903560.74864 10167398298.31916 10139306708.28793 10270187919.41715 10517360699.61503
 670.729864929237 1561.413488425743 18377589.01747759 132203895.3892983 415961510.2333539 937810986.8746753 1819080501.296393 3274785839.269376 5614167974.510154 9224694586.929495 14555859764.14432 22097369793.46695 32332125249.69501 45642152861.14003 62156382159.76296 81555903560.74864 10167398298.31916 10139306708.28793 10270187919.41715 10517360699.61503
