# Created by Octave 3.6.4, Wed Mar 19 18:27:02 2014 N. Central Asia Standard Time <unknown@OShulyakov>
# name: LowTst
# type: matrix
# rows: 50
# columns: 20
 2.61879656072168e-010 187.3370516873386 1068443.576848172 10308737.76984173 41018165.52583982 107042239.0605651 217624487.2817491 376772405.3981384 585860376.9474835 846442258.2951669 1161551866.298244 1535410221.653675 1972288488.896518 2475249779.829715 3045006444.482176 3678711975.873715 10203442025.67871 10316942150.51045 10399484440.15696 10460000154.06368
 2.61879656072168e-010 187.3370516873386 1068443.576848172 10308737.76984173 41018165.52583982 107042239.0605651 217624487.2817491 376772405.3981384 585860376.9474835 846442258.2951669 1161551866.298244 1535410221.653675 1972288488.896518 2475249779.829715 3045006444.482176 3678711975.873715 10203442025.67871 10316942150.51045 10399484440.15696 10460000154.06368
 2.61879656072168e-010 187.3370516873386 1068443.576848172 10308737.76984173 41018165.52583982 107042239.0605651 217624487.2817491 376772405.3981384 585860376.9474835 846442258.2951669 1161551866.298244 1535410221.653675 1972288488.896518 2475249779.829715 3045006444.482176 3678711975.873715 10203442025.67871 10316942150.51045 10399484440.15696 10460000154.06368
 2.61879656072168e-010 187.3370516873386 1068443.576848172 10308737.76984173 41018165.52583982 107042239.0605651 217624487.2817491 376772405.3981384 585860376.9474835 846442258.2951669 1161551866.298244 1535410221.653675 1972288488.896518 2475249779.829715 3045006444.482176 3678711975.873715 10203442025.67871 10316942150.51045 10399484440.15696 10460000154.06368
 2.61879656072168e-010 187.3370516873386 1068443.576848172 10308737.76984173 41018165.52583982 107042239.0605651 217624487.2817491 376772405.3981384 585860376.9474835 846442258.2951669 1161551866.298244 1535410221.653675 1972288488.896518 2475249779.829715 3045006444.482176 3678711975.873715 10203442025.67871 10316942150.51045 10399484440.15696 10460000154.06368
 2.61879656072168e-010 187.3370516873386 1068443.576848172 10308737.76984173 41018165.52583982 107042239.0605651 217624487.2817491 376772405.3981384 585860376.9474835 846442258.2951669 1161551866.298244 1535410221.653675 1972288488.896518 2475249779.829715 3045006444.482176 3678711975.873715 10203442025.67871 10316942150.51045 10399484440.15696 10460000154.06368
 5.037979057841102e-009 187.3370469917358 1068443.576848172 10308737.76984173 41018165.52583982 107042239.0605651 217624487.2817491 376772405.3981384 585860376.9474835 846442258.2951669 1161551866.298244 1535410221.653675 1972288488.896518 2475249779.829715 3045006444.482176 3678711975.873715 10203442025.67871 10316942150.51045 10399484440.15696 10460000154.06368
 5.037979057841102e-009 187.3370469917358 1068443.576848172 10308737.76984173 41018165.52583982 107042239.0605651 217624487.2817491 376772405.3981384 585860376.9474835 846442258.2951669 1161551866.298244 1535410221.653675 1972288488.896518 2475249779.829715 3045006444.482176 3678711975.873715 10203442025.67871 10316942150.51045 10399484440.15696 10460000154.06368
 3.514313783213823e-010 187.3370459309768 1068443.576848172 10308737.76984173 41018165.52583982 107042239.0605651 217624487.2817491 376772405.3981384 585860376.9474835 846442258.2951669 1161551866.298244 1535410221.653675 1972288488.896518 2475249779.829715 3045006444.482176 3678711975.873715 10203442025.67871 10316942150.51045 10399484440.15696 10460000154.06368
 1.47058087498584e-009 187.3370496496707 1068443.576848172 10308737.76984173 41018165.52583982 107042239.0605651 217624487.2817491 376772405.3981384 585860376.9474835 846442258.2951669 1161551866.298244 1535410221.653675 1972288488.896518 2475249779.829715 3045006444.482176 3678711975.873715 10203442025.67871 10316942150.51045 10399484440.15696 10460000154.06368
 1.180797601327272e-009 187.3370420777379 1068443.576848172 10308737.76984173 41018165.52583982 107042239.0605651 217624487.2817491 376772405.3981384 585860376.9474835 846442258.2951669 1161551866.298244 1535410221.653675 1972288488.896518 2475249779.829715 3045006444.482176 3678711975.873715 10203442025.67871 10316942150.51045 10399484440.15696 10460000154.06368
 1.071300075443678e-008 187.3370437667827 1068443.576848172 10308737.76984173 41018165.52583982 107042239.0605651 217624487.2817491 376772405.3981384 585860376.9474835 846442258.2951669 1161551866.298244 1535410221.653675 1972288488.896518 2475249779.829715 3045006444.482176 3678711975.873715 10203442025.67871 10316942150.51045 10399484440.15696 10460000154.06368
 6.323685676141648e-009 187.3370445120727 1068443.576848172 10308737.76984173 41018165.52583982 107042239.0605651 217624487.2817491 376772405.3981384 585860376.9474835 846442258.2951669 1161551866.298244 1535410221.653675 1972288488.896518 2475249779.829715 3045006444.482176 3678711975.873715 10203442025.67871 10316942150.51045 10399484440.15696 10460000154.06368
 1.331765293428077e-010 187.3370489442603 1068443.576848172 10308737.76984173 41018165.52583982 107042239.0605651 217624487.2817491 376772405.3981384 585860376.9474835 846442258.2951669 1161551866.298244 1535410221.653675 1972288488.896518 2475249779.829715 3045006444.482176 3678711975.873715 10203442025.67871 10316942150.51045 10399484440.15696 10460000154.06368
 8.01291617730512e-010 187.3370418185462 1068443.576848172 10308737.76984173 41018165.52583982 107042239.0605651 217624487.2817491 376772405.3981384 585860376.9474835 846442258.2951669 1161551866.298244 1535410221.653675 1972288488.896518 2475249779.829715 3045006444.482176 3678711975.873715 10203442025.67871 10316942150.51045 10399484440.15696 10460000154.06368
 82188.02260845498 187.3370518018291 1068443.576848172 10308737.76984173 41018165.52583982 107042239.0605651 217624487.2817491 376772405.3981384 585860376.9474835 846442258.2951669 1161551866.298244 1535410221.653675 1972288488.896518 2475249779.829715 3045006444.482176 3678711975.873715 10203442025.67871 10316942150.51045 10399484440.15696 10460000154.06368
 352073.7240838694 187.3370457112533 1068443.576848172 10308737.76984173 41018165.52583982 107042239.0605651 217624487.2817491 376772405.3981384 585860376.9474835 846442258.2951669 1161551866.298244 1535410221.653675 1972288488.896518 2475249779.829715 3045006444.482176 3678711975.873715 10203442025.67871 10316942150.51045 10399484440.15696 10460000154.06368
 31754.107100904 187.3370496773552 1068443.576848172 10308737.76984173 41018165.52583982 107042239.0605651 217624487.2817491 376772405.3981384 585860376.9474835 846442258.2951669 1161551866.298244 1535410221.653675 1972288488.896518 2475249779.829715 3045006444.482176 3678711975.873715 10203442025.67871 10316942150.51045 10399484440.15696 10460000154.06368
 5821.880660622167 187.3370469071904 1068443.576848172 10308737.76984173 41018165.52583982 107042239.0605651 217624487.2817491 376772405.3981384 585860376.9474835 846442258.2951669 1161551866.298244 1535410221.653675 1972288488.896518 2475249779.829715 3045006444.482176 3678711975.873715 10203442025.67871 10316942150.51045 10399484440.15696 10460000154.06368
 4890.297917830214 187.3370519910845 1068443.576848172 10308737.76984173 41018165.52583982 107042239.0605651 217624487.2817491 376772405.3981384 585860376.9474835 846442258.2951669 1161551866.298244 1535410221.653675 1972288488.896518 2475249779.829715 3045006444.482176 3678711975.873715 10203442025.67871 10316942150.51045 10399484440.15696 10460000154.06368
 422.4942077930901 187.3370440355227 1068443.576848172 10308737.76984173 41018165.52583982 107042239.0605651 217624487.2817491 376772405.3981384 585860376.9474835 846442258.2951669 1161551866.298244 1535410221.653675 1972288488.896518 2475249779.829715 3045006444.482176 3678711975.873715 10203442025.67871 10316942150.51045 10399484440.15696 10460000154.06368
