# Created by Octave 3.6.4, Wed Mar 19 18:27:02 2014 N. Central Asia Standard Time <unknown@OShulyakov>
# name: LowTr
# type: matrix
# rows: 50
# columns: 20
 6.745053729847712e-010 295.8880839585985 2174022.290346365 19201258.34503521 72277553.29559882 183081897.6487511 367239466.2180043 631863806.6973424 976236388.095659 1393836498.60944 1874579885.694616 2406774164.997911 2978578819.467584 3578840591.961049 4197253682.639081 4823934391.475654 9738556360.531898 9839805181.836487 9918608493.239641 9980608219.703121
 6.745053729847712e-010 295.8880839585985 2174022.290346365 19201258.34503521 72277553.29559882 183081897.6487511 367239466.2180043 631863806.6973424 976236388.095659 1393836498.60944 1874579885.694616 2406774164.997911 2978578819.467584 3578840591.961049 4197253682.639081 4823934391.475654 9738556360.531898 9839805181.836487 9918608493.239641 9980608219.703121
 6.745053729847712e-010 295.8880839585985 2174022.290346365 19201258.34503521 72277553.29559882 183081897.6487511 367239466.2180043 631863806.6973424 976236388.095659 1393836498.60944 1874579885.694616 2406774164.997911 2978578819.467584 3578840591.961049 4197253682.639081 4823934391.475654 9738556360.531898 9839805181.836487 9918608493.239641 9980608219.703121
 6.745053729847712e-010 295.8880839585985 2174022.290346365 19201258.34503521 72277553.29559882 183081897.6487511 367239466.2180043 631863806.6973424 976236388.095659 1393836498.60944 1874579885.694616 2406774164.997911 2978578819.467584 3578840591.961049 4197253682.639081 4823934391.475654 9738556360.531898 9839805181.836487 9918608493.239641 9980608219.703121
 6.745053729847712e-010 295.8880839585985 2174022.290346365 19201258.34503521 72277553.29559882 183081897.6487511 367239466.2180043 631863806.6973424 976236388.095659 1393836498.60944 1874579885.694616 2406774164.997911 2978578819.467584 3578840591.961049 4197253682.639081 4823934391.475654 9738556360.531898 9839805181.836487 9918608493.239641 9980608219.703121
 6.745053729847712e-010 295.8880839585985 2174022.290346365 19201258.34503521 72277553.29559882 183081897.6487511 367239466.2180043 631863806.6973424 976236388.095659 1393836498.60944 1874579885.694616 2406774164.997911 2978578819.467584 3578840591.961049 4197253682.639081 4823934391.475654 9738556360.531898 9839805181.836487 9918608493.239641 9980608219.703121
 1.297517678686373e-008 295.8880839585939 2174022.290346365 19201258.34503521 72277553.29559882 183081897.6487511 367239466.2180043 631863806.6973424 976236388.095659 1393836498.60944 1874579885.694616 2406774164.997911 2978578819.467584 3578840591.961049 4197253682.639081 4823934391.475654 9738556360.531898 9839805181.836487 9918608493.239641 9980608219.703121
 1.297517678686373e-008 295.8880839585939 2174022.290346365 19201258.34503521 72277553.29559882 183081897.6487511 367239466.2180043 631863806.6973424 976236388.095659 1393836498.60944 1874579885.694616 2406774164.997911 2978578819.467584 3578840591.961049 4197253682.639081 4823934391.475654 9738556360.531898 9839805181.836487 9918608493.239641 9980608219.703121
 8.948773601806121e-010 295.8880839585947 2174022.290346365 19201258.34503521 72277553.29559882 183081897.6487511 367239466.2180043 631863806.6973424 976236388.095659 1393836498.60944 1874579885.694616 2406774164.997911 2978578819.467584 3578840591.961049 4197253682.639081 4823934391.475654 9738556360.531898 9839805181.836487 9918608493.239641 9980608219.703121
 3.787343333631579e-009 295.8880839585841 2174022.290346365 19201258.34503521 72277553.29559882 183081897.6487511 367239466.2180043 631863806.6973424 976236388.095659 1393836498.60944 1874579885.694616 2406774164.997911 2978578819.467584 3578840591.961049 4197253682.639081 4823934391.475654 9738556360.531898 9839805181.836487 9918608493.239641 9980608219.703121
 3.038233553810101e-009 295.888083958593 2174022.290346365 19201258.34503521 72277553.29559882 183081897.6487511 367239466.2180043 631863806.6973424 976236388.095659 1393836498.60944 1874579885.694616 2406774164.997911 2978578819.467584 3578840591.961049 4197253682.639081 4823934391.475654 9738556360.531898 9839805181.836487 9918608493.239641 9980608219.703121
 2.758510341056267e-008 295.888083958598 2174022.290346365 19201258.34503521 72277553.29559882 183081897.6487511 367239466.2180043 631863806.6973424 976236388.095659 1393836498.60944 1874579885.694616 2406774164.997911 2978578819.467584 3578840591.961049 4197253682.639081 4823934391.475654 9738556360.531898 9839805181.836487 9918608493.239641 9980608219.703121
 1.6283126152355e-008 295.8880839586029 2174022.290346365 19201258.34503521 72277553.29559882 183081897.6487511 367239466.2180043 631863806.6973424 976236388.095659 1393836498.60944 1874579885.694616 2406774164.997911 2978578819.467584 3578840591.961049 4197253682.639081 4823934391.475654 9738556360.531898 9839805181.836487 9918608493.239641 9980608219.703121
 3.293422159536673e-010 295.8880839585885 2174022.290346365 19201258.34503521 72277553.29559882 183081897.6487511 367239466.2180043 631863806.6973424 976236388.095659 1393836498.60944 1874579885.694616 2406774164.997911 2978578819.467584 3578840591.961049 4197253682.639081 4823934391.475654 9738556360.531898 9839805181.836487 9918608493.239641 9980608219.703121
 2.050430285116414e-009 295.8880839585981 2174022.290346365 19201258.34503521 72277553.29559882 183081897.6487511 367239466.2180043 631863806.6973424 976236388.095659 1393836498.60944 1874579885.694616 2406774164.997911 2978578819.467584 3578840591.961049 4197253682.639081 4823934391.475654 9738556360.531898 9839805181.836487 9918608493.239641 9980608219.703121
 82004.55761487577 295.8880839585957 2174022.290346365 19201258.34503521 72277553.29559882 183081897.6487511 367239466.2180043 631863806.6973424 976236388.095659 1393836498.60944 1874579885.694616 2406774164.997911 2978578819.467584 3578840591.961049 4197253682.639081 4823934391.475654 9738556360.531898 9839805181.836487 9918608493.239641 9980608219.703121
 351249.9476192094 295.888083958598 2174022.290346365 19201258.34503521 72277553.29559882 183081897.6487511 367239466.2180043 631863806.6973424 976236388.095659 1393836498.60944 1874579885.694616 2406774164.997911 2978578819.467584 3578840591.961049 4197253682.639081 4823934391.475654 9738556360.531898 9839805181.836487 9918608493.239641 9980608219.703121
 31683.03341410935 295.888083958595 2174022.290346365 19201258.34503521 72277553.29559882 183081897.6487511 367239466.2180043 631863806.6973424 976236388.095659 1393836498.60944 1874579885.694616 2406774164.997911 2978578819.467584 3578840591.961049 4197253682.639081 4823934391.475654 9738556360.531898 9839805181.836487 9918608493.239641 9980608219.703121
 5809.47275356801 295.8880839578765 2174022.290346365 19201258.34503521 72277553.29559882 183081897.6487511 367239466.2180043 631863806.6973424 976236388.095659 1393836498.60944 1874579885.694616 2406774164.997911 2978578819.467584 3578840591.961049 4197253682.639081 4823934391.475654 9738556360.531898 9839805181.836487 9918608493.239641 9980608219.703121
 4880.844153780879 295.8880839578785 2174022.290346365 19201258.34503521 72277553.29559882 183081897.6487511 367239466.2180043 631863806.6973424 976236388.095659 1393836498.60944 1874579885.694616 2406774164.997911 2978578819.467584 3578840591.961049 4197253682.639081 4823934391.475654 9738556360.531898 9839805181.836487 9918608493.239641 9980608219.703121
 421.9014385056842 295.8880839578802 2174022.290346365 19201258.34503521 72277553.29559882 183081897.6487511 367239466.2180043 631863806.6973424 976236388.095659 1393836498.60944 1874579885.694616 2406774164.997911 2978578819.467584 3578840591.961049 4197253682.639081 4823934391.475654 9738556360.531898 9839805181.836487 9918608493.239641 9980608219.703121
