# Created by Octave 3.6.4, Sat Mar 08 07:56:11 2014 N. Central Asia Standard Time <unknown@OShulyakov>
# name: HighTst
# type: matrix
# rows: 50
# columns: 20
 9.177625197151411e-010 199.4885007195913 1108316.47237122 10592921.46231132 42022924.18262704 109491348.4894422 222335322.2655983 384480031.0094447 597118491.9935149 861619098.5926434 1180876433.384389 1559020355.847199 2000263243.790285 2507631891.96453 9920811753.765575 10141543628.10324 10300087901.55188 10414547544.85847 10497770892.53323 10558775351.43186
 9.177625197151411e-010 199.4885007195913 1108316.47237122 10592921.46231132 42022924.18262704 109491348.4894422 222335322.2655983 384480031.0094447 597118491.9935149 861619098.5926434 1180876433.384389 1559020355.847199 2000263243.790285 2507631891.96453 9920811753.765575 10141543628.10324 10300087901.55188 10414547544.85847 10497770892.53323 10558775351.43186
 9.177625197151411e-010 199.4885007195913 1108316.47237122 10592921.46231132 42022924.18262704 109491348.4894422 222335322.2655983 384480031.0094447 597118491.9935149 861619098.5926434 1180876433.384389 1559020355.847199 2000263243.790285 2507631891.96453 9920811753.765575 10141543628.10324 10300087901.55188 10414547544.85847 10497770892.53323 10558775351.43186
 9.177625197151411e-010 199.4885007195913 1108316.47237122 10592921.46231132 42022924.18262704 109491348.4894422 222335322.2655983 384480031.0094447 597118491.9935149 861619098.5926434 1180876433.384389 1559020355.847199 2000263243.790285 2507631891.96453 9920811753.765575 10141543628.10324 10300087901.55188 10414547544.85847 10497770892.53323 10558775351.43186
 9.177625197151411e-010 199.4885007195913 1108316.47237122 10592921.46231132 42022924.18262704 109491348.4894422 222335322.2655983 384480031.0094447 597118491.9935149 861619098.5926434 1180876433.384389 1559020355.847199 2000263243.790285 2507631891.96453 9920811753.765575 10141543628.10324 10300087901.55188 10414547544.85847 10497770892.53323 10558775351.43186
 9.177625197151411e-010 199.4885007195913 1108316.47237122 10592921.46231132 42022924.18262704 109491348.4894422 222335322.2655983 384480031.0094447 597118491.9935149 861619098.5926434 1180876433.384389 1559020355.847199 2000263243.790285 2507631891.96453 9920811753.765575 10141543628.10324 10300087901.55188 10414547544.85847 10497770892.53323 10558775351.43186
 1.979920664237593e-009 199.4884860272625 1108316.47237122 10592921.46231132 42022924.18262704 109491348.4894422 222335322.2655983 384480031.0094447 597118491.9935149 861619098.5926434 1180876433.384389 1559020355.847199 2000263243.790285 2507631891.96453 9920811753.765575 10141543628.10324 10300087901.55188 10414547544.85847 10497770892.53323 10558775351.43186
 1.979920664237593e-009 199.4884860272625 1108316.47237122 10592921.46231132 42022924.18262704 109491348.4894422 222335322.2655983 384480031.0094447 597118491.9935149 861619098.5926434 1180876433.384389 1559020355.847199 2000263243.790285 2507631891.96453 9920811753.765575 10141543628.10324 10300087901.55188 10414547544.85847 10497770892.53323 10558775351.43186
 7.833125462132356e-011 199.4885038420777 1108316.47237122 10592921.46231132 42022924.18262704 109491348.4894422 222335322.2655983 384480031.0094447 597118491.9935149 861619098.5926434 1180876433.384389 1559020355.847199 2000263243.790285 2507631891.96453 9920811753.765575 10141543628.10324 10300087901.55188 10414547544.85847 10497770892.53323 10558775351.43186
 2.140092129822911e-009 199.4885141441721 1108316.47237122 10592921.46231132 42022924.18262704 109491348.4894422 222335322.2655983 384480031.0094447 597118491.9935149 861619098.5926434 1180876433.384389 1559020355.847199 2000263243.790285 2507631891.96453 9920811753.765575 10141543628.10324 10300087901.55188 10414547544.85847 10497770892.53323 10558775351.43186
 6.702368390772706e-011 199.4885093159913 1108316.47237122 10592921.46231132 42022924.18262704 109491348.4894422 222335322.2655983 384480031.0094447 597118491.9935149 861619098.5926434 1180876433.384389 1559020355.847199 2000263243.790285 2507631891.96453 9920811753.765575 10141543628.10324 10300087901.55188 10414547544.85847 10497770892.53323 10558775351.43186
 3.037961947711532e-009 199.4884974246258 1108316.47237122 10592921.46231132 42022924.18262704 109491348.4894422 222335322.2655983 384480031.0094447 597118491.9935149 861619098.5926434 1180876433.384389 1559020355.847199 2000263243.790285 2507631891.96453 9920811753.765575 10141543628.10324 10300087901.55188 10414547544.85847 10497770892.53323 10558775351.43186
 1.736898907215227e-011 199.4885127121596 1108316.47237122 10592921.46231132 42022924.18262704 109491348.4894422 222335322.2655983 384480031.0094447 597118491.9935149 861619098.5926434 1180876433.384389 1559020355.847199 2000263243.790285 2507631891.96453 9920811753.765575 10141543628.10324 10300087901.55188 10414547544.85847 10497770892.53323 10558775351.43186
 7.523971028978659e-009 199.4885104816783 1108316.47237122 10592921.46231132 42022924.18262704 109491348.4894422 222335322.2655983 384480031.0094447 597118491.9935149 861619098.5926434 1180876433.384389 1559020355.847199 2000263243.790285 2507631891.96453 9920811753.765575 10141543628.10324 10300087901.55188 10414547544.85847 10497770892.53323 10558775351.43186
 1.431264508784314e-008 199.4885356368875 1108316.47237122 10592921.46231132 42022924.18262704 109491348.4894422 222335322.2655983 384480031.0094447 597118491.9935149 861619098.5926434 1180876433.384389 1559020355.847199 2000263243.790285 2507631891.96453 9920811753.765575 10141543628.10324 10300087901.55188 10414547544.85847 10497770892.53323 10558775351.43186
 2.654304836743415e-009 199.4885357045185 1108316.47237122 10592921.46231132 42022924.18262704 109491348.4894422 222335322.2655983 384480031.0094447 597118491.9935149 861619098.5926434 1180876433.384389 1559020355.847199 2000263243.790285 2507631891.96453 9920811753.765575 10141543628.10324 10300087901.55188 10414547544.85847 10497770892.53323 10558775351.43186
 7.913852469801836e-011 199.4885180143597 1108316.47237122 10592921.46231132 42022924.18262704 109491348.4894422 222335322.2655983 384480031.0094447 597118491.9935149 861619098.5926434 1180876433.384389 1559020355.847199 2000263243.790285 2507631891.96453 9920811753.765575 10141543628.10324 10300087901.55188 10414547544.85847 10497770892.53323 10558775351.43186
 85744.68733356442 199.48852193934 1108316.47237122 10592921.46231132 42022924.18262704 109491348.4894422 222335322.2655983 384480031.0094447 597118491.9935149 861619098.5926434 1180876433.384389 1559020355.847199 2000263243.790285 2507631891.96453 9920811753.765575 10141543628.10324 10300087901.55188 10414547544.85847 10497770892.53323 10558775351.43186
 4468.027814581421 199.4885286343397 1108316.47237122 10592921.46231132 42022924.18262704 109491348.4894422 222335322.2655983 384480031.0094447 597118491.9935149 861619098.5926434 1180876433.384389 1559020355.847199 2000263243.790285 2507631891.96453 9920811753.765575 10141543628.10324 10300087901.55188 10414547544.85847 10497770892.53323 10558775351.43186
 14570.09530664848 199.4884839225128 1108316.47237122 10592921.46231132 42022924.18262704 109491348.4894422 222335322.2655983 384480031.0094447 597118491.9935149 861619098.5926434 1180876433.384389 1559020355.847199 2000263243.790285 2507631891.96453 9920811753.765575 10141543628.10324 10300087901.55188 10414547544.85847 10497770892.53323 10558775351.43186
 369.4380397701871 199.4885074468114 1108316.47237122 10592921.46231132 42022924.18262704 109491348.4894422 222335322.2655983 384480031.0094447 597118491.9935149 861619098.5926434 1180876433.384389 1559020355.847199 2000263243.790285 2507631891.96453 9920811753.765575 10141543628.10324 10300087901.55188 10414547544.85847 10497770892.53323 10558775351.43186
