# Created by Octave 3.6.4, Sat Mar 08 07:56:11 2014 N. Central Asia Standard Time <unknown@OShulyakov>
# name: OpenTst
# type: matrix
# rows: 50
# columns: 20
 1.77458323243062e-009 229.6398094683091 1088282.893942107 10454943.03623348 41548676.38213328 108354245.5576621 220157349.425192 380896852.011379 591824793.416561 854383932.2541862 1171532136.570468 1547436866.736623 1986321253.491683 2491204148.274465 9873965380.728788 10093721145.67489 10251573016.80278 10365540045.15989 10448410882.92193 10509161189.44293
 1.77458323243062e-009 229.6398094683091 1088282.893942107 10454943.03623348 41548676.38213328 108354245.5576621 220157349.425192 380896852.011379 591824793.416561 854383932.2541862 1171532136.570468 1547436866.736623 1986321253.491683 2491204148.274465 9873965380.728788 10093721145.67489 10251573016.80278 10365540045.15989 10448410882.92193 10509161189.44293
 1.77458323243062e-009 229.6398094683091 1088282.893942107 10454943.03623348 41548676.38213328 108354245.5576621 220157349.425192 380896852.011379 591824793.416561 854383932.2541862 1171532136.570468 1547436866.736623 1986321253.491683 2491204148.274465 9873965380.728788 10093721145.67489 10251573016.80278 10365540045.15989 10448410882.92193 10509161189.44293
 1.77458323243062e-009 229.6398094683091 1088282.893942107 10454943.03623348 41548676.38213328 108354245.5576621 220157349.425192 380896852.011379 591824793.416561 854383932.2541862 1171532136.570468 1547436866.736623 1986321253.491683 2491204148.274465 9873965380.728788 10093721145.67489 10251573016.80278 10365540045.15989 10448410882.92193 10509161189.44293
 1.77458323243062e-009 229.6398094683091 1088282.893942107 10454943.03623348 41548676.38213328 108354245.5576621 220157349.425192 380896852.011379 591824793.416561 854383932.2541862 1171532136.570468 1547436866.736623 1986321253.491683 2491204148.274465 9873965380.728788 10093721145.67489 10251573016.80278 10365540045.15989 10448410882.92193 10509161189.44293
 1.77458323243062e-009 229.6398094683091 1088282.893942107 10454943.03623348 41548676.38213328 108354245.5576621 220157349.425192 380896852.011379 591824793.416561 854383932.2541862 1171532136.570468 1547436866.736623 1986321253.491683 2491204148.274465 9873965380.728788 10093721145.67489 10251573016.80278 10365540045.15989 10448410882.92193 10509161189.44293
 1.951656944974284e-010 229.6398096164812 1088282.893942107 10454943.03623348 41548676.38213328 108354245.5576621 220157349.425192 380896852.011379 591824793.416561 854383932.2541862 1171532136.570468 1547436866.736623 1986321253.491683 2491204148.274465 9873965380.728788 10093721145.67489 10251573016.80278 10365540045.15989 10448410882.92193 10509161189.44293
 1.951656944974284e-010 229.6398096164812 1088282.893942107 10454943.03623348 41548676.38213328 108354245.5576621 220157349.425192 380896852.011379 591824793.416561 854383932.2541862 1171532136.570468 1547436866.736623 1986321253.491683 2491204148.274465 9873965380.728788 10093721145.67489 10251573016.80278 10365540045.15989 10448410882.92193 10509161189.44293
 1.521847290241215e-009 229.6398094633393 1088282.893942107 10454943.03623348 41548676.38213328 108354245.5576621 220157349.425192 380896852.011379 591824793.416561 854383932.2541862 1171532136.570468 1547436866.736623 1986321253.491683 2491204148.274465 9873965380.728788 10093721145.67489 10251573016.80278 10365540045.15989 10448410882.92193 10509161189.44293
 1.004258469894608e-009 229.639809473061 1088282.893942107 10454943.03623348 41548676.38213328 108354245.5576621 220157349.425192 380896852.011379 591824793.416561 854383932.2541862 1171532136.570468 1547436866.736623 1986321253.491683 2491204148.274465 9873965380.728788 10093721145.67489 10251573016.80278 10365540045.15989 10448410882.92193 10509161189.44293
 1.283269978177827e-009 229.6398094703805 1088282.893942107 10454943.03623348 41548676.38213328 108354245.5576621 220157349.425192 380896852.011379 591824793.416561 854383932.2541862 1171532136.570468 1547436866.736623 1986321253.491683 2491204148.274465 9873965380.728788 10093721145.67489 10251573016.80278 10365540045.15989 10448410882.92193 10509161189.44293
 1.108664119034496e-009 229.6398095893134 1088282.893942107 10454943.03623348 41548676.38213328 108354245.5576621 220157349.425192 380896852.011379 591824793.416561 854383932.2541862 1171532136.570468 1547436866.736623 1986321253.491683 2491204148.274465 9873965380.728788 10093721145.67489 10251573016.80278 10365540045.15989 10448410882.92193 10509161189.44293
 2.262266695538606e-009 229.6398093731197 1088282.893942107 10454943.03623348 41548676.38213328 108354245.5576621 220157349.425192 380896852.011379 591824793.416561 854383932.2541862 1171532136.570468 1547436866.736623 1986321253.491683 2491204148.274465 9873965380.728788 10093721145.67489 10251573016.80278 10365540045.15989 10448410882.92193 10509161189.44293
 1.359701885766818e-009 229.6398093603693 1088282.893942107 10454943.03623348 41548676.38213328 108354245.5576621 220157349.425192 380896852.011379 591824793.416561 854383932.2541862 1171532136.570468 1547436866.736623 1986321253.491683 2491204148.274465 9873965380.728788 10093721145.67489 10251573016.80278 10365540045.15989 10448410882.92193 10509161189.44293
 2.69032388830451e-009 229.6398089777275 1088282.893942107 10454943.03623348 41548676.38213328 108354245.5576621 220157349.425192 380896852.011379 591824793.416561 854383932.2541862 1171532136.570468 1547436866.736623 1986321253.491683 2491204148.274465 9873965380.728788 10093721145.67489 10251573016.80278 10365540045.15989 10448410882.92193 10509161189.44293
 2.148155602390296e-009 229.6398088776311 1088282.893942107 10454943.03623348 41548676.38213328 108354245.5576621 220157349.425192 380896852.011379 591824793.416561 854383932.2541862 1171532136.570468 1547436866.736623 1986321253.491683 2491204148.274465 9873965380.728788 10093721145.67489 10251573016.80278 10365540045.15989 10448410882.92193 10509161189.44293
 2.457355759044936e-009 229.6398092026842 1088282.893942107 10454943.03623348 41548676.38213328 108354245.5576621 220157349.425192 380896852.011379 591824793.416561 854383932.2541862 1171532136.570468 1547436866.736623 1986321253.491683 2491204148.274465 9873965380.728788 10093721145.67489 10251573016.80278 10365540045.15989 10448410882.92193 10509161189.44293
 85377.17234197848 229.6398092793011 1088282.893942107 10454943.03623348 41548676.38213328 108354245.5576621 220157349.425192 380896852.011379 591824793.416561 854383932.2541862 1171532136.570468 1547436866.736623 1986321253.491683 2491204148.274465 9873965380.728788 10093721145.67489 10251573016.80278 10365540045.15989 10448410882.92193 10509161189.44293
 4448.361455818461 229.639809156583 1088282.893942107 10454943.03623348 41548676.38213328 108354245.5576621 220157349.425192 380896852.011379 591824793.416561 854383932.2541862 1171532136.570468 1547436866.736623 1986321253.491683 2491204148.274465 9873965380.728788 10093721145.67489 10251573016.80278 10365540045.15989 10448410882.92193 10509161189.44293
 14507.31821673252 229.639809890775 1088282.893942107 10454943.03623348 41548676.38213328 108354245.5576621 220157349.425192 380896852.011379 591824793.416561 854383932.2541862 1171532136.570468 1547436866.736623 1986321253.491683 2491204148.274465 9873965380.728788 10093721145.67489 10251573016.80278 10365540045.15989 10448410882.92193 10509161189.44293
 367.8581724254881 229.639809217235 1088282.893942107 10454943.03623348 41548676.38213328 108354245.5576621 220157349.425192 380896852.011379 591824793.416561 854383932.2541862 1171532136.570468 1547436866.736623 1986321253.491683 2491204148.274465 9873965380.728788 10093721145.67489 10251573016.80278 10365540045.15989 10448410882.92193 10509161189.44293
