# Created by Octave 3.6.4, Sat Mar 08 07:36:33 2014 N. Central Asia Standard Time <unknown@OShulyakov>
# name: power
# type: range
# base, limit, increment
1 20 1


