# Created by Octave 3.6.4, Sun Mar 09 01:01:17 2014 N. Central Asia Standard Time <unknown@OShulyakov>
# name: CloseTr
# type: matrix
# rows: 50
# columns: 20
 2.685133145090567e-010 305.2170108127907 2202615.097187473 19365423.13314098 72779485.97396542 184195692.4237107 369270005.0845994 635111037.5393088 980971121.4560373 1400283515.821308 1882906290.927854 2417085382.815495 2990923909.25898 3593225187.353127 9476160977.030493 9649162680.53278 9781222139.601612 9882957821.242609 9962136717.822151 10024429068.96023
 2.685133145090567e-010 305.2170108127907 2202615.097187473 19365423.13314098 72779485.97396542 184195692.4237107 369270005.0845994 635111037.5393088 980971121.4560373 1400283515.821308 1882906290.927854 2417085382.815495 2990923909.25898 3593225187.353127 9476160977.030493 9649162680.53278 9781222139.601612 9882957821.242609 9962136717.822151 10024429068.96023
 2.685133145090567e-010 305.2170108127907 2202615.097187473 19365423.13314098 72779485.97396542 184195692.4237107 369270005.0845994 635111037.5393088 980971121.4560373 1400283515.821308 1882906290.927854 2417085382.815495 2990923909.25898 3593225187.353127 9476160977.030493 9649162680.53278 9781222139.601612 9882957821.242609 9962136717.822151 10024429068.96023
 2.685133145090567e-010 305.2170108127907 2202615.097187473 19365423.13314098 72779485.97396542 184195692.4237107 369270005.0845994 635111037.5393088 980971121.4560373 1400283515.821308 1882906290.927854 2417085382.815495 2990923909.25898 3593225187.353127 9476160977.030493 9649162680.53278 9781222139.601612 9882957821.242609 9962136717.822151 10024429068.96023
 2.685133145090567e-010 305.2170108127907 2202615.097187473 19365423.13314098 72779485.97396542 184195692.4237107 369270005.0845994 635111037.5393088 980971121.4560373 1400283515.821308 1882906290.927854 2417085382.815495 2990923909.25898 3593225187.353127 9476160977.030493 9649162680.53278 9781222139.601612 9882957821.242609 9962136717.822151 10024429068.96023
 2.685133145090567e-010 305.2170108127907 2202615.097187473 19365423.13314098 72779485.97396542 184195692.4237107 369270005.0845994 635111037.5393088 980971121.4560373 1400283515.821308 1882906290.927854 2417085382.815495 2990923909.25898 3593225187.353127 9476160977.030493 9649162680.53278 9781222139.601612 9882957821.242609 9962136717.822151 10024429068.96023
 2.07365319953323e-010 305.2170108128014 2202615.097187473 19365423.13314098 72779485.97396542 184195692.4237107 369270005.0845994 635111037.5393088 980971121.4560373 1400283515.821308 1882906290.927854 2417085382.815495 2990923909.25898 3593225187.353127 9476160977.030493 9649162680.53278 9781222139.601612 9882957821.242609 9962136717.822151 10024429068.96023
 2.07365319953323e-010 305.2170108128014 2202615.097187473 19365423.13314098 72779485.97396542 184195692.4237107 369270005.0845994 635111037.5393088 980971121.4560373 1400283515.821308 1882906290.927854 2417085382.815495 2990923909.25898 3593225187.353127 9476160977.030493 9649162680.53278 9781222139.601612 9882957821.242609 9962136717.822151 10024429068.96023
 1.96195103825271e-009 305.2170108128133 2202615.097187473 19365423.13314098 72779485.97396542 184195692.4237107 369270005.0845994 635111037.5393088 980971121.4560373 1400283515.821308 1882906290.927854 2417085382.815495 2990923909.25898 3593225187.353127 9476160977.030493 9649162680.53278 9781222139.601612 9882957821.242609 9962136717.822151 10024429068.96023
 3.121908733512974e-010 305.2170108128447 2202615.097187473 19365423.13314098 72779485.97396542 184195692.4237107 369270005.0845994 635111037.5393088 980971121.4560373 1400283515.821308 1882906290.927854 2417085382.815495 2990923909.25898 3593225187.353127 9476160977.030493 9649162680.53278 9781222139.601612 9882957821.242609 9962136717.822151 10024429068.96023
 2.230741046577426e-009 305.2170108128257 2202615.097187473 19365423.13314098 72779485.97396542 184195692.4237107 369270005.0845994 635111037.5393088 980971121.4560373 1400283515.821308 1882906290.927854 2417085382.815495 2990923909.25898 3593225187.353127 9476160977.030493 9649162680.53278 9781222139.601612 9882957821.242609 9962136717.822151 10024429068.96023
 1.250664521437417e-008 305.2170108128118 2202615.097187473 19365423.13314098 72779485.97396542 184195692.4237107 369270005.0845994 635111037.5393088 980971121.4560373 1400283515.821308 1882906290.927854 2417085382.815495 2990923909.25898 3593225187.353127 9476160977.030493 9649162680.53278 9781222139.601612 9882957821.242609 9962136717.822151 10024429068.96023
 3.674445908447184e-011 305.217010812812 2202615.097187473 19365423.13314098 72779485.97396542 184195692.4237107 369270005.0845994 635111037.5393088 980971121.4560373 1400283515.821308 1882906290.927854 2417085382.815495 2990923909.25898 3593225187.353127 9476160977.030493 9649162680.53278 9781222139.601612 9882957821.242609 9962136717.822151 10024429068.96023
 2.862808444553438e-009 305.2170108128009 2202615.097187473 19365423.13314098 72779485.97396542 184195692.4237107 369270005.0845994 635111037.5393088 980971121.4560373 1400283515.821308 1882906290.927854 2417085382.815495 2990923909.25898 3593225187.353127 9476160977.030493 9649162680.53278 9781222139.601612 9882957821.242609 9962136717.822151 10024429068.96023
 1.848641290792844e-008 305.2170108128658 2202615.097187473 19365423.13314098 72779485.97396542 184195692.4237107 369270005.0845994 635111037.5393088 980971121.4560373 1400283515.821308 1882906290.927854 2417085382.815495 2990923909.25898 3593225187.353127 9476160977.030493 9649162680.53278 9781222139.601612 9882957821.242609 9962136717.822151 10024429068.96023
 5.184669872442262e-009 305.2170108128428 2202615.097187473 19365423.13314098 72779485.97396542 184195692.4237107 369270005.0845994 635111037.5393088 980971121.4560373 1400283515.821308 1882906290.927854 2417085382.815495 2990923909.25898 3593225187.353127 9476160977.030493 9649162680.53278 9781222139.601612 9882957821.242609 9962136717.822151 10024429068.96023
 8.791137519056774e-011 305.2170108126387 2202615.097187473 19365423.13314098 72779485.97396542 184195692.4237107 369270005.0845994 635111037.5393088 980971121.4560373 1400283515.821308 1882906290.927854 2417085382.815495 2990923909.25898 3593225187.353127 9476160977.030493 9649162680.53278 9781222139.601612 9882957821.242609 9962136717.822151 10024429068.96023
 85206.51127723818 305.2170108126128 2202615.097187473 19365423.13314098 72779485.97396542 184195692.4237107 369270005.0845994 635111037.5393088 980971121.4560373 1400283515.821308 1882906290.927854 2417085382.815495 2990923909.25898 3593225187.353127 9476160977.030493 9649162680.53278 9781222139.601612 9882957821.242609 9962136717.822151 10024429068.96023
 4436.650048914646 305.2170108126516 2202615.097187473 19365423.13314098 72779485.97396542 184195692.4237107 369270005.0845994 635111037.5393088 980971121.4560373 1400283515.821308 1882906290.927854 2417085382.815495 2990923909.25898 3593225187.353127 9476160977.030493 9649162680.53278 9781222139.601612 9882957821.242609 9962136717.822151 10024429068.96023
 14479.97420252899 305.217010813632 2202615.097187473 19365423.13314098 72779485.97396542 184195692.4237107 369270005.0845994 635111037.5393088 980971121.4560373 1400283515.821308 1882906290.927854 2417085382.815495 2990923909.25898 3593225187.353127 9476160977.030493 9649162680.53278 9781222139.601612 9882957821.242609 9962136717.822151 10024429068.96023
 367.6134766512311 305.2170108136196 2202615.097187473 19365423.13314098 72779485.97396542 184195692.4237107 369270005.0845994 635111037.5393088 980971121.4560373 1400283515.821308 1882906290.927854 2417085382.815495 2990923909.25898 3593225187.353127 9476160977.030493 9649162680.53278 9781222139.601612 9882957821.242609 9962136717.822151 10024429068.96023
