# Created by Octave 3.6.4, Sun Mar 09 01:01:17 2014 N. Central Asia Standard Time <unknown@OShulyakov>
# name: CloseTst
# type: matrix
# rows: 50
# columns: 20
 1.875130610492261e-010 199.4350659087476 1088746.823059382 10455110.39967645 41544275.36450488 108339285.3247614 220128405.9435325 380855335.4542382 591775545.2413353 854332726.7279642 1171484920.208741 1547400727.946365 1986305328.873612 2491219296.57198 9874398661.382887 10094164528.50299 10252019947.50861 10365987207.82664 10448856841.68476 10509605502.12406
 1.875130610492261e-010 199.4350659087476 1088746.823059382 10455110.39967645 41544275.36450488 108339285.3247614 220128405.9435325 380855335.4542382 591775545.2413353 854332726.7279642 1171484920.208741 1547400727.946365 1986305328.873612 2491219296.57198 9874398661.382887 10094164528.50299 10252019947.50861 10365987207.82664 10448856841.68476 10509605502.12406
 1.875130610492261e-010 199.4350659087476 1088746.823059382 10455110.39967645 41544275.36450488 108339285.3247614 220128405.9435325 380855335.4542382 591775545.2413353 854332726.7279642 1171484920.208741 1547400727.946365 1986305328.873612 2491219296.57198 9874398661.382887 10094164528.50299 10252019947.50861 10365987207.82664 10448856841.68476 10509605502.12406
 1.875130610492261e-010 199.4350659087476 1088746.823059382 10455110.39967645 41544275.36450488 108339285.3247614 220128405.9435325 380855335.4542382 591775545.2413353 854332726.7279642 1171484920.208741 1547400727.946365 1986305328.873612 2491219296.57198 9874398661.382887 10094164528.50299 10252019947.50861 10365987207.82664 10448856841.68476 10509605502.12406
 1.875130610492261e-010 199.4350659087476 1088746.823059382 10455110.39967645 41544275.36450488 108339285.3247614 220128405.9435325 380855335.4542382 591775545.2413353 854332726.7279642 1171484920.208741 1547400727.946365 1986305328.873612 2491219296.57198 9874398661.382887 10094164528.50299 10252019947.50861 10365987207.82664 10448856841.68476 10509605502.12406
 1.875130610492261e-010 199.4350659087476 1088746.823059382 10455110.39967645 41544275.36450488 108339285.3247614 220128405.9435325 380855335.4542382 591775545.2413353 854332726.7279642 1171484920.208741 1547400727.946365 1986305328.873612 2491219296.57198 9874398661.382887 10094164528.50299 10252019947.50861 10365987207.82664 10448856841.68476 10509605502.12406
 8.695827541514614e-011 199.4350669176325 1088746.823059382 10455110.39967645 41544275.36450488 108339285.3247614 220128405.9435325 380855335.4542382 591775545.2413353 854332726.7279642 1171484920.208741 1547400727.946365 1986305328.873612 2491219296.57198 9874398661.382887 10094164528.50299 10252019947.50861 10365987207.82664 10448856841.68476 10509605502.12406
 8.695827541514614e-011 199.4350669176325 1088746.823059382 10455110.39967645 41544275.36450488 108339285.3247614 220128405.9435325 380855335.4542382 591775545.2413353 854332726.7279642 1171484920.208741 1547400727.946365 1986305328.873612 2491219296.57198 9874398661.382887 10094164528.50299 10252019947.50861 10365987207.82664 10448856841.68476 10509605502.12406
 7.660749165832135e-010 199.4350656874655 1088746.823059382 10455110.39967645 41544275.36450488 108339285.3247614 220128405.9435325 380855335.4542382 591775545.2413353 854332726.7279642 1171484920.208741 1547400727.946365 1986305328.873612 2491219296.57198 9874398661.382887 10094164528.50299 10252019947.50861 10365987207.82664 10448856841.68476 10509605502.12406
 1.463042752967315e-010 199.4350648739899 1088746.823059382 10455110.39967645 41544275.36450488 108339285.3247614 220128405.9435325 380855335.4542382 591775545.2413353 854332726.7279642 1171484920.208741 1547400727.946365 1986305328.873612 2491219296.57198 9874398661.382887 10094164528.50299 10252019947.50861 10365987207.82664 10448856841.68476 10509605502.12406
 8.7858679805132e-010 199.4350652438742 1088746.823059382 10455110.39967645 41544275.36450488 108339285.3247614 220128405.9435325 380855335.4542382 591775545.2413353 854332726.7279642 1171484920.208741 1547400727.946365 1986305328.873612 2491219296.57198 9874398661.382887 10094164528.50299 10252019947.50861 10365987207.82664 10448856841.68476 10509605502.12406
 4.865194652932466e-009 199.4350660691934 1088746.823059382 10455110.39967645 41544275.36450488 108339285.3247614 220128405.9435325 380855335.4542382 591775545.2413353 854332726.7279642 1171484920.208741 1547400727.946365 1986305328.873612 2491219296.57198 9874398661.382887 10094164528.50299 10252019947.50861 10365987207.82664 10448856841.68476 10509605502.12406
 2.010718989572924e-011 199.4350650811333 1088746.823059382 10455110.39967645 41544275.36450488 108339285.3247614 220128405.9435325 380855335.4542382 591775545.2413353 854332726.7279642 1171484920.208741 1547400727.946365 1986305328.873612 2491219296.57198 9874398661.382887 10094164528.50299 10252019947.50861 10365987207.82664 10448856841.68476 10509605502.12406
 1.154970216031475e-009 199.435065263253 1088746.823059382 10455110.39967645 41544275.36450488 108339285.3247614 220128405.9435325 380855335.4542382 591775545.2413353 854332726.7279642 1171484920.208741 1547400727.946365 1986305328.873612 2491219296.57198 9874398661.382887 10094164528.50299 10252019947.50861 10365987207.82664 10448856841.68476 10509605502.12406
 7.198159417938095e-009 199.4350636749683 1088746.823059382 10455110.39967645 41544275.36450488 108339285.3247614 220128405.9435325 380855335.4542382 591775545.2413353 854332726.7279642 1171484920.208741 1547400727.946365 1986305328.873612 2491219296.57198 9874398661.382887 10094164528.50299 10252019947.50861 10365987207.82664 10448856841.68476 10509605502.12406
 2.089014426183981e-009 199.4350637579119 1088746.823059382 10455110.39967645 41544275.36450488 108339285.3247614 220128405.9435325 380855335.4542382 591775545.2413353 854332726.7279642 1171484920.208741 1547400727.946365 1986305328.873612 2491219296.57198 9874398661.382887 10094164528.50299 10252019947.50861 10365987207.82664 10448856841.68476 10509605502.12406
 8.226736016037217e-011 199.4350648551823 1088746.823059382 10455110.39967645 41544275.36450488 108339285.3247614 220128405.9435325 380855335.4542382 591775545.2413353 854332726.7279642 1171484920.208741 1547400727.946365 1986305328.873612 2491219296.57198 9874398661.382887 10094164528.50299 10252019947.50861 10365987207.82664 10448856841.68476 10509605502.12406
 85376.52134845524 199.4350644399144 1088746.823059382 10455110.39967645 41544275.36450488 108339285.3247614 220128405.9435325 380855335.4542382 591775545.2413353 854332726.7279642 1171484920.208741 1547400727.946365 1986305328.873612 2491219296.57198 9874398661.382887 10094164528.50299 10252019947.50861 10365987207.82664 10448856841.68476 10509605502.12406
 4448.526592202721 199.4350640444977 1088746.823059382 10455110.39967645 41544275.36450488 108339285.3247614 220128405.9435325 380855335.4542382 591775545.2413353 854332726.7279642 1171484920.208741 1547400727.946365 1986305328.873612 2491219296.57198 9874398661.382887 10094164528.50299 10252019947.50861 10365987207.82664 10448856841.68476 10509605502.12406
 14506.9496416789 199.4350668339791 1088746.823059382 10455110.39967645 41544275.36450488 108339285.3247614 220128405.9435325 380855335.4542382 591775545.2413353 854332726.7279642 1171484920.208741 1547400727.946365 1986305328.873612 2491219296.57198 9874398661.382887 10094164528.50299 10252019947.50861 10365987207.82664 10448856841.68476 10509605502.12406
 367.8362348220401 199.4350656405421 1088746.823059382 10455110.39967645 41544275.36450488 108339285.3247614 220128405.9435325 380855335.4542382 591775545.2413353 854332726.7279642 1171484920.208741 1547400727.946365 1986305328.873612 2491219296.57198 9874398661.382887 10094164528.50299 10252019947.50861 10365987207.82664 10448856841.68476 10509605502.12406
