# Created by Octave 3.6.4, Sun Mar 09 01:01:17 2014 N. Central Asia Standard Time <unknown@OShulyakov>
# name: OpenCv
# type: matrix
# rows: 50
# columns: 20
 2.977295984903679e-008 2238.857164232772 18675770.88297194 133506241.8438231 419029384.9621723 943379532.6716295 1828363060.133347 3290285005.030506 5640567273.400982 9269895198.001881 14632252391.65114 22223293424.99694 32533460927.80154 45954030407.28665 11027626038.75011 10469012349.17915 10221031540.71861 10194835938.29683 10327795478.16083 10577183201.43633
 2.977295984903679e-008 2238.857164232772 18675770.88297194 133506241.8438231 419029384.9621723 943379532.6716295 1828363060.133347 3290285005.030506 5640567273.400982 9269895198.001881 14632252391.65114 22223293424.99694 32533460927.80154 45954030407.28665 11027626038.75011 10469012349.17915 10221031540.71861 10194835938.29683 10327795478.16083 10577183201.43633
 2.977295984903679e-008 2238.857164232772 18675770.88297194 133506241.8438231 419029384.9621723 943379532.6716295 1828363060.133347 3290285005.030506 5640567273.400982 9269895198.001881 14632252391.65114 22223293424.99694 32533460927.80154 45954030407.28665 11027626038.75011 10469012349.17915 10221031540.71861 10194835938.29683 10327795478.16083 10577183201.43633
 2.977295984903679e-008 2238.857164232772 18675770.88297194 133506241.8438231 419029384.9621723 943379532.6716295 1828363060.133347 3290285005.030506 5640567273.400982 9269895198.001881 14632252391.65114 22223293424.99694 32533460927.80154 45954030407.28665 11027626038.75011 10469012349.17915 10221031540.71861 10194835938.29683 10327795478.16083 10577183201.43633
 2.977295984903679e-008 2238.857164232772 18675770.88297194 133506241.8438231 419029384.9621723 943379532.6716295 1828363060.133347 3290285005.030506 5640567273.400982 9269895198.001881 14632252391.65114 22223293424.99694 32533460927.80154 45954030407.28665 11027626038.75011 10469012349.17915 10221031540.71861 10194835938.29683 10327795478.16083 10577183201.43633
 2.977295984903679e-008 2238.857164232772 18675770.88297194 133506241.8438231 419029384.9621723 943379532.6716295 1828363060.133347 3290285005.030506 5640567273.400982 9269895198.001881 14632252391.65114 22223293424.99694 32533460927.80154 45954030407.28665 11027626038.75011 10469012349.17915 10221031540.71861 10194835938.29683 10327795478.16083 10577183201.43633
 3.323245470513027e-009 2238.857156612284 18675770.88297194 133506241.8438231 419029384.9621723 943379532.6716295 1828363060.133347 3290285005.030506 5640567273.400982 9269895198.001881 14632252391.65114 22223293424.99694 32533460927.80154 45954030407.28665 11027626038.75011 10469012349.17915 10221031540.71861 10194835938.29683 10327795478.16083 10577183201.43633
 3.323245470513027e-009 2238.857156612284 18675770.88297194 133506241.8438231 419029384.9621723 943379532.6716295 1828363060.133347 3290285005.030506 5640567273.400982 9269895198.001881 14632252391.65114 22223293424.99694 32533460927.80154 45954030407.28665 11027626038.75011 10469012349.17915 10221031540.71861 10194835938.29683 10327795478.16083 10577183201.43633
 3.420873119072944e-008 2238.857165664032 18675770.88297194 133506241.8438231 419029384.9621723 943379532.6716295 1828363060.133347 3290285005.030506 5640567273.400982 9269895198.001881 14632252391.65114 22223293424.99694 32533460927.80154 45954030407.28665 11027626038.75011 10469012349.17915 10221031540.71861 10194835938.29683 10327795478.16083 10577183201.43633
 2.31526048249511e-008 2238.857170249622 18675770.88297194 133506241.8438231 419029384.9621723 943379532.6716295 1828363060.133347 3290285005.030506 5640567273.400982 9269895198.001881 14632252391.65114 22223293424.99694 32533460927.80154 45954030407.28665 11027626038.75011 10469012349.17915 10221031540.71861 10194835938.29683 10327795478.16083 10577183201.43633
 2.823928038552819e-008 2238.857167963139 18675770.88297194 133506241.8438231 419029384.9621723 943379532.6716295 1828363060.133347 3290285005.030506 5640567273.400982 9269895198.001881 14632252391.65114 22223293424.99694 32533460927.80154 45954030407.28665 11027626038.75011 10469012349.17915 10221031540.71861 10194835938.29683 10327795478.16083 10577183201.43633
 2.447751191205724e-008 2238.857161889001 18675770.88297194 133506241.8438231 419029384.9621723 943379532.6716295 1828363060.133347 3290285005.030506 5640567273.400982 9269895198.001881 14632252391.65114 22223293424.99694 32533460927.80154 45954030407.28665 11027626038.75011 10469012349.17915 10221031540.71861 10194835938.29683 10327795478.16083 10577183201.43633
 4.99153469708666e-008 2238.857170220379 18675770.88297194 133506241.8438231 419029384.9621723 943379532.6716295 1828363060.133347 3290285005.030506 5640567273.400982 9269895198.001881 14632252391.65114 22223293424.99694 32533460927.80154 45954030407.28665 11027626038.75011 10469012349.17915 10221031540.71861 10194835938.29683 10327795478.16083 10577183201.43633
 2.496582096055481e-008 2238.857169159498 18675770.88297194 133506241.8438231 419029384.9621723 943379532.6716295 1828363060.133347 3290285005.030506 5640567273.400982 9269895198.001881 14632252391.65114 22223293424.99694 32533460927.80154 45954030407.28665 11027626038.75011 10469012349.17915 10221031540.71861 10194835938.29683 10327795478.16083 10577183201.43633
 5.681420697473293e-008 2238.857182947117 18675770.88297194 133506241.8438231 419029384.9621723 943379532.6716295 1828363060.133347 3290285005.030506 5640567273.400982 9269895198.001881 14632252391.65114 22223293424.99694 32533460927.80154 45954030407.28665 11027626038.75011 10469012349.17915 10221031540.71861 10194835938.29683 10327795478.16083 10577183201.43633
 3.92879454924695e-008 2238.85718377719 18675770.88297194 133506241.8438231 419029384.9621723 943379532.6716295 1828363060.133347 3290285005.030506 5640567273.400982 9269895198.001881 14632252391.65114 22223293424.99694 32533460927.80154 45954030407.28665 11027626038.75011 10469012349.17915 10221031540.71861 10194835938.29683 10327795478.16083 10577183201.43633
 5.578408004990044e-008 2238.857171266096 18675770.88297194 133506241.8438231 419029384.9621723 943379532.6716295 1828363060.133347 3290285005.030506 5640567273.400982 9269895198.001881 14632252391.65114 22223293424.99694 32533460927.80154 45954030407.28665 11027626038.75011 10469012349.17915 10221031540.71861 10194835938.29683 10327795478.16083 10577183201.43633
 135288.9814173741 2238.857174879246 18675770.88297194 133506241.8438231 419029384.9621723 943379532.6716295 1828363060.133347 3290285005.030506 5640567273.400982 9269895198.001881 14632252391.65114 22223293424.99694 32533460927.80154 45954030407.28665 11027626038.75011 10469012349.17915 10221031540.71861 10194835938.29683 10327795478.16083 10577183201.43633
 7032.989248096431 2238.857178657004 18675770.88297194 133506241.8438231 419029384.9621723 943379532.6716295 1828363060.133347 3290285005.030506 5640567273.400982 9269895198.001881 14632252391.65114 22223293424.99694 32533460927.80154 45954030407.28665 11027626038.75011 10469012349.17915 10221031540.71861 10194835938.29683 10327795478.16083 10577183201.43633
 22996.94703244073 2238.857148450065 18675770.88297194 133506241.8438231 419029384.9621723 943379532.6716295 1828363060.133347 3290285005.030506 5640567273.400982 9269895198.001881 14632252391.65114 22223293424.99694 32533460927.80154 45954030407.28665 11027626038.75011 10469012349.17915 10221031540.71861 10194835938.29683 10327795478.16083 10577183201.43633
 585.4598659845204 2238.857162959838 18675770.88297194 133506241.8438231 419029384.9621723 943379532.6716295 1828363060.133347 3290285005.030506 5640567273.400982 9269895198.001881 14632252391.65114 22223293424.99694 32533460927.80154 45954030407.28665 11027626038.75011 10469012349.17915 10221031540.71861 10194835938.29683 10327795478.16083 10577183201.43633
