# Created by Octave 3.6.4, Sun Mar 09 01:01:17 2014 N. Central Asia Standard Time <unknown@OShulyakov>
# name: OpenTst
# type: matrix
# rows: 50
# columns: 20
 1.774461442598521e-009 229.6398094696992 1088282.893917466 10454943.03626105 41548676.38211714 108354245.5576415 220157349.4252264 380896852.0113596 591824793.4165628 854383932.2541953 1171532136.570466 1547436866.73663 1986321253.49166 2491204148.274471 9873965380.728807 10093721145.67491 10251573016.80276 10365540045.15992 10448410882.92192 10509161189.44292
 1.774461442598521e-009 229.6398094696992 1088282.893917466 10454943.03626105 41548676.38211714 108354245.5576415 220157349.4252264 380896852.0113596 591824793.4165628 854383932.2541953 1171532136.570466 1547436866.73663 1986321253.49166 2491204148.274471 9873965380.728807 10093721145.67491 10251573016.80276 10365540045.15992 10448410882.92192 10509161189.44292
 1.774461442598521e-009 229.6398094696992 1088282.893917466 10454943.03626105 41548676.38211714 108354245.5576415 220157349.4252264 380896852.0113596 591824793.4165628 854383932.2541953 1171532136.570466 1547436866.73663 1986321253.49166 2491204148.274471 9873965380.728807 10093721145.67491 10251573016.80276 10365540045.15992 10448410882.92192 10509161189.44292
 1.774461442598521e-009 229.6398094696992 1088282.893917466 10454943.03626105 41548676.38211714 108354245.5576415 220157349.4252264 380896852.0113596 591824793.4165628 854383932.2541953 1171532136.570466 1547436866.73663 1986321253.49166 2491204148.274471 9873965380.728807 10093721145.67491 10251573016.80276 10365540045.15992 10448410882.92192 10509161189.44292
 1.774461442598521e-009 229.6398094696992 1088282.893917466 10454943.03626105 41548676.38211714 108354245.5576415 220157349.4252264 380896852.0113596 591824793.4165628 854383932.2541953 1171532136.570466 1547436866.73663 1986321253.49166 2491204148.274471 9873965380.728807 10093721145.67491 10251573016.80276 10365540045.15992 10448410882.92192 10509161189.44292
 1.774461442598521e-009 229.6398094696992 1088282.893917466 10454943.03626105 41548676.38211714 108354245.5576415 220157349.4252264 380896852.0113596 591824793.4165628 854383932.2541953 1171532136.570466 1547436866.73663 1986321253.49166 2491204148.274471 9873965380.728807 10093721145.67491 10251573016.80276 10365540045.15992 10448410882.92192 10509161189.44292
 1.970097689921829e-010 229.6398096153145 1088282.893917466 10454943.03626105 41548676.38211714 108354245.5576415 220157349.4252264 380896852.0113596 591824793.4165628 854383932.2541953 1171532136.570466 1547436866.73663 1986321253.49166 2491204148.274471 9873965380.728807 10093721145.67491 10251573016.80276 10365540045.15992 10448410882.92192 10509161189.44292
 1.970097689921829e-010 229.6398096153145 1088282.893917466 10454943.03626105 41548676.38211714 108354245.5576415 220157349.4252264 380896852.0113596 591824793.4165628 854383932.2541953 1171532136.570466 1547436866.73663 1986321253.49166 2491204148.274471 9873965380.728807 10093721145.67491 10251573016.80276 10365540045.15992 10448410882.92192 10509161189.44292
 1.525251754030227e-009 229.6398094640629 1088282.893917466 10454943.03626105 41548676.38211714 108354245.5576415 220157349.4252264 380896852.0113596 591824793.4165628 854383932.2541953 1171532136.570466 1547436866.73663 1986321253.49166 2491204148.274471 9873965380.728807 10093721145.67491 10251573016.80276 10365540045.15992 10448410882.92192 10509161189.44292
 1.004823200011917e-009 229.6398094739106 1088282.893917466 10454943.03626105 41548676.38211714 108354245.5576415 220157349.4252264 380896852.0113596 591824793.4165628 854383932.2541953 1171532136.570466 1547436866.73663 1986321253.49166 2491204148.274471 9873965380.728807 10093721145.67491 10251573016.80276 10365540045.15992 10448410882.92192 10509161189.44292
 1.280828616822975e-009 229.6398094717308 1088282.893917466 10454943.03626105 41548676.38211714 108354245.5576415 220157349.4252264 380896852.0113596 591824793.4165628 854383932.2541953 1171532136.570466 1547436866.73663 1986321253.49166 2491204148.274471 9873965380.728807 10093721145.67491 10251573016.80276 10365540045.15992 10448410882.92192 10509161189.44292
 1.109593251444828e-009 229.6398095893312 1088282.893917466 10454943.03626105 41548676.38211714 108354245.5576415 220157349.4252264 380896852.0113596 591824793.4165628 854383932.2541953 1171532136.570466 1547436866.73663 1986321253.49166 2491204148.274471 9873965380.728807 10093721145.67491 10251573016.80276 10365540045.15992 10448410882.92192 10509161189.44292
 2.262343145275224e-009 229.6398093706341 1088282.893917466 10454943.03626105 41548676.38211714 108354245.5576415 220157349.4252264 380896852.0113596 591824793.4165628 854383932.2541953 1171532136.570466 1547436866.73663 1986321253.49166 2491204148.274471 9873965380.728807 10093721145.67491 10251573016.80276 10365540045.15992 10448410882.92192 10509161189.44292
 1.359713615439502e-009 229.6398093617952 1088282.893917466 10454943.03626105 41548676.38211714 108354245.5576415 220157349.4252264 380896852.0113596 591824793.4165628 854383932.2541953 1171532136.570466 1547436866.73663 1986321253.49166 2491204148.274471 9873965380.728807 10093721145.67491 10251573016.80276 10365540045.15992 10448410882.92192 10509161189.44292
 2.69187221602034e-009 229.639808980537 1088282.893917466 10454943.03626105 41548676.38211714 108354245.5576415 220157349.4252264 380896852.0113596 591824793.4165628 854383932.2541953 1171532136.570466 1547436866.73663 1986321253.49166 2491204148.274471 9873965380.728807 10093721145.67491 10251573016.80276 10365540045.15992 10448410882.92192 10509161189.44292
 2.151388861852622e-009 229.6398088764868 1088282.893917466 10454943.03626105 41548676.38211714 108354245.5576415 220157349.4252264 380896852.0113596 591824793.4165628 854383932.2541953 1171532136.570466 1547436866.73663 1986321253.49166 2491204148.274471 9873965380.728807 10093721145.67491 10251573016.80276 10365540045.15992 10448410882.92192 10509161189.44292
 2.451233929586593e-009 229.6398092044641 1088282.893917466 10454943.03626105 41548676.38211714 108354245.5576415 220157349.4252264 380896852.0113596 591824793.4165628 854383932.2541953 1171532136.570466 1547436866.73663 1986321253.49166 2491204148.274471 9873965380.728807 10093721145.67491 10251573016.80276 10365540045.15992 10448410882.92192 10509161189.44292
 85377.1723237846 229.6398092788966 1088282.893917466 10454943.03626105 41548676.38211714 108354245.5576415 220157349.4252264 380896852.0113596 591824793.4165628 854383932.2541953 1171532136.570466 1547436866.73663 1986321253.49166 2491204148.274471 9873965380.728807 10093721145.67491 10251573016.80276 10365540045.15992 10448410882.92192 10509161189.44292
 4448.361454393688 229.6398091588833 1088282.893917466 10454943.03626105 41548676.38211714 108354245.5576415 220157349.4252264 380896852.0113596 591824793.4165628 854383932.2541953 1171532136.570466 1547436866.73663 1986321253.49166 2491204148.274471 9873965380.728807 10093721145.67491 10251573016.80276 10365540045.15992 10448410882.92192 10509161189.44292
 14507.31822569384 229.6398098906541 1088282.893917466 10454943.03626105 41548676.38211714 108354245.5576415 220157349.4252264 380896852.0113596 591824793.4165628 854383932.2541953 1171532136.570466 1547436866.73663 1986321253.49166 2491204148.274471 9873965380.728807 10093721145.67491 10251573016.80276 10365540045.15992 10448410882.92192 10509161189.44292
 367.8581732911965 229.6398092188746 1088282.893917466 10454943.03626105 41548676.38211714 108354245.5576415 220157349.4252264 380896852.0113596 591824793.4165628 854383932.2541953 1171532136.570466 1547436866.73663 1986321253.49166 2491204148.274471 9873965380.728807 10093721145.67491 10251573016.80276 10365540045.15992 10448410882.92192 10509161189.44292
