# Created by Octave 3.6.4, Sat Mar 08 19:19:00 2014 N. Central Asia Standard Time <unknown@OShulyakov>
# name: power
# type: range
# base, limit, increment
1 20 1


