# Created by Octave 3.6.4, Mon Mar 10 00:29:54 2014 N. Central Asia Standard Time <unknown@OShulyakov>
# name: CloseTr
# type: matrix
# rows: 50
# columns: 18
 1.62865646212643e-010 305.3873158837748 2202615.096924169 19365423.13313315 72779485.97394553 184195692.4237632 369270005.0847769 635111037.5392607 980971121.4563502 1400283515.82116 8013880654.595173 8543387493.377514 8945044346.209585 9247827065.250822 9476160977.030493 9649162680.53278 9781222139.601612 9882957821.242609
 1.62865646212643e-010 305.3873158837748 2202615.096924169 19365423.13313315 72779485.97394553 184195692.4237632 369270005.0847769 635111037.5392607 980971121.4563502 1400283515.82116 8013880654.595173 8543387493.377514 8945044346.209585 9247827065.250822 9476160977.030493 9649162680.53278 9781222139.601612 9882957821.242609
 1.62865646212643e-010 305.3873158837748 2202615.096924169 19365423.13313315 72779485.97394553 184195692.4237632 369270005.0847769 635111037.5392607 980971121.4563502 1400283515.82116 8013880654.595173 8543387493.377514 8945044346.209585 9247827065.250822 9476160977.030493 9649162680.53278 9781222139.601612 9882957821.242609
 1.62865646212643e-010 305.3873158837748 2202615.096924169 19365423.13313315 72779485.97394553 184195692.4237632 369270005.0847769 635111037.5392607 980971121.4563502 1400283515.82116 8013880654.595173 8543387493.377514 8945044346.209585 9247827065.250822 9476160977.030493 9649162680.53278 9781222139.601612 9882957821.242609
 1.62865646212643e-010 305.3873158837748 2202615.096924169 19365423.13313315 72779485.97394553 184195692.4237632 369270005.0847769 635111037.5392607 980971121.4563502 1400283515.82116 8013880654.595173 8543387493.377514 8945044346.209585 9247827065.250822 9476160977.030493 9649162680.53278 9781222139.601612 9882957821.242609
 1.62865646212643e-010 305.3873158837748 2202615.096924169 19365423.13313315 72779485.97394553 184195692.4237632 369270005.0847769 635111037.5392607 980971121.4563502 1400283515.82116 8013880654.595173 8543387493.377514 8945044346.209585 9247827065.250822 9476160977.030493 9649162680.53278 9781222139.601612 9882957821.242609
 1.200703908654037e-011 305.3873267609036 2202615.096924169 19365423.13313315 72779485.97394553 184195692.4237632 369270005.0847769 635111037.5392607 980971121.4563502 1400283515.82116 8013880654.595173 8543387493.377514 8945044346.209585 9247827065.250822 9476160977.030493 9649162680.53278 9781222139.601612 9882957821.242609
 1.200703908654037e-011 305.3873267609036 2202615.096924169 19365423.13313315 72779485.97394553 184195692.4237632 369270005.0847769 635111037.5392607 980971121.4563502 1400283515.82116 8013880654.595173 8543387493.377514 8945044346.209585 9247827065.250822 9476160977.030493 9649162680.53278 9781222139.601612 9882957821.242609
 8.277949967775176e-013 305.387326273802 2202615.096924169 19365423.13313315 72779485.97394553 184195692.4237632 369270005.0847769 635111037.5392607 980971121.4563502 1400283515.82116 8013880654.595173 8543387493.377514 8945044346.209585 9247827065.250822 9476160977.030493 9649162680.53278 9781222139.601612 9882957821.242609
 5.746727627364733e-011 305.3873390256278 2202615.096924169 19365423.13313315 72779485.97394553 184195692.4237632 369270005.0847769 635111037.5392607 980971121.4563502 1400283515.82116 8013880654.595173 8543387493.377514 8945044346.209585 9247827065.250822 9476160977.030493 9649162680.53278 9781222139.601612 9882957821.242609
 1.734471627468451e-012 305.3873372820681 2202615.096924169 19365423.13313315 72779485.97394553 184195692.4237632 369270005.0847769 635111037.5392607 980971121.4563502 1400283515.82116 8013880654.595173 8543387493.377514 8945044346.209585 9247827065.250822 9476160977.030493 9649162680.53278 9781222139.601612 9882957821.242609
 2.228365041793914e-011 305.3873310606203 2202615.096924169 19365423.13313315 72779485.97394553 184195692.4237632 369270005.0847769 635111037.5392607 980971121.4563502 1400283515.82116 8013880654.595173 8543387493.377514 8945044346.209585 9247827065.250822 9476160977.030493 9649162680.53278 9781222139.601612 9882957821.242609
 7.41889142963435e-011 305.3873260686661 2202615.096924169 19365423.13313315 72779485.97394553 184195692.4237632 369270005.0847769 635111037.5392607 980971121.4563502 1400283515.82116 8013880654.595173 8543387493.377514 8945044346.209585 9247827065.250822 9476160977.030493 9649162680.53278 9781222139.601612 9882957821.242609
 2.273314329795553e-011 305.387324052277 2202615.096924169 19365423.13313315 72779485.97394553 184195692.4237632 369270005.0847769 635111037.5392607 980971121.4563502 1400283515.82116 8013880654.595173 8543387493.377514 8945044346.209585 9247827065.250822 9476160977.030493 9649162680.53278 9781222139.601612 9882957821.242609
 5.506144266917124e-011 305.3873427538065 2202615.096924169 19365423.13313315 72779485.97394553 184195692.4237632 369270005.0847769 635111037.5392607 980971121.4563502 1400283515.82116 8013880654.595173 8543387493.377514 8945044346.209585 9247827065.250822 9476160977.030493 9649162680.53278 9781222139.601612 9882957821.242609
 5.626376964431364e-013 305.3873280390514 2202615.096924169 19365423.13313315 72779485.97394553 184195692.4237632 369270005.0847769 635111037.5392607 980971121.4563502 1400283515.82116 8013880654.595173 8543387493.377514 8945044346.209585 9247827065.250822 9476160977.030493 9649162680.53278 9781222139.601612 9882957821.242609
 3.27222927027591e-011 305.387323995694 2202615.096924169 19365423.13313315 72779485.97394553 184195692.4237632 369270005.0847769 635111037.5392607 980971121.4563502 1400283515.82116 8013880654.595173 8543387493.377514 8945044346.209585 9247827065.250822 9476160977.030493 9649162680.53278 9781222139.601612 9882957821.242609
 1.38293496406818e-010 305.3870274774912 2202615.096924169 19365423.13313315 72779485.97394553 184195692.4237632 369270005.0847769 635111037.5392607 980971121.4563502 1400283515.82116 8013880654.595173 8543387493.377514 8945044346.209585 9247827065.250822 9476160977.030493 9649162680.53278 9781222139.601612 9882957821.242609
 4.76215000434367e-011 305.3870256221759 2202615.096924169 19365423.13313315 72779485.97394553 184195692.4237632 369270005.0847769 635111037.5392607 980971121.4563502 1400283515.82116 8013880654.595173 8543387493.377514 8945044346.209585 9247827065.250822 9476160977.030493 9649162680.53278 9781222139.601612 9882957821.242609
 1.779256764239877e-010 305.3870289708113 2202615.096924169 19365423.13313315 72779485.97394553 184195692.4237632 369270005.0847769 635111037.5392607 980971121.4563502 1400283515.82116 8013880654.595173 8543387493.377514 8945044346.209585 9247827065.250822 9476160977.030493 9649162680.53278 9781222139.601612 9882957821.242609
 7.155671768404825e-011 305.3870277251118 2202615.096924169 19365423.13313315 72779485.97394553 184195692.4237632 369270005.0847769 635111037.5392607 980971121.4563502 1400283515.82116 8013880654.595173 8543387493.377514 8945044346.209585 9247827065.250822 9476160977.030493 9649162680.53278 9781222139.601612 9882957821.242609
 431.31501871006 305.3870327962176 2202615.096924169 19365423.13313315 72779485.97394553 184195692.4237632 369270005.0847769 635111037.5392607 980971121.4563502 1400283515.82116 8013880654.595173 8543387493.377514 8945044346.209585 9247827065.250822 9476160977.030493 9649162680.53278 9781222139.601612 9882957821.242609
 6.484927485044284 305.38730218393 2202615.096924169 19365423.13313315 72779485.97394553 184195692.4237632 369270005.0847769 635111037.5392607 980971121.4563502 1400283515.82116 8013880654.595173 8543387493.377514 8945044346.209585 9247827065.250822 9476160977.030493 9649162680.53278 9781222139.601612 9882957821.242609
