# Created by Octave 3.6.4, Mon Mar 10 00:29:54 2014 N. Central Asia Standard Time <unknown@OShulyakov>
# name: HighCv
# type: matrix
# rows: 50
# columns: 18
 2.580383463146159e-010 1558.216890068887 18928977.3137156 134652386.7877112 421849832.7771109 948738936.4564856 1837560263.752718 3305629264.141523 5665941754.752815 9311178172.268513 19063549691.03099 15950038330.52812 13644222262.80071 12069184998.41542 11074552584.44184 10512168910.27683 10261828201.41098 10234375970.45466
 2.580383463146159e-010 1558.216890068887 18928977.3137156 134652386.7877112 421849832.7771109 948738936.4564856 1837560263.752718 3305629264.141523 5665941754.752815 9311178172.268513 19063549691.03099 15950038330.52812 13644222262.80071 12069184998.41542 11074552584.44184 10512168910.27683 10261828201.41098 10234375970.45466
 2.580383463146159e-010 1558.216890068887 18928977.3137156 134652386.7877112 421849832.7771109 948738936.4564856 1837560263.752718 3305629264.141523 5665941754.752815 9311178172.268513 19063549691.03099 15950038330.52812 13644222262.80071 12069184998.41542 11074552584.44184 10512168910.27683 10261828201.41098 10234375970.45466
 2.580383463146159e-010 1558.216890068887 18928977.3137156 134652386.7877112 421849832.7771109 948738936.4564856 1837560263.752718 3305629264.141523 5665941754.752815 9311178172.268513 19063549691.03099 15950038330.52812 13644222262.80071 12069184998.41542 11074552584.44184 10512168910.27683 10261828201.41098 10234375970.45466
 2.580383463146159e-010 1558.216890068887 18928977.3137156 134652386.7877112 421849832.7771109 948738936.4564856 1837560263.752718 3305629264.141523 5665941754.752815 9311178172.268513 19063549691.03099 15950038330.52812 13644222262.80071 12069184998.41542 11074552584.44184 10512168910.27683 10261828201.41098 10234375970.45466
 2.580383463146159e-010 1558.216890068887 18928977.3137156 134652386.7877112 421849832.7771109 948738936.4564856 1837560263.752718 3305629264.141523 5665941754.752815 9311178172.268513 19063549691.03099 15950038330.52812 13644222262.80071 12069184998.41542 11074552584.44184 10512168910.27683 10261828201.41098 10234375970.45466
 1.876848041679559e-011 1558.216777371184 18928977.3137156 134652386.7877112 421849832.7771109 948738936.4564856 1837560263.752718 3305629264.141523 5665941754.752815 9311178172.268513 19063549691.03099 15950038330.52812 13644222262.80071 12069184998.41542 11074552584.44184 10512168910.27683 10261828201.41098 10234375970.45466
 1.876848041679559e-011 1558.216777371184 18928977.3137156 134652386.7877112 421849832.7771109 948738936.4564856 1837560263.752718 3305629264.141523 5665941754.752815 9311178172.268513 19063549691.03099 15950038330.52812 13644222262.80071 12069184998.41542 11074552584.44184 10512168910.27683 10261828201.41098 10234375970.45466
 1.081276646215293e-012 1558.21680099798 18928977.3137156 134652386.7877112 421849832.7771109 948738936.4564856 1837560263.752718 3305629264.141523 5665941754.752815 9311178172.268513 19063549691.03099 15950038330.52812 13644222262.80071 12069184998.41542 11074552584.44184 10512168910.27683 10261828201.41098 10234375970.45466
 9.068353202477714e-011 1558.21677680246 18928977.3137156 134652386.7877112 421849832.7771109 948738936.4564856 1837560263.752718 3305629264.141523 5665941754.752815 9311178172.268513 19063549691.03099 15950038330.52812 13644222262.80071 12069184998.41542 11074552584.44184 10512168910.27683 10261828201.41098 10234375970.45466
 3.243201149962754e-012 1558.216696706133 18928977.3137156 134652386.7877112 421849832.7771109 948738936.4564856 1837560263.752718 3305629264.141523 5665941754.752815 9311178172.268513 19063549691.03099 15950038330.52812 13644222262.80071 12069184998.41542 11074552584.44184 10512168910.27683 10261828201.41098 10234375970.45466
 3.551016645918036e-011 1558.216704904539 18928977.3137156 134652386.7877112 421849832.7771109 948738936.4564856 1837560263.752718 3305629264.141523 5665941754.752815 9311178172.268513 19063549691.03099 15950038330.52812 13644222262.80071 12069184998.41542 11074552584.44184 10512168910.27683 10261828201.41098 10234375970.45466
 1.190024547723199e-010 1558.216789550941 18928977.3137156 134652386.7877112 421849832.7771109 948738936.4564856 1837560263.752718 3305629264.141523 5665941754.752815 9311178172.268513 19063549691.03099 15950038330.52812 13644222262.80071 12069184998.41542 11074552584.44184 10512168910.27683 10261828201.41098 10234375970.45466
 3.698154407736659e-011 1558.216612412773 18928977.3137156 134652386.7877112 421849832.7771109 948738936.4564856 1837560263.752718 3305629264.141523 5665941754.752815 9311178172.268513 19063549691.03099 15950038330.52812 13644222262.80071 12069184998.41542 11074552584.44184 10512168910.27683 10261828201.41098 10234375970.45466
 8.880948783337474e-011 1558.216691021731 18928977.3137156 134652386.7877112 421849832.7771109 948738936.4564856 1837560263.752718 3305629264.141523 5665941754.752815 9311178172.268513 19063549691.03099 15950038330.52812 13644222262.80071 12069184998.41542 11074552584.44184 10512168910.27683 10261828201.41098 10234375970.45466
 8.216403933642574e-013 1558.216877406728 18928977.3137156 134652386.7877112 421849832.7771109 948738936.4564856 1837560263.752718 3305629264.141523 5665941754.752815 9311178172.268513 19063549691.03099 15950038330.52812 13644222262.80071 12069184998.41542 11074552584.44184 10512168910.27683 10261828201.41098 10234375970.45466
 5.163126947628211e-011 1558.216692025592 18928977.3137156 134652386.7877112 421849832.7771109 948738936.4564856 1837560263.752718 3305629264.141523 5665941754.752815 9311178172.268513 19063549691.03099 15950038330.52812 13644222262.80071 12069184998.41542 11074552584.44184 10512168910.27683 10261828201.41098 10234375970.45466
 2.235422146505778e-010 1558.244017752368 18928977.3137156 134652386.7877112 421849832.7771109 948738936.4564856 1837560263.752718 3305629264.141523 5665941754.752815 9311178172.268513 19063549691.03099 15950038330.52812 13644222262.80071 12069184998.41542 11074552584.44184 10512168910.27683 10261828201.41098 10234375970.45466
 7.622227001354692e-011 1558.244068985422 18928977.3137156 134652386.7877112 421849832.7771109 948738936.4564856 1837560263.752718 3305629264.141523 5665941754.752815 9311178172.268513 19063549691.03099 15950038330.52812 13644222262.80071 12069184998.41542 11074552584.44184 10512168910.27683 10261828201.41098 10234375970.45466
 2.653414169653843e-010 1558.244061623875 18928977.3137156 134652386.7877112 421849832.7771109 948738936.4564856 1837560263.752718 3305629264.141523 5665941754.752815 9311178172.268513 19063549691.03099 15950038330.52812 13644222262.80071 12069184998.41542 11074552584.44184 10512168910.27683 10261828201.41098 10234375970.45466
 1.041215920392249e-010 1558.244021640325 18928977.3137156 134652386.7877112 421849832.7771109 948738936.4564856 1837560263.752718 3305629264.141523 5665941754.752815 9311178172.268513 19063549691.03099 15950038330.52812 13644222262.80071 12069184998.41542 11074552584.44184 10512168910.27683 10261828201.41098 10234375970.45466
 687.4886775159024 1558.243982748381 18928977.3137156 134652386.7877112 421849832.7771109 948738936.4564856 1837560263.752718 3305629264.141523 5665941754.752815 9311178172.268513 19063549691.03099 15950038330.52812 13644222262.80071 12069184998.41542 11074552584.44184 10512168910.27683 10261828201.41098 10234375970.45466
 10.35339562632812 1558.220204602917 18928977.3137156 134652386.7877112 421849832.7771109 948738936.4564856 1837560263.752718 3305629264.141523 5665941754.752815 9311178172.268513 19063549691.03099 15950038330.52812 13644222262.80071 12069184998.41542 11074552584.44184 10512168910.27683 10261828201.41098 10234375970.45466
