# Created by Octave 3.6.4, Mon Mar 10 00:29:54 2014 N. Central Asia Standard Time <unknown@OShulyakov>
# name: HighTr
# type: matrix
# rows: 50
# columns: 18
 1.617914251898917e-010 298.1857720600925 2230428.667729504 19528412.28585008 73284605.72921909 185329303.3349205 371356571.9050218 638473635.4682928 985905418.2349448 1407046060.794387 8047701193.202643 8579631488.837696 8983192215.209349 9287457246.161013 9516940315.247721 9690832264.000353 9823582874.794052 9925857533.843924
 1.617914251898917e-010 298.1857720600925 2230428.667729504 19528412.28585008 73284605.72921909 185329303.3349205 371356571.9050218 638473635.4682928 985905418.2349448 1407046060.794387 8047701193.202643 8579631488.837696 8983192215.209349 9287457246.161013 9516940315.247721 9690832264.000353 9823582874.794052 9925857533.843924
 1.617914251898917e-010 298.1857720600925 2230428.667729504 19528412.28585008 73284605.72921909 185329303.3349205 371356571.9050218 638473635.4682928 985905418.2349448 1407046060.794387 8047701193.202643 8579631488.837696 8983192215.209349 9287457246.161013 9516940315.247721 9690832264.000353 9823582874.794052 9925857533.843924
 1.617914251898917e-010 298.1857720600925 2230428.667729504 19528412.28585008 73284605.72921909 185329303.3349205 371356571.9050218 638473635.4682928 985905418.2349448 1407046060.794387 8047701193.202643 8579631488.837696 8983192215.209349 9287457246.161013 9516940315.247721 9690832264.000353 9823582874.794052 9925857533.843924
 1.617914251898917e-010 298.1857720600925 2230428.667729504 19528412.28585008 73284605.72921909 185329303.3349205 371356571.9050218 638473635.4682928 985905418.2349448 1407046060.794387 8047701193.202643 8579631488.837696 8983192215.209349 9287457246.161013 9516940315.247721 9690832264.000353 9823582874.794052 9925857533.843924
 1.617914251898917e-010 298.1857720600925 2230428.667729504 19528412.28585008 73284605.72921909 185329303.3349205 371356571.9050218 638473635.4682928 985905418.2349448 1407046060.794387 8047701193.202643 8579631488.837696 8983192215.209349 9287457246.161013 9516940315.247721 9690832264.000353 9823582874.794052 9925857533.843924
 1.209586280656068e-011 298.1857618124384 2230428.667729504 19528412.28585008 73284605.72921909 185329303.3349205 371356571.9050218 638473635.4682928 985905418.2349448 1407046060.794387 8047701193.202643 8579631488.837696 8983192215.209349 9287457246.161013 9516940315.247721 9690832264.000353 9823582874.794052 9925857533.843924
 1.209586280656068e-011 298.1857618124384 2230428.667729504 19528412.28585008 73284605.72921909 185329303.3349205 371356571.9050218 638473635.4682928 985905418.2349448 1407046060.794387 8047701193.202643 8579631488.837696 8983192215.209349 9287457246.161013 9516940315.247721 9690832264.000353 9823582874.794052 9925857533.843924
 7.536575072922828e-013 298.1857722948701 2230428.667729504 19528412.28585008 73284605.72921909 185329303.3349205 371356571.9050218 638473635.4682928 985905418.2349448 1407046060.794387 8047701193.202643 8579631488.837696 8983192215.209349 9287457246.161013 9516940315.247721 9690832264.000353 9823582874.794052 9925857533.843924
 5.761287905847567e-011 298.1857562852191 2230428.667729504 19528412.28585008 73284605.72921909 185329303.3349205 371356571.9050218 638473635.4682928 985905418.2349448 1407046060.794387 8047701193.202643 8579631488.837696 8983192215.209349 9287457246.161013 9516940315.247721 9690832264.000353 9823582874.794052 9925857533.843924
 1.953528315613826e-012 298.1857542832149 2230428.667729504 19528412.28585008 73284605.72921909 185329303.3349205 371356571.9050218 638473635.4682928 985905418.2349448 1407046060.794387 8047701193.202643 8579631488.837696 8983192215.209349 9287457246.161013 9516940315.247721 9690832264.000353 9823582874.794052 9925857533.843924
 2.275668866117977e-011 298.1857657014792 2230428.667729504 19528412.28585008 73284605.72921909 185329303.3349205 371356571.9050218 638473635.4682928 985905418.2349448 1407046060.794387 8047701193.202643 8579631488.837696 8983192215.209349 9287457246.161013 9516940315.247721 9690832264.000353 9823582874.794052 9925857533.843924
 7.546026714601088e-011 298.1857731163298 2230428.667729504 19528412.28585008 73284605.72921909 185329303.3349205 371356571.9050218 638473635.4682928 985905418.2349448 1407046060.794387 8047701193.202643 8579631488.837696 8983192215.209349 9287457246.161013 9516940315.247721 9690832264.000353 9823582874.794052 9925857533.843924
 2.300928347777576e-011 298.1857622936157 2230428.667729504 19528412.28585008 73284605.72921909 185329303.3349205 371356571.9050218 638473635.4682928 985905418.2349448 1407046060.794387 8047701193.202643 8579631488.837696 8983192215.209349 9287457246.161013 9516940315.247721 9690832264.000353 9823582874.794052 9925857533.843924
 5.638608539628984e-011 298.185768353472 2230428.667729504 19528412.28585008 73284605.72921909 185329303.3349205 371356571.9050218 638473635.4682928 985905418.2349448 1407046060.794387 8047701193.202643 8579631488.837696 8983192215.209349 9287457246.161013 9516940315.247721 9690832264.000353 9823582874.794052 9925857533.843924
 5.047361480477566e-013 298.1857670639196 2230428.667729504 19528412.28585008 73284605.72921909 185329303.3349205 371356571.9050218 638473635.4682928 985905418.2349448 1407046060.794387 8047701193.202643 8579631488.837696 8983192215.209349 9287457246.161013 9516940315.247721 9690832264.000353 9823582874.794052 9925857533.843924
 3.259675079783836e-011 298.1857543363908 2230428.667729504 19528412.28585008 73284605.72921909 185329303.3349205 371356571.9050218 638473635.4682928 985905418.2349448 1407046060.794387 8047701193.202643 8579631488.837696 8983192215.209349 9287457246.161013 9516940315.247721 9690832264.000353 9823582874.794052 9925857533.843924
 1.402273757649921e-010 298.1854514598747 2230428.667729504 19528412.28585008 73284605.72921909 185329303.3349205 371356571.9050218 638473635.4682928 985905418.2349448 1407046060.794387 8047701193.202643 8579631488.837696 8983192215.209349 9287457246.161013 9516940315.247721 9690832264.000353 9823582874.794052 9925857533.843924
 4.736679899552731e-011 298.1854549245898 2230428.667729504 19528412.28585008 73284605.72921909 185329303.3349205 371356571.9050218 638473635.4682928 985905418.2349448 1407046060.794387 8047701193.202643 8579631488.837696 8983192215.209349 9287457246.161013 9516940315.247721 9690832264.000353 9823582874.794052 9925857533.843924
 1.754507442408938e-010 298.1854561921076 2230428.667729504 19528412.28585008 73284605.72921909 185329303.3349205 371356571.9050218 638473635.4682928 985905418.2349448 1407046060.794387 8047701193.202643 8579631488.837696 8983192215.209349 9287457246.161013 9516940315.247721 9690832264.000353 9823582874.794052 9925857533.843924
 6.955490061356183e-011 298.1854537817694 2230428.667729504 19528412.28585008 73284605.72921909 185329303.3349205 371356571.9050218 638473635.4682928 985905418.2349448 1407046060.794387 8047701193.202643 8579631488.837696 8983192215.209349 9287457246.161013 9516940315.247721 9690832264.000353 9823582874.794052 9925857533.843924
 433.1305204847579 298.1854539984204 2230428.667729504 19528412.28585008 73284605.72921909 185329303.3349205 371356571.9050218 638473635.4682928 985905418.2349448 1407046060.794387 8047701193.202643 8579631488.837696 8983192215.209349 9287457246.161013 9516940315.247721 9690832264.000353 9823582874.794052 9925857533.843924
 6.512181919098593 298.1857109723575 2230428.667729504 19528412.28585008 73284605.72921909 185329303.3349205 371356571.9050218 638473635.4682928 985905418.2349448 1407046060.794387 8047701193.202643 8579631488.837696 8983192215.209349 9287457246.161013 9516940315.247721 9690832264.000353 9823582874.794052 9925857533.843924
