# Created by Octave 3.6.4, Thu Mar 20 14:40:33 2014 N. Central Asia Standard Time <unknown@OShulyakov>
# name: HighTr
# type: matrix
# rows: 50
# columns: 18
 5.816125498416466e-023 7.11204584662629e-014 1.676456212642158e-014 1.277067955794262e-009 3.357570644783765e-009 2.004957962756615e-010 8.433629066304198e-014 1.935568968136909e-013 4.587228136097076e-014 1.690414159405719e-014 3.636148184317864e-014 5.905409396806394e-014 1.057182074049569e-013 1.86406136705868e-013 5.192930995047892e-012 1.37229489112861e-011 3.474118410327619e-012 2.769116706171012e-012
 2.976342218297406e-013 1.042885535919177e-010 1.216106778776525e-010 4.433196231992039e-011 1.322400380167549e-011 5.08937164932435e-012 3.937287060902253e-012 5.476379917874989e-012 8.090135425002037e-012 1.164233602041905e-011 1.469513829378437e-011 1.678193566927136e-011 1.62594103306018e-011 1.417932552492449e-011 1.130121712232453e-011 8.334676528151621e-012 5.809208786397614e-012 4.136871533005699e-012
 1.188326028373759e-012 1.212504868268428e-010 2.236994186780621e-010 1.238803428875536e-010 4.395429698809294e-011 1.570936343814227e-011 7.816130998876047e-012 6.995476554326899e-012 9.185418153252069e-012 1.311870060550711e-011 1.793255310761187e-011 2.255070197522916e-011 2.550067231281407e-011 2.60149876445989e-011 2.394745580259906e-011 2.01460378229246e-011 1.580068475224567e-011 1.180078166000219e-011
 4.746663836424787e-012 1.31541493569108e-010 3.323307926366985e-010 2.82447174914514e-010 1.32910772934775e-010 5.204021324091044e-011 2.204781210623072e-011 1.286191586396903e-011 1.197485989330761e-011 1.50577214622235e-011 2.045024178368658e-011 2.701812283433532e-011 3.357329618966836e-011 3.859401447853981e-011 4.072110758178374e-011 3.947495221244565e-011 3.533837196245564e-011 2.956482732788897e-011
 1.893786916714334e-011 1.377031241947198e-010 4.202032132548759e-010 5.106473113892378e-010 3.374408932493632e-010 1.612933275623657e-010 7.099567917940811e-011 3.434211409697286e-011 2.182297448277676e-011 2.008453637422382e-011 2.383885144289942e-011 3.082835263739592e-011 3.965984734155142e-011 4.890444530966264e-011 5.690810782484298e-011 6.199203965901754e-011 6.300908271125709e-011 5.983057117612078e-011
 7.536185841341259e-011 1.429204631631971e-010 4.787328070085127e-010 7.480582269761262e-010 6.850523456360509e-010 4.281368933284891e-010 2.193556048917642e-010 1.075508520996156e-010 5.728204996094541e-011 3.778328345457636e-011 3.338350169407021e-011 3.705725020208925e-011 4.554863392005389e-011 5.695923111303928e-011 6.964000895079049e-011 8.176311834439256e-011 9.135870271487647e-011 9.66841319694603e-011
 2.983696007050281e-010 1.535133490770604e-010 5.139499976912158e-010 9.368647396178544e-010 1.108684136240505e-009 9.171933178461951e-010 5.86195431512565e-010 3.262980605025553e-010 1.757238977299936e-010 1.004233389991957e-010 6.703273206454581e-011 5.605087221467204e-011 5.759225589284673e-011 6.67038829974742e-011 8.059319853855729e-011 9.718704247141085e-011 1.144619736448652e-010 1.302189993223737e-010
 1.16946086901496e-009 1.904394828535942e-010 5.370885111269487e-010 1.06150407835235e-009 1.490526495941406e-009 1.561047589356278e-009 1.269212134047038e-009 8.557515661313885e-010 5.179626810991152e-010 3.029565389489019e-010 1.831885447102397e-010 1.227884405515278e-010 9.698456342532229e-011 9.150541869735844e-011 9.853451723553824e-011 1.136281203944724e-010 1.338549296647448e-010 1.567882750102007e-010
 4.494881501881425e-009 3.340890895887432e-010 5.65221472090133e-010 1.137322320543536e-009 1.764433981239543e-009 2.180489264386846e-009 2.183549998322646e-009 1.81519445989148e-009 1.306477419446853e-009 8.579082589516902e-010 5.413832908228559e-010 3.448455856387012e-010 2.331378280615652e-010 1.757844024441358e-010 1.52377627187859e-010 1.50503332421603e-010 1.627363655961116e-010 1.843999687554526e-010
 1.664837291922268e-008 8.96515280381034e-010 6.435506081981842e-010 1.192246156018843e-009 1.936199593455849e-009 2.645978143957663e-009 3.076152167879944e-009 3.063782446353403e-009 2.650704768372741e-009 2.043542651631223e-009 1.45203767284522e-009 9.858461072733605e-010 6.626430326326912e-010 4.570565330892777e-010 3.357356221128798e-010 2.713378103580718e-010 2.448163348066802e-010 2.437541134042522e-010
 5.768964390527782e-008 3.062519641730907e-009 9.356309497386797e-010 1.276359371329848e-009 2.048403613708654e-009 2.945535128467262e-009 3.754434208939861e-009 4.253647959426295e-009 4.294744362111799e-009 3.891733445759088e-009 3.210616335447645e-009 2.46168293109833e-009 1.796856668271384e-009 1.280266128408293e-009 9.133750170182508e-010 6.699779525985619e-010 5.189577741918699e-010 4.339162694401805e-010
 1.791220417537133e-007 1.111468240295149e-008 2.064277437110113e-009 1.538956660650764e-009 2.173464245101287e-009 3.139345860674857e-009 4.195204186476747e-009 5.14317276919807e-009 5.782391736677048e-009 5.96401483841182e-009 5.659477336501113e-009 4.976333606439939e-009 4.101621459657912e-009 3.216546403694823e-009 2.440629823214828e-009 1.823808431009421e-009 1.367225768365815e-009 1.04826239102287e-009
 4.748922533249617e-007 3.91458031448011e-008 6.341268774508282e-009 2.528033792304246e-009 2.497712793874035e-009 3.338179895106673e-009 4.486336544243279e-009 5.720297683479229e-009 6.857229030569979e-009 7.713659232226938e-009 8.136204072947614e-009 8.051539449044599e-009 7.496637381742469e-009 6.604331233482493e-009 5.550818181666747e-009 4.497020597115015e-009 3.552923404020385e-009 2.771878199447374e-009
 1.039609414060243e-006 1.262752759592591e-007 2.178536785101947e-008 6.275382859262627e-009 3.6736000701972e-009 3.81715862772767e-009 4.801851948403868e-009 6.121728066721668e-009 7.554032496695046e-009 8.926991353693486e-009 1.007262517515271e-008 1.083657215354414e-008 1.110990983657243e-008 1.086051752818427e-008 1.014458414899576e-008 9.089397135662647e-009 7.854930236020469e-009 6.592359014229076e-009
 1.866844148308299e-006 3.537161306360818e-007 7.28657222041088e-008 1.988689882452027e-008 8.087684173934246e-009 5.51635559264181e-009 5.59214497730824e-009 6.633134337577151e-009 8.094933749623972e-009 9.730976639327242e-009 1.137098907873869e-008 1.285936595645191e-008 1.404674389790376e-008 1.480447426751216e-008 1.504773205260608e-008 1.475526993162248e-008 1.397582525036246e-008 1.281688199254136e-008
 2.792105131573442e-006 8.252234113057253e-007 2.191712207146541e-007 6.540514477030882e-008 2.398300116524417e-008 1.181181608352093e-008 8.395755330870282e-009 8.054791089991483e-009 8.980599438465074e-009 1.050099192250803e-008 1.230797146419943e-008 1.421325024825207e-008 1.606477368449366e-008 1.772057000293409e-008 1.90473790124573e-008 1.993156685152077e-008 2.029483641208075e-008 2.010809104412995e-008
 3.593029187309229e-006 1.578530355403052e-006 5.603761899310836e-007 1.980573371514003e-007 7.64028111133565e-008 3.403455422230614e-008 1.860959926393945e-008 1.313867111933915e-008 1.1737998575531e-008 1.21867677223002e-008 1.356015251867692e-008 1.542217507242022e-008 1.752858474775873e-008 1.970993216866257e-008 2.18243494373075e-008 2.37406212400184e-008 2.533634702062404e-008 2.650431074403786e-008
 4.154618949813369e-006 2.497650357802522e-006 1.180515854892883e-006 5.146847565576708e-007 2.259179782751987e-007 1.049107963131658e-007 5.351313857984046e-008 3.120329832803125e-008 2.159185506065366e-008 1.786998913250303e-008 1.707015748930892e-008 1.782023837704778e-008 1.94386584772215e-008 2.15534279958476e-008 2.393400735233186e-008 2.641411434224649e-008 2.885590346052726e-008 3.113455034318162e-008
