# Created by Octave 3.6.4, Thu Mar 20 14:40:33 2014 N. Central Asia Standard Time <unknown@OShulyakov>
# name: LowTr
# type: matrix
# rows: 50
# columns: 18
 5.824968753197902e-023 7.111917002426363e-014 2.519649564821122e-014 1.277252445639854e-009 3.356273197625454e-009 2.004743878277426e-010 8.344869556763317e-014 1.93375555386817e-013 4.408640883997344e-014 1.062269658675919e-014 2.045760479355879e-014 2.359498652707551e-014 3.366771502278147e-014 5.013153398040569e-014 5.267341550727899e-012 1.383122680393047e-011 3.642075616404556e-012 3.041431001792664e-012
 2.510461521002627e-013 1.600708912598588e-010 1.052538741388287e-010 2.807452790569751e-011 8.634130050658484e-012 5.815373153121646e-012 8.479347746768531e-012 1.397395018819255e-011 1.99599685375591e-011 2.42774295931705e-011 2.421282997641255e-011 2.070460630661052e-011 1.509762485477236e-011 1.028898529122487e-011 6.92870268946917e-012 4.740402518400232e-012 3.429112224734436e-012 2.981372806664786e-012
 1.002551603808189e-012 2.091204159618136e-010 2.442156719166572e-010 8.997724645941374e-011 2.757347206130032e-011 1.189744549625314e-011 1.08679322782598e-011 1.576557823790024e-011 2.371537131132958e-011 3.230537788268566e-011 3.827270433117906e-011 3.9007565721695e-011 3.433899285112234e-011 2.694980800617155e-011 1.952262569004604e-011 1.358796110994358e-011 9.482023436038392e-012 6.914540025241238e-012
 4.005169905563663e-012 2.427258197357888e-010 4.494875531469164e-010 2.506711198022765e-010 9.078617168345212e-011 3.405923254469227e-011 1.914790613731086e-011 1.959440362795338e-011 2.7174564293055e-011 3.85491342769232e-011 5.063679026961842e-011 5.956053693043625e-011 6.208082513317658e-011 5.745871778964963e-011 4.791376535709899e-011 3.695001427072537e-011 2.712702920540863e-011 1.956998737441038e-011
 1.598353140390221e-011 2.630716279083762e-010 6.669605340723984e-010 5.70045907827371e-010 2.719793492546458e-010 1.093994477379113e-010 4.920460165764758e-011 3.237015180320709e-011 3.382520819909391e-011 4.451011218496842e-011 6.019947625816555e-011 7.714818761173891e-011 9.09279992914563e-011 9.735639413804875e-011 9.452409570850869e-011 8.383263755662266e-011 6.896189141469702e-011 5.370784575518742e-011
 6.364047280799262e-011 2.758707441999319e-010 8.409603353699144e-010 1.028217265507726e-009 6.859961223799099e-010 3.339077347430601e-010 1.516412817068788e-010 7.815122897007412e-011 5.539431292809834e-011 5.647906950117361e-011 7.026399058913597e-011 9.118465308315771e-011 1.147071237013069e-010 1.357752436271266e-010 1.492386688270305e-010 1.515757814777683e-010 1.425091457991134e-010 1.250121405328708e-010
 2.522385079164346e-010 2.892829665691824e-010 9.556608596921361e-010 1.500738282174325e-009 1.385616553525855e-009 8.772507043743129e-010 4.588162083418983e-010 2.325122801038984e-010 1.315389145464635e-010 9.546302859980092e-011 9.268821716922198e-011 1.084407650029237e-010 1.350200033376762e-010 1.667770247047846e-010 1.979604299306936e-010 2.224679289403537e-010 2.350423161096885e-010 2.330047318432179e-010
 9.908010568914401e-010 3.229579812091829e-010 1.025391045122812e-009 1.871390018943625e-009 2.230333725079232e-009 1.864143798147756e-009 1.209437422145034e-009 6.87912578205102e-010 3.826231548971881e-010 2.306644203150709e-010 1.669706943384533e-010 1.523505955436223e-010 1.661913814230224e-010 1.972864301193313e-010 2.381270181429709e-010 2.819900455868623e-010 3.218894672633822e-010 3.509881911123707e-010
 3.824542855465326e-009 4.464321864029673e-010 1.076687942219928e-009 2.113646273205617e-009 2.980497529647079e-009 3.148185217783802e-009 2.589961865140004e-009 1.774414732829796e-009 1.097305112603314e-009 6.612983950273195e-010 4.183558977192656e-010 2.996752378073269e-010 2.559899414281833e-010 2.579124545622853e-010 2.88417868691474e-010 3.366659756846625e-010 3.941830289264175e-010 4.529305390914503e-010
 1.428388565053174e-008 9.269165745191891e-010 1.158024049037166e-009 2.264532977003689e-009 3.510639901230672e-009 4.362917327667507e-009 4.410380804617345e-009 3.712774237078434e-009 2.715824337387619e-009 1.820435806069454e-009 1.180039650813033e-009 7.802203697568586e-010 5.559925314842377e-010 4.479850294714966e-010 4.149517163198907e-010 4.307052142311557e-010 4.784394329563494e-010 5.462176642499598e-010
 5.027876311390974e-008 2.782762624592372e-009 1.415942244715705e-009 2.393239866051942e-009 3.84442426458472e-009 5.259880070611994e-009 6.153038247339309e-009 6.188357353704861e-009 5.422609522031927e-009 4.247019537903158e-009 3.076401442811151e-009 2.138954641922014e-009 1.482437148764686e-009 1.065179750924721e-009 8.248842965658057e-010 7.07876439365073e-010 6.752385983581485e-010 7.003326833418997e-010
 1.605252280788226e-007 9.735000332897071e-009 2.390894983517556e-009 2.649281179400922e-009 4.085319041132252e-009 5.836449544861637e-009 7.451949085335859e-009 8.494702705152528e-009 8.658681017304596e-009 7.943504174730382e-009 6.652144471408541e-009 5.191760634087621e-009 3.870107334038775e-009 2.828517614482556e-009 2.083256692333178e-009 1.591032566427285e-009 1.294067113068871e-009 1.140635569865926e-009
 4.448816303000504e-007 3.430433536274155e-008 6.093751737336096e-009 3.520578232681605e-009 4.437240274650922e-009 6.242296279704602e-009 8.296085296870433e-009 1.018494367190776e-008 1.151369292657138e-008 1.197913298977045e-008 1.149800770295337e-008 1.025086497719746e-008 8.58646638175608e-009 6.859934327377612e-009 5.318353921704001e-009 4.07659348318623e-009 3.151416205914852e-009 2.507875576540722e-009
 1.032677426019747e-006 1.128481257319788e-007 1.960356605956692e-008 6.789100838387355e-009 5.498165433849344e-009 6.785455587678731e-009 8.909973858062524e-009 1.129059761056348e-008 1.353981015007908e-008 1.529657800700227e-008 1.625429757756199e-008 1.62473602269134e-008 1.531522960087289e-008 1.368783312663824e-008 1.169426213597732e-008 9.650730767162637e-009 7.785967017622523e-009 6.222483688327897e-009
 1.969642655105074e-006 3.280391416291231e-007 6.520831608123299e-008 1.875541249551873e-008 9.384429091637885e-009 8.340970945986533e-009 9.786223156394008e-009 1.216900528167005e-008 1.489101057629833e-008 1.757300933733923e-008 1.988030807101991e-008 2.150919546486606e-008 2.223354332687019e-008 2.196278380378308e-008 2.077137056875484e-008 1.887689297275955e-008 1.657425019651172e-008 1.415734934442854e-008
 3.090534082123574e-006 8.073318594630832e-007 2.007383924622196e-007 5.952309566721302e-008 2.346984696802498e-008 1.393424877507338e-008 1.235864214420783e-008 1.365690216776548e-008 1.616562040766325e-008 1.919248035825802e-008 2.233321834452176e-008 2.526496030906882e-008 2.769361656538819e-008 2.936328033125359e-008 3.009179887639903e-008 2.980813278735451e-008 2.857080965095239e-008 2.655545918894211e-008
 4.102957009979157e-006 1.639906458257612e-006 5.361839806988959e-007 1.824641414561575e-007 7.083350581178126e-008 3.382369000720887e-008 2.151084329274557e-008 1.830709857368088e-008 1.888625554905784e-008 2.12134245689159e-008 2.438828554058472e-008 2.791990393587096e-008 3.146495428533124e-008 3.473299911806678e-008 3.746110780169112e-008 3.942167486039721e-008 4.044567919117165e-008 4.044818832033214e-008
 4.829757088706122e-006 2.73252308763931e-006 1.195813307885611e-006 4.928108746834814e-007 2.108631672378298e-007 9.870266125731512e-008 5.313354038554915e-008 3.464656877936642e-008 2.788908460537179e-008 2.660114495949475e-008 2.805647778410766e-008 3.096245998431115e-008 3.463013367480689e-008 3.86294842502463e-008 4.264115041858707e-008 4.639404775663317e-008 4.964454517244315e-008 5.217779022676988e-008
