# Created by Octave 3.6.4, Thu Mar 20 14:17:31 2014 N. Central Asia Standard Time <unknown@OShulyakov>
# name: power
# type: range
# base, limit, increment
1 18 1


