# Created by Octave 3.6.4, Thu Mar 20 15:25:34 2014 N. Central Asia Standard Time <unknown@OShulyakov>
# name: HighTst
# type: matrix
# rows: 50
# columns: 18
 2.057453530205995e-035 2.00555766939536e-036 2.409870718286326e-035 1.660229072760653e-027 1.661207057308532e-027 1.660966451638391e-027 2.424085938874196e-027 2.42418260859099e-027 2.42415078801499e-027 2.424178664261455e-027 2.424183073094092e-027 2.424183025719591e-027 2.424182703705074e-027 2.424182703704417e-027 2.424182703704417e-027 2.424182703705074e-027 2.424182703704416e-027 2.424182703704417e-027
 3.372746907478017e-013 3.360758468996356e-013 3.360501036343229e-013 3.360501110265147e-013 3.360501091989274e-013 3.360501096309294e-013 3.360501079959138e-013 3.360501071516954e-013 3.360501090152113e-013 3.360501086000199e-013 3.360501096700368e-013 3.36050109599828e-013 3.360501109776275e-013 3.360501117045122e-013 3.36050110886724e-013 3.36050112026984e-013 3.360501118437474e-013 3.360501113905794e-013
 1.348236818301177e-012 1.344941679501146e-012 1.344890991940978e-012 1.344891005874211e-012 1.344891004051269e-012 1.34489100507825e-012 1.344891005122249e-012 1.344891005642172e-012 1.34489100365252e-012 1.3448910045096e-012 1.344891008016101e-012 1.344891004816231e-012 1.344891005367259e-012 1.344891004369895e-012 1.344891005564603e-012 1.344891005872642e-012 1.344891005196202e-012 1.344891005522504e-012
 5.386062480659628e-012 5.377877691624583e-012 5.37777718258837e-012 5.377777210461175e-012 5.3777772102584e-012 5.377777209157867e-012 5.377777209212918e-012 5.377777211212377e-012 5.377777209238807e-012 5.377777209671053e-012 5.377777208698208e-012 5.377777210569289e-012 5.377777210009776e-012 5.377777209683599e-012 5.377777209545099e-012 5.377777210021908e-012 5.377777210711918e-012 5.377777210155384e-012
 2.148934324332127e-011 2.147060555078195e-011 2.147040434610645e-011 2.147040440497717e-011 2.147040440690527e-011 2.147040440611664e-011 2.147040440585955e-011 2.147040440821314e-011 2.147040440434282e-011 2.14704044054893e-011 2.147040440650167e-011 2.147040440678365e-011 2.147040440741593e-011 2.147040440853224e-011 2.147040440645325e-011 2.147040440707243e-011 2.147040440775151e-011 2.14704044077666e-011
 8.552084764782609e-011 8.548032526227772e-011 8.547991849516417e-011 8.54799186143777e-011 8.547991861617012e-011 8.547991861529566e-011 8.547991861503395e-011 8.547991861540153e-011 8.547991861529825e-011 8.547991861561687e-011 8.547991861582978e-011 8.547991861489248e-011 8.547991861752172e-011 8.547991861699475e-011 8.547991861737626e-011 8.547991861703389e-011 8.547991861848945e-011 8.54799186186409e-011
 3.38634257816735e-010 3.385496348516075e-010 3.385488018915429e-010 3.385488021258293e-010 3.385488021291095e-010 3.385488021275337e-010 3.385488021268492e-010 3.38548802128668e-010 3.385488021274226e-010 3.385488021265404e-010 3.385488021295424e-010 3.385488021272887e-010 3.385488021285453e-010 3.385488021279986e-010 3.385488021288458e-010 3.38548802128811e-010 3.385488021294379e-010 3.385488021294512e-010
 1.327615030135787e-009 1.327441790344317e-009 1.327440050541185e-009 1.327440050982015e-009 1.327440050982269e-009 1.327440050984705e-009 1.327440050985401e-009 1.327440050985081e-009 1.327440050984466e-009 1.327440050985246e-009 1.327440050985963e-009 1.327440050984569e-009 1.327440050985567e-009 1.327440050987348e-009 1.32744005098509e-009 1.327440050985347e-009 1.327440050983504e-009 1.327440050985378e-009
 5.105273402273408e-009 5.10492340709953e-009 5.104919669758738e-009 5.104919670530301e-009 5.104919670528504e-009 5.104919670529791e-009 5.104919670530724e-009 5.104919670529844e-009 5.104919670529715e-009 5.104919670530519e-009 5.104919670530223e-009 5.104919670530885e-009 5.104919670529305e-009 5.104919670530925e-009 5.104919670530546e-009 5.104919670531262e-009 5.104919670531788e-009 5.104919670530826e-009
 1.892683859234852e-008 1.892614494036637e-008 1.892613669187934e-008 1.892613669305884e-008 1.892613669306163e-008 1.892613669305934e-008 1.892613669306037e-008 1.892613669305802e-008 1.892613669306012e-008 1.892613669306086e-008 1.892613669305896e-008 1.892613669306053e-008 1.89261366930613e-008 1.892613669306185e-008 1.892613669306057e-008 1.892613669306071e-008 1.892613669306068e-008 1.892613669306144e-008
 6.569490613771931e-008 6.56935991233097e-008 6.569358099387625e-008 6.569358099524023e-008 6.569358099522628e-008 6.569358099522841e-008 6.569358099522802e-008 6.56935809952278e-008 6.569358099522947e-008 6.569358099523018e-008 6.5693580995229e-008 6.569358099522884e-008 6.569358099522886e-008 6.569358099522888e-008 6.569358099522949e-008 6.569358099522969e-008 6.569358099522895e-008 6.569358099522898e-008
 2.045325991400857e-007 2.045304274206437e-007 2.04530390727437e-007 2.045303907282573e-007 2.045303907282228e-007 2.045303907282221e-007 2.045303907282222e-007 2.04530390728222e-007 2.045303907282235e-007 2.045303907282229e-007 2.045303907282232e-007 2.045303907282223e-007 2.045303907282245e-007 2.045303907282241e-007 2.045303907282233e-007 2.045303907282228e-007 2.045303907282234e-007 2.045303907282228e-007
 5.442551034682114e-007 5.442522627614799e-007 5.442522012394608e-007 5.442522012393773e-007 5.442522012393059e-007 5.442522012393106e-007 5.442522012393097e-007 5.442522012393096e-007 5.442522012393095e-007 5.442522012393101e-007 5.442522012393091e-007 5.442522012393091e-007 5.442522012393111e-007 5.442522012393116e-007 5.442522012393107e-007 5.442522012393106e-007 5.442522012393102e-007 5.442522012393101e-007
 1.195832330092979e-006 1.195829597853436e-006 1.195829518061105e-006 1.195829518061226e-006 1.195829518061146e-006 1.195829518061147e-006 1.195829518061146e-006 1.195829518061146e-006 1.195829518061146e-006 1.195829518061145e-006 1.195829518061146e-006 1.195829518061146e-006 1.195829518061146e-006 1.195829518061146e-006 1.195829518061147e-006 1.195829518061146e-006 1.195829518061146e-006 1.195829518061147e-006
 2.152369482192024e-006 2.152367295629035e-006 2.152367214465168e-006 2.152367214466353e-006 2.152367214466274e-006 2.152367214466274e-006 2.152367214466275e-006 2.152367214466274e-006 2.152367214466274e-006 2.152367214466275e-006 2.152367214466274e-006 2.152367214466274e-006 2.152367214466275e-006 2.152367214466275e-006 2.152367214466275e-006 2.152367214466275e-006 2.152367214466275e-006 2.152367214466275e-006
 3.221329379510225e-006 3.221327594916461e-006 3.221327527056833e-006 3.221327527058154e-006 3.2213275270581e-006 3.221327527058098e-006 3.221327527058097e-006 3.221327527058096e-006 3.221327527058097e-006 3.221327527058097e-006 3.221327527058097e-006 3.221327527058096e-006 3.221327527058097e-006 3.221327527058097e-006 3.221327527058097e-006 3.221327527058097e-006 3.221327527058097e-006 3.221327527058096e-006
 4.144552282985483e-006 4.144550884093073e-006 4.144550836118007e-006 4.144550836118757e-006 4.144550836118719e-006 4.144550836118718e-006 4.144550836118719e-006 4.144550836118718e-006 4.144550836118718e-006 4.144550836118718e-006 4.144550836118718e-006 4.144550836118718e-006 4.144550836118718e-006 4.144550836118718e-006 4.144550836118718e-006 4.144550836118718e-006 4.144550836118718e-006 4.144550836118718e-006
 4.79055804153747e-006 4.790557091337954e-006 4.790557061727071e-006 4.790557061727372e-006 4.790557061727348e-006 4.790557061727348e-006 4.790557061727348e-006 4.790557061727348e-006 4.790557061727348e-006 4.790557061727348e-006 4.790557061727348e-006 4.790557061727348e-006 4.790557061727348e-006 4.790557061727348e-006 4.790557061727348e-006 4.790557061727348e-006 4.790557061727348e-006 4.790557061727348e-006
