# Created by Octave 3.6.4, Thu Mar 20 15:25:34 2014 N. Central Asia Standard Time <unknown@OShulyakov>
# name: LowTst
# type: matrix
# rows: 50
# columns: 18
 6.163428896595623e-036 2.133256205150245e-036 2.616131767380081e-035 1.660011922534326e-028 1.665311989768218e-028 1.66479892438907e-028 2.563506797074747e-026 2.563500831092106e-026 2.563504664642518e-026 2.563508797806906e-026 2.563509967618848e-026 2.563510029156601e-026 2.563509791856914e-026 2.563509791856914e-026 2.563509791856914e-026 2.563509791856914e-026 2.563509791856914e-026 2.563509791856914e-026
 2.529387773744432e-013 2.603621337025974e-013 2.604433092974976e-013 2.604433242826972e-013 2.60443323412612e-013 2.604433246466187e-013 2.604433207313142e-013 2.604433220336283e-013 2.604433249093523e-013 2.604433240230619e-013 2.604433265486572e-013 2.604433233719494e-013 2.604433253098944e-013 2.604433251004216e-013 2.604433231759111e-013 2.604433238664692e-013 2.604433232997223e-013 2.60443322970379e-013
 1.011166923399811e-012 1.030347438884007e-012 1.030523022375837e-012 1.030523069612325e-012 1.030523070463886e-012 1.03052307153405e-012 1.030523071879093e-012 1.030523070742471e-012 1.030523071424214e-012 1.030523070293094e-012 1.030523071137052e-012 1.030523071887778e-012 1.030523073215174e-012 1.030523073879405e-012 1.030523072079007e-012 1.030523073670335e-012 1.03052307386383e-012 1.030523073364445e-012
 4.039969298951865e-012 4.083788129884118e-012 4.08415715181809e-012 4.084157289597071e-012 4.084157292941162e-012 4.084157289683847e-012 4.084157292419564e-012 4.084157291570644e-012 4.084157289917907e-012 4.084157289963454e-012 4.084157293251371e-012 4.084157292493826e-012 4.084157290980971e-012 4.084157293496235e-012 4.084157291481576e-012 4.084157291344389e-012 4.08415729191788e-012 4.084157291471725e-012
 1.612240302899937e-011 1.621463107211128e-011 1.621538479286415e-011 1.621538512229127e-011 1.621538512506061e-011 1.621538512672561e-011 1.621538512554529e-011 1.621538512583923e-011 1.621538512503512e-011 1.621538512661877e-011 1.621538512600442e-011 1.621538512542864e-011 1.621538512657057e-011 1.621538512708143e-011 1.62153851273625e-011 1.621538512733337e-011 1.621538512723853e-011 1.621538512730445e-011
 6.419161465486796e-011 6.437759122102572e-011 6.437909899109833e-011 6.437909971101998e-011 6.437909971710018e-011 6.437909971592261e-011 6.43790997154488e-011 6.437909971713353e-011 6.437909971655463e-011 6.437909971586789e-011 6.437909971529481e-011 6.437909971453803e-011 6.43790997161222e-011 6.437909971651769e-011 6.437909971634749e-011 6.437909971675636e-011 6.437909971597842e-011 6.43790997175801e-011
 2.544108341522877e-010 2.547770647744216e-010 2.547800276706562e-010 2.547800291399339e-010 2.547800291514235e-010 2.547800291506695e-010 2.547800291510735e-010 2.547800291513814e-010 2.547800291504338e-010 2.547800291510305e-010 2.547800291510185e-010 2.547800291509003e-010 2.547800291532893e-010 2.547800291525365e-010 2.547800291534595e-010 2.547800291513202e-010 2.547800291517069e-010 2.547800291523065e-010
 9.992402306198359e-010 9.999443670253845e-010 9.999500478356421e-010 9.999500507231247e-010 9.99950050747421e-010 9.999500507478338e-010 9.999500507466036e-010 9.99950050747719e-010 9.999500507486506e-010 9.999500507484101e-010 9.999500507468536e-010 9.999500507469255e-010 9.999500507492807e-010 9.999500507493273e-010 9.99950050747384e-010 9.999500507493595e-010 9.99950050748389e-010 9.999500507490892e-010
 3.856448614979586e-009 3.857748563265808e-009 3.857758979807075e-009 3.857758985236853e-009 3.857758985282234e-009 3.857758985281724e-009 3.857758985283904e-009 3.857758985283028e-009 3.85775898528408e-009 3.857758985281515e-009 3.857758985282065e-009 3.857758985282325e-009 3.857758985284674e-009 3.857758985283572e-009 3.857758985283717e-009 3.857758985285559e-009 3.85775898528536e-009 3.857758985283751e-009
 1.439878616134078e-008 1.440100470749122e-008 1.440102221741717e-008 1.440102222691462e-008 1.440102222699573e-008 1.440102222699581e-008 1.440102222699477e-008 1.440102222699549e-008 1.440102222699561e-008 1.440102222699436e-008 1.440102222699534e-008 1.440102222699601e-008 1.440102222699528e-008 1.44010222269978e-008 1.440102222699634e-008 1.440102222699612e-008 1.440102222699647e-008 1.440102222699562e-008
 5.066209916836302e-008 5.066533990978061e-008 5.06653646424351e-008 5.066536465701355e-008 5.066536465714275e-008 5.066536465714194e-008 5.066536465714046e-008 5.06653646571414e-008 5.066536465714005e-008 5.066536465714148e-008 5.066536465714234e-008 5.066536465714002e-008 5.066536465714202e-008 5.066536465714119e-008 5.066536465714191e-008 5.066536465714272e-008 5.066536465714238e-008 5.066536465714219e-008
 1.616973026629479e-007 1.617007073737573e-007 1.617007311075691e-007 1.617007311251762e-007 1.617007311253425e-007 1.617007311253416e-007 1.617007311253405e-007 1.617007311253406e-007 1.617007311253436e-007 1.617007311253425e-007 1.617007311253425e-007 1.617007311253397e-007 1.617007311253417e-007 1.617007311253426e-007 1.617007311253415e-007 1.61700731125342e-007 1.617007311253418e-007 1.617007311253425e-007
 4.483412903220996e-007 4.483423678472042e-007 4.483423696654075e-007 4.483423696785497e-007 4.483423696787029e-007 4.48342369678703e-007 4.483423696787027e-007 4.483423696787038e-007 4.483423696787035e-007 4.483423696787047e-007 4.483423696787031e-007 4.483423696787033e-007 4.483423696787041e-007 4.48342369678705e-007 4.483423696787048e-007 4.483423696787038e-007 4.483423696787044e-007 4.483423696787045e-007
 1.043019517428316e-006 1.043015358652609e-006 1.043015316537415e-006 1.043015316536875e-006 1.043015316536934e-006 1.043015316536934e-006 1.043015316536935e-006 1.043015316536934e-006 1.043015316536934e-006 1.043015316536936e-006 1.043015316536934e-006 1.043015316536936e-006 1.043015316536934e-006 1.043015316536935e-006 1.043015316536935e-006 1.043015316536936e-006 1.043015316536935e-006 1.043015316536936e-006
 1.997234579715971e-006 1.997225045874025e-006 1.997224961220269e-006 1.997224961204575e-006 1.997224961204528e-006 1.997224961204527e-006 1.997224961204528e-006 1.997224961204528e-006 1.997224961204528e-006 1.997224961204529e-006 1.997224961204528e-006 1.997224961204527e-006 1.997224961204528e-006 1.997224961204529e-006 1.997224961204528e-006 1.997224961204528e-006 1.997224961204529e-006 1.997224961204528e-006
 3.147209688017925e-006 3.147198301871405e-006 3.147198204223587e-006 3.147198204201234e-006 3.147198204201134e-006 3.14719820420113e-006 3.147198204201131e-006 3.147198204201131e-006 3.147198204201131e-006 3.147198204201131e-006 3.147198204201131e-006 3.14719820420113e-006 3.147198204201131e-006 3.147198204201131e-006 3.14719820420113e-006 3.14719820420113e-006 3.14719820420113e-006 3.14719820420113e-006
 4.192023997949849e-006 4.192014515469423e-006 4.192014435113895e-006 4.192014435094291e-006 4.192014435094183e-006 4.192014435094181e-006 4.192014435094182e-006 4.192014435094182e-006 4.192014435094182e-006 4.192014435094182e-006 4.192014435094182e-006 4.192014435094182e-006 4.192014435094181e-006 4.192014435094181e-006 4.192014435094182e-006 4.192014435094181e-006 4.192014435094181e-006 4.192014435094182e-006
 4.944929826371353e-006 4.944923524379823e-006 4.944923471213612e-006 4.944923471200325e-006 4.944923471200252e-006 4.944923471200252e-006 4.944923471200252e-006 4.944923471200252e-006 4.944923471200252e-006 4.944923471200251e-006 4.944923471200252e-006 4.944923471200252e-006 4.944923471200252e-006 4.944923471200252e-006 4.944923471200252e-006 4.944923471200252e-006 4.944923471200252e-006 4.944923471200252e-006
