# Created by Octave 3.6.4, Wed Mar 19 18:22:39 2014 N. Central Asia Standard Time <unknown@OShulyakov>
# name: power
# type: range
# base, limit, increment
1 20 1


