# Created by Octave 3.6.4, Mon Mar 10 00:29:54 2014 N. Central Asia Standard Time <unknown@OShulyakov>
# name: CloseCv
# type: matrix
# rows: 50
# columns: 18
 2.595232740322898e-010 1937.321730694561 18627308.95494277 133326552.6075727 418683390.8877301 942945786.6822004 1828041393.391953 3290354434.151575 5641312446.282659 9271516714.903809 18982773715.43895 15879324074.57655 13581958423.17532 12013684026.36898 11024236653.93253 10465636834.35077 10217879910.80606 10192013330.81529
 2.595232740322898e-010 1937.321730694561 18627308.95494277 133326552.6075727 418683390.8877301 942945786.6822004 1828041393.391953 3290354434.151575 5641312446.282659 9271516714.903809 18982773715.43895 15879324074.57655 13581958423.17532 12013684026.36898 11024236653.93253 10465636834.35077 10217879910.80606 10192013330.81529
 2.595232740322898e-010 1937.321730694561 18627308.95494277 133326552.6075727 418683390.8877301 942945786.6822004 1828041393.391953 3290354434.151575 5641312446.282659 9271516714.903809 18982773715.43895 15879324074.57655 13581958423.17532 12013684026.36898 11024236653.93253 10465636834.35077 10217879910.80606 10192013330.81529
 2.595232740322898e-010 1937.321730694561 18627308.95494277 133326552.6075727 418683390.8877301 942945786.6822004 1828041393.391953 3290354434.151575 5641312446.282659 9271516714.903809 18982773715.43895 15879324074.57655 13581958423.17532 12013684026.36898 11024236653.93253 10465636834.35077 10217879910.80606 10192013330.81529
 2.595232740322898e-010 1937.321730694561 18627308.95494277 133326552.6075727 418683390.8877301 942945786.6822004 1828041393.391953 3290354434.151575 5641312446.282659 9271516714.903809 18982773715.43895 15879324074.57655 13581958423.17532 12013684026.36898 11024236653.93253 10465636834.35077 10217879910.80606 10192013330.81529
 2.595232740322898e-010 1937.321730694561 18627308.95494277 133326552.6075727 418683390.8877301 942945786.6822004 1828041393.391953 3290354434.151575 5641312446.282659 9271516714.903809 18982773715.43895 15879324074.57655 13581958423.17532 12013684026.36898 11024236653.93253 10465636834.35077 10217879910.80606 10192013330.81529
 1.868869098384251e-011 1937.321815546231 18627308.95494277 133326552.6075727 418683390.8877301 942945786.6822004 1828041393.391953 3290354434.151575 5641312446.282659 9271516714.903809 18982773715.43895 15879324074.57655 13581958423.17532 12013684026.36898 11024236653.93253 10465636834.35077 10217879910.80606 10192013330.81529
 1.868869098384251e-011 1937.321815546231 18627308.95494277 133326552.6075727 418683390.8877301 942945786.6822004 1828041393.391953 3290354434.151575 5641312446.282659 9271516714.903809 18982773715.43895 15879324074.57655 13581958423.17532 12013684026.36898 11024236653.93253 10465636834.35077 10217879910.80606 10192013330.81529
 1.208214957504622e-012 1937.321820119948 18627308.95494277 133326552.6075727 418683390.8877301 942945786.6822004 1828041393.391953 3290354434.151575 5641312446.282659 9271516714.903809 18982773715.43895 15879324074.57655 13581958423.17532 12013684026.36898 11024236653.93253 10465636834.35077 10217879910.80606 10192013330.81529
 9.05786944703222e-011 1937.321883472526 18627308.95494277 133326552.6075727 418683390.8877301 942945786.6822004 1828041393.391953 3290354434.151575 5641312446.282659 9271516714.903809 18982773715.43895 15879324074.57655 13581958423.17532 12013684026.36898 11024236653.93253 10465636834.35077 10217879910.80606 10192013330.81529
 2.866061138738775e-012 1937.321892201686 18627308.95494277 133326552.6075727 418683390.8877301 942945786.6822004 1828041393.391953 3290354434.151575 5641312446.282659 9271516714.903809 18982773715.43895 15879324074.57655 13581958423.17532 12013684026.36898 11024236653.93253 10465636834.35077 10217879910.80606 10192013330.81529
 3.482918717619108e-011 1937.321867563589 18627308.95494277 133326552.6075727 418683390.8877301 942945786.6822004 1828041393.391953 3290354434.151575 5641312446.282659 9271516714.903809 18982773715.43895 15879324074.57655 13581958423.17532 12013684026.36898 11024236653.93253 10465636834.35077 10217879910.80606 10192013330.81529
 1.170696873445647e-010 1937.321823154564 18627308.95494277 133326552.6075727 418683390.8877301 942945786.6822004 1828041393.391953 3290354434.151575 5641312446.282659 9271516714.903809 18982773715.43895 15879324074.57655 13581958423.17532 12013684026.36898 11024236653.93253 10465636834.35077 10217879910.80606 10192013330.81529
 3.653484825206992e-011 1937.32184265144 18627308.95494277 133326552.6075727 418683390.8877301 942945786.6822004 1828041393.391953 3290354434.151575 5641312446.282659 9271516714.903809 18982773715.43895 15879324074.57655 13581958423.17532 12013684026.36898 11024236653.93253 10465636834.35077 10217879910.80606 10192013330.81529
 8.659109341557419e-011 1937.321945392468 18627308.95494277 133326552.6075727 418683390.8877301 942945786.6822004 1828041393.391953 3290354434.151575 5641312446.282659 9271516714.903809 18982773715.43895 15879324074.57655 13581958423.17532 12013684026.36898 11024236653.93253 10465636834.35077 10217879910.80606 10192013330.81529
 9.522644511773977e-013 1937.32180204877 18627308.95494277 133326552.6075727 418683390.8877301 942945786.6822004 1828041393.391953 3290354434.151575 5641312446.282659 9271516714.903809 18982773715.43895 15879324074.57655 13581958423.17532 12013684026.36898 11024236653.93253 10465636834.35077 10217879910.80606 10192013330.81529
 5.116385758312631e-011 1937.321810599364 18627308.95494277 133326552.6075727 418683390.8877301 942945786.6822004 1828041393.391953 3290354434.151575 5641312446.282659 9271516714.903809 18982773715.43895 15879324074.57655 13581958423.17532 12013684026.36898 11024236653.93253 10465636834.35077 10217879910.80606 10192013330.81529
 2.17536001730727e-010 1937.314192029033 18627308.95494277 133326552.6075727 418683390.8877301 942945786.6822004 1828041393.391953 3290354434.151575 5641312446.282659 9271516714.903809 18982773715.43895 15879324074.57655 13581958423.17532 12013684026.36898 11024236653.93253 10465636834.35077 10217879910.80606 10192013330.81529
 7.319825038518116e-011 1937.314170105858 18627308.95494277 133326552.6075727 418683390.8877301 942945786.6822004 1828041393.391953 3290354434.151575 5641312446.282659 9271516714.903809 18982773715.43895 15879324074.57655 13581958423.17532 12013684026.36898 11024236653.93253 10465636834.35077 10217879910.80606 10192013330.81529
 2.826433142721192e-010 1937.31419620063 18627308.95494277 133326552.6075727 418683390.8877301 942945786.6822004 1828041393.391953 3290354434.151575 5641312446.282659 9271516714.903809 18982773715.43895 15879324074.57655 13581958423.17532 12013684026.36898 11024236653.93253 10465636834.35077 10217879910.80606 10192013330.81529
 9.273090114398459e-011 1937.314195445176 18627308.95494277 133326552.6075727 418683390.8877301 942945786.6822004 1828041393.391953 3290354434.151575 5641312446.282659 9271516714.903809 18982773715.43895 15879324074.57655 13581958423.17532 12013684026.36898 11024236653.93253 10465636834.35077 10217879910.80606 10192013330.81529
 684.606964352277 1937.314238529014 18627308.95494277 133326552.6075727 418683390.8877301 942945786.6822004 1828041393.391953 3290354434.151575 5641312446.282659 9271516714.903809 18982773715.43895 15879324074.57655 13581958423.17532 12013684026.36898 11024236653.93253 10465636834.35077 10217879910.80606 10192013330.81529
 10.31004375404328 1937.320915119527 18627308.95494277 133326552.6075727 418683390.8877301 942945786.6822004 1828041393.391953 3290354434.151575 5641312446.282659 9271516714.903809 18982773715.43895 15879324074.57655 13581958423.17532 12013684026.36898 11024236653.93253 10465636834.35077 10217879910.80606 10192013330.81529
