# Created by Octave 3.6.4, Mon Mar 10 00:29:54 2014 N. Central Asia Standard Time <unknown@OShulyakov>
# name: CloseTst
# type: matrix
# rows: 50
# columns: 18
 1.633054103337404e-010 199.4176066839396 1088746.82963772 10455110.40110228 41544275.37673738 108339285.3290848 220128405.9600305 380855335.4831512 591775545.1940922 854332726.6869792 7774305397.429955 8557717464.378673 9142171091.078217 9567931423.916616 9874398661.383509 10094164528.50249 10252019947.50812 10365987207.82594
 1.633054103337404e-010 199.4176066839396 1088746.82963772 10455110.40110228 41544275.37673738 108339285.3290848 220128405.9600305 380855335.4831512 591775545.1940922 854332726.6869792 7774305397.429955 8557717464.378673 9142171091.078217 9567931423.916616 9874398661.383509 10094164528.50249 10252019947.50812 10365987207.82594
 1.633054103337404e-010 199.4176066839396 1088746.82963772 10455110.40110228 41544275.37673738 108339285.3290848 220128405.9600305 380855335.4831512 591775545.1940922 854332726.6869792 7774305397.429955 8557717464.378673 9142171091.078217 9567931423.916616 9874398661.383509 10094164528.50249 10252019947.50812 10365987207.82594
 1.633054103337404e-010 199.4176066839396 1088746.82963772 10455110.40110228 41544275.37673738 108339285.3290848 220128405.9600305 380855335.4831512 591775545.1940922 854332726.6869792 7774305397.429955 8557717464.378673 9142171091.078217 9567931423.916616 9874398661.383509 10094164528.50249 10252019947.50812 10365987207.82594
 1.633054103337404e-010 199.4176066839396 1088746.82963772 10455110.40110228 41544275.37673738 108339285.3290848 220128405.9600305 380855335.4831512 591775545.1940922 854332726.6869792 7774305397.429955 8557717464.378673 9142171091.078217 9567931423.916616 9874398661.383509 10094164528.50249 10252019947.50812 10365987207.82594
 1.633054103337404e-010 199.4176066839396 1088746.82963772 10455110.40110228 41544275.37673738 108339285.3290848 220128405.9600305 380855335.4831512 591775545.1940922 854332726.6869792 7774305397.429955 8557717464.378673 9142171091.078217 9567931423.916616 9874398661.383509 10094164528.50249 10252019947.50812 10365987207.82594
 1.203262364270555e-011 199.4176145195705 1088746.82963772 10455110.40110228 41544275.37673738 108339285.3290848 220128405.9600305 380855335.4831512 591775545.1940922 854332726.6869792 7774305397.429955 8557717464.378673 9142171091.078217 9567931423.916616 9874398661.383509 10094164528.50249 10252019947.50812 10365987207.82594
 1.203262364270555e-011 199.4176145195705 1088746.82963772 10455110.40110228 41544275.37673738 108339285.3290848 220128405.9600305 380855335.4831512 591775545.1940922 854332726.6869792 7774305397.429955 8557717464.378673 9142171091.078217 9567931423.916616 9874398661.383509 10094164528.50249 10252019947.50812 10365987207.82594
 8.325945253430669e-013 199.4176141928801 1088746.82963772 10455110.40110228 41544275.37673738 108339285.3290848 220128405.9600305 380855335.4831512 591775545.1940922 854332726.6869792 7774305397.429955 8557717464.378673 9142171091.078217 9567931423.916616 9874398661.383509 10094164528.50249 10252019947.50812 10365987207.82594
 5.754438440321761e-011 199.4176212082139 1088746.82963772 10455110.40110228 41544275.37673738 108339285.3290848 220128405.9600305 380855335.4831512 591775545.1940922 854332726.6869792 7774305397.429955 8557717464.378673 9142171091.078217 9567931423.916616 9874398661.383509 10094164528.50249 10252019947.50812 10365987207.82594
 1.744785600856213e-012 199.417620821829 1088746.82963772 10455110.40110228 41544275.37673738 108339285.3290848 220128405.9600305 380855335.4831512 591775545.1940922 854332726.6869792 7774305397.429955 8557717464.378673 9142171091.078217 9567931423.916616 9874398661.383509 10094164528.50249 10252019947.50812 10365987207.82594
 2.235154894174141e-011 199.4176175674271 1088746.82963772 10455110.40110228 41544275.37673738 108339285.3290848 220128405.9600305 380855335.4831512 591775545.1940922 854332726.6869792 7774305397.429955 8557717464.378673 9142171091.078217 9567931423.916616 9874398661.383509 10094164528.50249 10252019947.50812 10365987207.82594
 7.430006441898159e-011 199.4176142055212 1088746.82963772 10455110.40110228 41544275.37673738 108339285.3290848 220128405.9600305 380855335.4831512 591775545.1940922 854332726.6869792 7774305397.429955 8557717464.378673 9142171091.078217 9567931423.916616 9874398661.383509 10094164528.50249 10252019947.50812 10365987207.82594
 2.279717369170132e-011 199.4176135702091 1088746.82963772 10455110.40110228 41544275.37673738 108339285.3290848 220128405.9600305 380855335.4831512 591775545.1940922 854332726.6869792 7774305397.429955 8557717464.378673 9142171091.078217 9567931423.916616 9874398661.383509 10094164528.50249 10252019947.50812 10365987207.82594
 5.519770529503843e-011 199.4176249596428 1088746.82963772 10455110.40110228 41544275.37673738 108339285.3290848 220128405.9600305 380855335.4831512 591775545.1940922 854332726.6869792 7774305397.429955 8557717464.378673 9142171091.078217 9567931423.916616 9874398661.383509 10094164528.50249 10252019947.50812 10365987207.82594
 5.594923613480727e-013 199.4176140678024 1088746.82963772 10455110.40110228 41544275.37673738 108339285.3290848 220128405.9600305 380855335.4831512 591775545.1940922 854332726.6869792 7774305397.429955 8557717464.378673 9142171091.078217 9567931423.916616 9874398661.383509 10094164528.50249 10252019947.50812 10365987207.82594
 3.282711213957217e-011 199.4176125583331 1088746.82963772 10455110.40110228 41544275.37673738 108339285.3290848 220128405.9600305 380855335.4831512 591775545.1940922 854332726.6869792 7774305397.429955 8557717464.378673 9142171091.078217 9567931423.916616 9874398661.383509 10094164528.50249 10252019947.50812 10365987207.82594
 1.387338167077344e-010 199.4175885156518 1088746.82963772 10455110.40110228 41544275.37673738 108339285.3290848 220128405.9600305 380855335.4831512 591775545.1940922 854332726.6869792 7774305397.429955 8557717464.378673 9142171091.078217 9567931423.916616 9874398661.383509 10094164528.50249 10252019947.50812 10365987207.82594
 4.78283276492034e-011 199.417587075698 1088746.82963772 10455110.40110228 41544275.37673738 108339285.3290848 220128405.9600305 380855335.4831512 591775545.1940922 854332726.6869792 7774305397.429955 8557717464.378673 9142171091.078217 9567931423.916616 9874398661.383509 10094164528.50249 10252019947.50812 10365987207.82594
 1.768910768536981e-010 199.4175891671277 1088746.82963772 10455110.40110228 41544275.37673738 108339285.3290848 220128405.9600305 380855335.4831512 591775545.1940922 854332726.6869792 7774305397.429955 8557717464.378673 9142171091.078217 9567931423.916616 9874398661.383509 10094164528.50249 10252019947.50812 10365987207.82594
 7.114661687963617e-011 199.4175886839224 1088746.82963772 10455110.40110228 41544275.37673738 108339285.3290848 220128405.9600305 380855335.4831512 591775545.1940922 854332726.6869792 7774305397.429955 8557717464.378673 9142171091.078217 9567931423.916616 9874398661.383509 10094164528.50249 10252019947.50812 10365987207.82594
 432.438314816297 199.4175922788657 1088746.82963772 10455110.40110228 41544275.37673738 108339285.3290848 220128405.9600305 380855335.4831512 591775545.1940922 854332726.6869792 7774305397.429955 8557717464.378673 9142171091.078217 9567931423.916616 9874398661.383509 10094164528.50249 10252019947.50812 10365987207.82594
 6.500203266193275 199.4176198609127 1088746.82963772 10455110.40110228 41544275.37673738 108339285.3290848 220128405.9600305 380855335.4831512 591775545.1940922 854332726.6869792 7774305397.429955 8557717464.378673 9142171091.078217 9567931423.916616 9874398661.383509 10094164528.50249 10252019947.50812 10365987207.82594
