# Created by Octave 3.6.4, Mon Mar 10 00:29:54 2014 N. Central Asia Standard Time <unknown@OShulyakov>
# name: HighTst
# type: matrix
# rows: 50
# columns: 18
 1.622161633763898e-010 201.574215165761 1108316.479560927 10592921.46389594 42022924.19526326 109491348.4939283 222335322.2827695 384480031.0395291 597118491.9465166 861619098.5503455 7811457516.585164 8598318496.642599 9185350555.196152 9612991871.714266 9920811753.766306 10141543628.1027 10300087901.55137 10414547544.85782
 1.622161633763898e-010 201.574215165761 1108316.479560927 10592921.46389594 42022924.19526326 109491348.4939283 222335322.2827695 384480031.0395291 597118491.9465166 861619098.5503455 7811457516.585164 8598318496.642599 9185350555.196152 9612991871.714266 9920811753.766306 10141543628.1027 10300087901.55137 10414547544.85782
 1.622161633763898e-010 201.574215165761 1108316.479560927 10592921.46389594 42022924.19526326 109491348.4939283 222335322.2827695 384480031.0395291 597118491.9465166 861619098.5503455 7811457516.585164 8598318496.642599 9185350555.196152 9612991871.714266 9920811753.766306 10141543628.1027 10300087901.55137 10414547544.85782
 1.622161633763898e-010 201.574215165761 1108316.479560927 10592921.46389594 42022924.19526326 109491348.4939283 222335322.2827695 384480031.0395291 597118491.9465166 861619098.5503455 7811457516.585164 8598318496.642599 9185350555.196152 9612991871.714266 9920811753.766306 10141543628.1027 10300087901.55137 10414547544.85782
 1.622161633763898e-010 201.574215165761 1108316.479560927 10592921.46389594 42022924.19526326 109491348.4939283 222335322.2827695 384480031.0395291 597118491.9465166 861619098.5503455 7811457516.585164 8598318496.642599 9185350555.196152 9612991871.714266 9920811753.766306 10141543628.1027 10300087901.55137 10414547544.85782
 1.622161633763898e-010 201.574215165761 1108316.479560927 10592921.46389594 42022924.19526326 109491348.4939283 222335322.2827695 384480031.0395291 597118491.9465166 861619098.5503455 7811457516.585164 8598318496.642599 9185350555.196152 9612991871.714266 9920811753.766306 10141543628.1027 10300087901.55137 10414547544.85782
 1.212475005641154e-011 201.5741961371539 1108316.479560927 10592921.46389594 42022924.19526326 109491348.4939283 222335322.2827695 384480031.0395291 597118491.9465166 861619098.5503455 7811457516.585164 8598318496.642599 9185350555.196152 9612991871.714266 9920811753.766306 10141543628.1027 10300087901.55137 10414547544.85782
 1.212475005641154e-011 201.5741961371539 1108316.479560927 10592921.46389594 42022924.19526326 109491348.4939283 222335322.2827695 384480031.0395291 597118491.9465166 861619098.5503455 7811457516.585164 8598318496.642599 9185350555.196152 9612991871.714266 9920811753.766306 10141543628.1027 10300087901.55137 10414547544.85782
 7.589162893571556e-013 201.5742027822726 1108316.479560927 10592921.46389594 42022924.19526326 109491348.4939283 222335322.2827695 384480031.0395291 597118491.9465166 861619098.5503455 7811457516.585164 8598318496.642599 9185350555.196152 9612991871.714266 9920811753.766306 10141543628.1027 10300087901.55137 10414547544.85782
 5.769515711274746e-011 201.5742127624792 1108316.479560927 10592921.46389594 42022924.19526326 109491348.4939283 222335322.2827695 384480031.0395291 597118491.9465166 861619098.5503455 7811457516.585164 8598318496.642599 9185350555.196152 9612991871.714266 9920811753.766306 10141543628.1027 10300087901.55137 10414547544.85782
 1.964215403641514e-012 201.5741954100049 1108316.479560927 10592921.46389594 42022924.19526326 109491348.4939283 222335322.2827695 384480031.0395291 597118491.9465166 861619098.5503455 7811457516.585164 8598318496.642599 9185350555.196152 9612991871.714266 9920811753.766306 10141543628.1027 10300087901.55137 10414547544.85782
 2.282386543920677e-011 201.5741882731279 1108316.479560927 10592921.46389594 42022924.19526326 109491348.4939283 222335322.2827695 384480031.0395291 597118491.9465166 861619098.5503455 7811457516.585164 8598318496.642599 9185350555.196152 9612991871.714266 9920811753.766306 10141543628.1027 10300087901.55137 10414547544.85782
 7.555769234466822e-011 201.5741990114859 1108316.479560927 10592921.46389594 42022924.19526326 109491348.4939283 222335322.2827695 384480031.0395291 597118491.9465166 861619098.5503455 7811457516.585164 8598318496.642599 9185350555.196152 9612991871.714266 9920811753.766306 10141543628.1027 10300087901.55137 10414547544.85782
 2.309636066204137e-011 201.574171652325 1108316.479560927 10592921.46389594 42022924.19526326 109491348.4939283 222335322.2827695 384480031.0395291 597118491.9465166 861619098.5503455 7811457516.585164 8598318496.642599 9185350555.196152 9612991871.714266 9920811753.766306 10141543628.1027 10300087901.55137 10414547544.85782
 5.644308424942884e-011 201.574197264559 1108316.479560927 10592921.46389594 42022924.19526326 109491348.4939283 222335322.2827695 384480031.0395291 597118491.9465166 861619098.5503455 7811457516.585164 8598318496.642599 9185350555.196152 9612991871.714266 9920811753.766306 10141543628.1027 10300087901.55137 10414547544.85782
 5.183986723068882e-013 201.5742225515479 1108316.479560927 10592921.46389594 42022924.19526326 109491348.4939283 222335322.2827695 384480031.0395291 597118491.9465166 861619098.5503455 7811457516.585164 8598318496.642599 9185350555.196152 9612991871.714266 9920811753.766306 10141543628.1027 10300087901.55137 10414547544.85782
 3.244226302265663e-011 201.5741872761922 1108316.479560927 10592921.46389594 42022924.19526326 109491348.4939283 222335322.2827695 384480031.0395291 597118491.9465166 861619098.5503455 7811457516.585164 8598318496.642599 9185350555.196152 9612991871.714266 9920811753.766306 10141543628.1027 10300087901.55137 10414547544.85782
 1.396065159844983e-010 201.5720855844038 1108316.479560927 10592921.46389594 42022924.19526326 109491348.4939283 222335322.2827695 384480031.0395291 597118491.9465166 861619098.5503455 7811457516.585164 8598318496.642599 9185350555.196152 9612991871.714266 9920811753.766306 10141543628.1027 10300087901.55137 10414547544.85782
 4.639657760483258e-011 201.5720951576639 1108316.479560927 10592921.46389594 42022924.19526326 109491348.4939283 222335322.2827695 384480031.0395291 597118491.9465166 861619098.5503455 7811457516.585164 8598318496.642599 9185350555.196152 9612991871.714266 9920811753.766306 10141543628.1027 10300087901.55137 10414547544.85782
 1.793403685711266e-010 201.5720949843095 1108316.479560927 10592921.46389594 42022924.19526326 109491348.4939283 222335322.2827695 384480031.0395291 597118491.9465166 861619098.5503455 7811457516.585164 8598318496.642599 9185350555.196152 9612991871.714266 9920811753.766306 10141543628.1027 10300087901.55137 10414547544.85782
 6.493303368142997e-011 201.5720863392664 1108316.479560927 10592921.46389594 42022924.19526326 109491348.4939283 222335322.2827695 384480031.0395291 597118491.9465166 861619098.5503455 7811457516.585164 8598318496.642599 9185350555.196152 9612991871.714266 9920811753.766306 10141543628.1027 10300087901.55137 10414547544.85782
 434.258540668774 201.5720796339639 1108316.479560927 10592921.46389594 42022924.19526326 109491348.4939283 222335322.2827695 384480031.0395291 597118491.9465166 861619098.5503455 7811457516.585164 8598318496.642599 9185350555.196152 9612991871.714266 9920811753.766306 10141543628.1027 10300087901.55137 10414547544.85782
 6.527514468665106 201.5739271319702 1108316.479560927 10592921.46389594 42022924.19526326 109491348.4939283 222335322.2827695 384480031.0395291 597118491.9465166 861619098.5503455 7811457516.585164 8598318496.642599 9185350555.196152 9612991871.714266 9920811753.766306 10141543628.1027 10300087901.55137 10414547544.85782
