# Created by Octave 3.6.4, Mon Mar 10 00:29:54 2014 N. Central Asia Standard Time <unknown@OShulyakov>
# name: LowTst
# type: matrix
# rows: 50
# columns: 18
 1.638889109414284e-010 190.9486271290846 1069399.661124144 10323535.29475466 41094143.66853328 107261855.7146078 218064251.1042133 377453304.2032221 586734274.9460884 847415882.2664086 7737120336.992946 8516960497.394403 9098745271.024635 9522563673.276432 9827639549.364449 10046415654.61705 10203567798.10661 10317033792.90666
 1.638889109414284e-010 190.9486271290846 1069399.661124144 10323535.29475466 41094143.66853328 107261855.7146078 218064251.1042133 377453304.2032221 586734274.9460884 847415882.2664086 7737120336.992946 8516960497.394403 9098745271.024635 9522563673.276432 9827639549.364449 10046415654.61705 10203567798.10661 10317033792.90666
 1.638889109414284e-010 190.9486271290846 1069399.661124144 10323535.29475466 41094143.66853328 107261855.7146078 218064251.1042133 377453304.2032221 586734274.9460884 847415882.2664086 7737120336.992946 8516960497.394403 9098745271.024635 9522563673.276432 9827639549.364449 10046415654.61705 10203567798.10661 10317033792.90666
 1.638889109414284e-010 190.9486271290846 1069399.661124144 10323535.29475466 41094143.66853328 107261855.7146078 218064251.1042133 377453304.2032221 586734274.9460884 847415882.2664086 7737120336.992946 8516960497.394403 9098745271.024635 9522563673.276432 9827639549.364449 10046415654.61705 10203567798.10661 10317033792.90666
 1.638889109414284e-010 190.9486271290846 1069399.661124144 10323535.29475466 41094143.66853328 107261855.7146078 218064251.1042133 377453304.2032221 586734274.9460884 847415882.2664086 7737120336.992946 8516960497.394403 9098745271.024635 9522563673.276432 9827639549.364449 10046415654.61705 10203567798.10661 10317033792.90666
 1.638889109414284e-010 190.9486271290846 1069399.661124144 10323535.29475466 41094143.66853328 107261855.7146078 218064251.1042133 377453304.2032221 586734274.9460884 847415882.2664086 7737120336.992946 8516960497.394403 9098745271.024635 9522563673.276432 9827639549.364449 10046415654.61705 10203567798.10661 10317033792.90666
 1.227828085212926e-011 190.9486449409452 1069399.661124144 10323535.29475466 41094143.66853328 107261855.7146078 218064251.1042133 377453304.2032221 586734274.9460884 847415882.2664086 7737120336.992946 8516960497.394403 9098745271.024635 9522563673.276432 9827639549.364449 10046415654.61705 10203567798.10661 10317033792.90666
 1.227828085212926e-011 190.9486449409452 1069399.661124144 10323535.29475466 41094143.66853328 107261855.7146078 218064251.1042133 377453304.2032221 586734274.9460884 847415882.2664086 7737120336.992946 8516960497.394403 9098745271.024635 9522563673.276432 9827639549.364449 10046415654.61705 10203567798.10661 10317033792.90666
 8.409548597417006e-013 190.9486395629269 1069399.661124144 10323535.29475466 41094143.66853328 107261855.7146078 218064251.1042133 377453304.2032221 586734274.9460884 847415882.2664086 7737120336.992946 8516960497.394403 9098745271.024635 9522563673.276432 9827639549.364449 10046415654.61705 10203567798.10661 10317033792.90666
 5.671880392346754e-011 190.9486312749005 1069399.661124144 10323535.29475466 41094143.66853328 107261855.7146078 218064251.1042133 377453304.2032221 586734274.9460884 847415882.2664086 7737120336.992946 8516960497.394403 9098745271.024635 9522563673.276432 9827639549.364449 10046415654.61705 10203567798.10661 10317033792.90666
 1.818001494136797e-012 190.9486473656225 1069399.661124144 10323535.29475466 41094143.66853328 107261855.7146078 218064251.1042133 377453304.2032221 586734274.9460884 847415882.2664086 7737120336.992946 8516960497.394403 9098745271.024635 9522563673.276432 9827639549.364449 10046415654.61705 10203567798.10661 10317033792.90666
 2.218149759884065e-011 190.9486525323024 1069399.661124144 10323535.29475466 41094143.66853328 107261855.7146078 218064251.1042133 377453304.2032221 586734274.9460884 847415882.2664086 7737120336.992946 8516960497.394403 9098745271.024635 9522563673.276432 9827639549.364449 10046415654.61705 10203567798.10661 10317033792.90666
 7.521840112514849e-011 190.94864175448 1069399.661124144 10323535.29475466 41094143.66853328 107261855.7146078 218064251.1042133 377453304.2032221 586734274.9460884 847415882.2664086 7737120336.992946 8516960497.394403 9098745271.024635 9522563673.276432 9827639549.364449 10046415654.61705 10203567798.10661 10317033792.90666
 2.235301434563525e-011 190.9486671068571 1069399.661124144 10323535.29475466 41094143.66853328 107261855.7146078 218064251.1042133 377453304.2032221 586734274.9460884 847415882.2664086 7737120336.992946 8516960497.394403 9098745271.024635 9522563673.276432 9827639549.364449 10046415654.61705 10203567798.10661 10317033792.90666
 5.450072178993699e-011 190.9486455293065 1069399.661124144 10323535.29475466 41094143.66853328 107261855.7146078 218064251.1042133 377453304.2032221 586734274.9460884 847415882.2664086 7737120336.992946 8516960497.394403 9098745271.024635 9522563673.276432 9827639549.364449 10046415654.61705 10203567798.10661 10317033792.90666
 4.633282026703875e-013 190.9486211392405 1069399.661124144 10323535.29475466 41094143.66853328 107261855.7146078 218064251.1042133 377453304.2032221 586734274.9460884 847415882.2664086 7737120336.992946 8516960497.394403 9098745271.024635 9522563673.276432 9827639549.364449 10046415654.61705 10203567798.10661 10317033792.90666
 3.187133445919864e-011 190.9486532796398 1069399.661124144 10323535.29475466 41094143.66853328 107261855.7146078 218064251.1042133 377453304.2032221 586734274.9460884 847415882.2664086 7737120336.992946 8516960497.394403 9098745271.024635 9522563673.276432 9827639549.364449 10046415654.61705 10203567798.10661 10317033792.90666
 1.395892166800797e-010 190.9504097229682 1069399.661124144 10323535.29475466 41094143.66853328 107261855.7146078 218064251.1042133 377453304.2032221 586734274.9460884 847415882.2664086 7737120336.992946 8516960497.394403 9098745271.024635 9522563673.276432 9827639549.364449 10046415654.61705 10203567798.10661 10317033792.90666
 4.696176911880358e-011 190.9504010150605 1069399.661124144 10323535.29475466 41094143.66853328 107261855.7146078 218064251.1042133 377453304.2032221 586734274.9460884 847415882.2664086 7737120336.992946 8516960497.394403 9098745271.024635 9522563673.276432 9827639549.364449 10046415654.61705 10203567798.10661 10317033792.90666
 1.736336771660569e-010 190.9504012787611 1069399.661124144 10323535.29475466 41094143.66853328 107261855.7146078 218064251.1042133 377453304.2032221 586734274.9460884 847415882.2664086 7737120336.992946 8516960497.394403 9098745271.024635 9522563673.276432 9827639549.364449 10046415654.61705 10203567798.10661 10317033792.90666
 6.502206175872534e-011 190.9504088723324 1069399.661124144 10323535.29475466 41094143.66853328 107261855.7146078 218064251.1042133 377453304.2032221 586734274.9460884 847415882.2664086 7737120336.992946 8516960497.394403 9098745271.024635 9522563673.276432 9827639549.364449 10046415654.61705 10203567798.10661 10317033792.90666
 430.5679496731921 190.9504149174877 1069399.661124144 10323535.29475466 41094143.66853328 107261855.7146078 218064251.1042133 377453304.2032221 586734274.9460884 847415882.2664086 7737120336.992946 8516960497.394403 9098745271.024635 9522563673.276432 9827639549.364449 10046415654.61705 10203567798.10661 10317033792.90666
 6.471972292830213 190.9488787007249 1069399.661124144 10323535.29475466 41094143.66853328 107261855.7146078 218064251.1042133 377453304.2032221 586734274.9460884 847415882.2664086 7737120336.992946 8516960497.394403 9098745271.024635 9522563673.276432 9827639549.364449 10046415654.61705 10203567798.10661 10317033792.90666
