# Created by Octave 3.6.4, Mon Mar 10 00:29:54 2014 N. Central Asia Standard Time <unknown@OShulyakov>
# name: OpenCv
# type: matrix
# rows: 50
# columns: 18
 2.599054931778205e-010 2237.126227660854 18675770.35083213 133506241.5683299 419029383.7325984 943379531.8658373 1828363056.577875 3290285000.877878 5640567277.265219 9269895200.271011 18981979175.83657 15880272322.02363 13584225870.81989 12016746199.63941 11027626038.72846 10469012349.19449 10221031540.73992 10194835938.32944
 2.599054931778205e-010 2237.126227660854 18675770.35083213 133506241.5683299 419029383.7325984 943379531.8658373 1828363056.577875 3290285000.877878 5640567277.265219 9269895200.271011 18981979175.83657 15880272322.02363 13584225870.81989 12016746199.63941 11027626038.72846 10469012349.19449 10221031540.73992 10194835938.32944
 2.599054931778205e-010 2237.126227660854 18675770.35083213 133506241.5683299 419029383.7325984 943379531.8658373 1828363056.577875 3290285000.877878 5640567277.265219 9269895200.271011 18981979175.83657 15880272322.02363 13584225870.81989 12016746199.63941 11027626038.72846 10469012349.19449 10221031540.73992 10194835938.32944
 2.599054931778205e-010 2237.126227660854 18675770.35083213 133506241.5683299 419029383.7325984 943379531.8658373 1828363056.577875 3290285000.877878 5640567277.265219 9269895200.271011 18981979175.83657 15880272322.02363 13584225870.81989 12016746199.63941 11027626038.72846 10469012349.19449 10221031540.73992 10194835938.32944
 2.599054931778205e-010 2237.126227660854 18675770.35083213 133506241.5683299 419029383.7325984 943379531.8658373 1828363056.577875 3290285000.877878 5640567277.265219 9269895200.271011 18981979175.83657 15880272322.02363 13584225870.81989 12016746199.63941 11027626038.72846 10469012349.19449 10221031540.73992 10194835938.32944
 2.599054931778205e-010 2237.126227660854 18675770.35083213 133506241.5683299 419029383.7325984 943379531.8658373 1828363056.577875 3290285000.877878 5640567277.265219 9269895200.271011 18981979175.83657 15880272322.02363 13584225870.81989 12016746199.63941 11027626038.72846 10469012349.19449 10221031540.73992 10194835938.32944
 1.945449124842884e-011 2237.126152800027 18675770.35083213 133506241.5683299 419029383.7325984 943379531.8658373 1828363056.577875 3290285000.877878 5640567277.265219 9269895200.271011 18981979175.83657 15880272322.02363 13584225870.81989 12016746199.63941 11027626038.72846 10469012349.19449 10221031540.73992 10194835938.32944
 1.945449124842884e-011 2237.126152800027 18675770.35083213 133506241.5683299 419029383.7325984 943379531.8658373 1828363056.577875 3290285000.877878 5640567277.265219 9269895200.271011 18981979175.83657 15880272322.02363 13584225870.81989 12016746199.63941 11027626038.72846 10469012349.19449 10221031540.73992 10194835938.32944
 1.248378859450484e-012 2237.126149230322 18675770.35083213 133506241.5683299 419029383.7325984 943379531.8658373 1828363056.577875 3290285000.877878 5640567277.265219 9269895200.271011 18981979175.83657 15880272322.02363 13584225870.81989 12016746199.63941 11027626038.72846 10469012349.19449 10221031540.73992 10194835938.32944
 9.164352326000866e-011 2237.126068525218 18675770.35083213 133506241.5683299 419029383.7325984 943379531.8658373 1828363056.577875 3290285000.877878 5640567277.265219 9269895200.271011 18981979175.83657 15880272322.02363 13584225870.81989 12016746199.63941 11027626038.72846 10469012349.19449 10221031540.73992 10194835938.32944
 2.942676957722256e-012 2237.126074170864 18675770.35083213 133506241.5683299 419029383.7325984 943379531.8658373 1828363056.577875 3290285000.877878 5640567277.265219 9269895200.271011 18981979175.83657 15880272322.02363 13584225870.81989 12016746199.63941 11027626038.72846 10469012349.19449 10221031540.73992 10194835938.32944
 3.577455110579561e-011 2237.126122268173 18675770.35083213 133506241.5683299 419029383.7325984 943379531.8658373 1828363056.577875 3290285000.877878 5640567277.265219 9269895200.271011 18981979175.83657 15880272322.02363 13584225870.81989 12016746199.63941 11027626038.72846 10469012349.19449 10221031540.73992 10194835938.32944
 1.192637487831545e-010 2237.126161549239 18675770.35083213 133506241.5683299 419029383.7325984 943379531.8658373 1828363056.577875 3290285000.877878 5640567277.265219 9269895200.271011 18981979175.83657 15880272322.02363 13584225870.81989 12016746199.63941 11027626038.72846 10469012349.19449 10221031540.73992 10194835938.32944
 3.6004174278987e-011 2237.126166664051 18675770.35083213 133506241.5683299 419029383.7325984 943379531.8658373 1828363056.577875 3290285000.877878 5640567277.265219 9269895200.271011 18981979175.83657 15880272322.02363 13584225870.81989 12016746199.63941 11027626038.72846 10469012349.19449 10221031540.73992 10194835938.32944
 8.813321437120496e-011 2237.126035761548 18675770.35083213 133506241.5683299 419029383.7325984 943379531.8658373 1828363056.577875 3290285000.877878 5640567277.265219 9269895200.271011 18981979175.83657 15880272322.02363 13584225870.81989 12016746199.63941 11027626038.72846 10469012349.19449 10221031540.73992 10194835938.32944
 7.78858632351158e-013 2237.126149055795 18675770.35083213 133506241.5683299 419029383.7325984 943379531.8658373 1828363056.577875 3290285000.877878 5640567277.265219 9269895200.271011 18981979175.83657 15880272322.02363 13584225870.81989 12016746199.63941 11027626038.72846 10469012349.19449 10221031540.73992 10194835938.32944
 5.117868980642132e-011 2237.126168255166 18675770.35083213 133506241.5683299 419029383.7325984 943379531.8658373 1828363056.577875 3290285000.877878 5640567277.265219 9269895200.271011 18981979175.83657 15880272322.02363 13584225870.81989 12016746199.63941 11027626038.72846 10469012349.19449 10221031540.73992 10194835938.32944
 2.16993643081241e-010 2237.126144303534 18675770.35083213 133506241.5683299 419029383.7325984 943379531.8658373 1828363056.577875 3290285000.877878 5640567277.265219 9269895200.271011 18981979175.83657 15880272322.02363 13584225870.81989 12016746199.63941 11027626038.72846 10469012349.19449 10221031540.73992 10194835938.32944
 7.345433362378579e-011 2237.126157161232 18675770.35083213 133506241.5683299 419029383.7325984 943379531.8658373 1828363056.577875 3290285000.877878 5640567277.265219 9269895200.271011 18981979175.83657 15880272322.02363 13584225870.81989 12016746199.63941 11027626038.72846 10469012349.19449 10221031540.73992 10194835938.32944
 2.804579803319865e-010 2237.126134465142 18675770.35083213 133506241.5683299 419029383.7325984 943379531.8658373 1828363056.577875 3290285000.877878 5640567277.265219 9269895200.271011 18981979175.83657 15880272322.02363 13584225870.81989 12016746199.63941 11027626038.72846 10469012349.19449 10221031540.73992 10194835938.32944
 8.766154328872106e-011 2237.126145316473 18675770.35083213 133506241.5683299 419029383.7325984 943379531.8658373 1828363056.577875 3290285000.877878 5640567277.265219 9269895200.271011 18981979175.83657 15880272322.02363 13584225870.81989 12016746199.63941 11027626038.72846 10469012349.19449 10221031540.73992 10194835938.32944
 684.6109367357624 2237.126108799519 18675770.35083213 133506241.5683299 419029383.7325984 943379531.8658373 1828363056.577875 3290285000.877878 5640567277.265219 9269895200.271011 18981979175.83657 15880272322.02363 13584225870.81989 12016746199.63941 11027626038.72846 10469012349.19449 10221031540.73992 10194835938.32944
 10.30861305980174 2237.126043484297 18675770.35083213 133506241.5683299 419029383.7325984 943379531.8658373 1828363056.577875 3290285000.877878 5640567277.265219 9269895200.271011 18981979175.83657 15880272322.02363 13584225870.81989 12016746199.63941 11027626038.72846 10469012349.19449 10221031540.73992 10194835938.32944
