# Created by Octave 3.6.4, Mon Mar 10 00:29:54 2014 N. Central Asia Standard Time <unknown@OShulyakov>
# name: OpenTst
# type: matrix
# rows: 50
# columns: 18
 1.639775634435511e-010 229.6217994437323 1088282.900613137 10454943.03754031 41548676.39434525 108354245.562042 220157349.441775 380896852.0404223 591824793.3693733 854383932.2129887 7774093161.25913 8557411047.623211 9141799438.40097 9567519815.936205 9873965380.729536 10093721145.67445 10251573016.80222 10365540045.15923
 1.639775634435511e-010 229.6217994437323 1088282.900613137 10454943.03754031 41548676.39434525 108354245.562042 220157349.441775 380896852.0404223 591824793.3693733 854383932.2129887 7774093161.25913 8557411047.623211 9141799438.40097 9567519815.936205 9873965380.729536 10093721145.67445 10251573016.80222 10365540045.15923
 1.639775634435511e-010 229.6217994437323 1088282.900613137 10454943.03754031 41548676.39434525 108354245.562042 220157349.441775 380896852.0404223 591824793.3693733 854383932.2129887 7774093161.25913 8557411047.623211 9141799438.40097 9567519815.936205 9873965380.729536 10093721145.67445 10251573016.80222 10365540045.15923
 1.639775634435511e-010 229.6217994437323 1088282.900613137 10454943.03754031 41548676.39434525 108354245.562042 220157349.441775 380896852.0404223 591824793.3693733 854383932.2129887 7774093161.25913 8557411047.623211 9141799438.40097 9567519815.936205 9873965380.729536 10093721145.67445 10251573016.80222 10365540045.15923
 1.639775634435511e-010 229.6217994437323 1088282.900613137 10454943.03754031 41548676.39434525 108354245.562042 220157349.441775 380896852.0404223 591824793.3693733 854383932.2129887 7774093161.25913 8557411047.623211 9141799438.40097 9567519815.936205 9873965380.729536 10093721145.67445 10251573016.80222 10365540045.15923
 1.639775634435511e-010 229.6217994437323 1088282.900613137 10454943.03754031 41548676.39434525 108354245.562042 220157349.441775 380896852.0404223 591824793.3693733 854383932.2129887 7774093161.25913 8557411047.623211 9141799438.40097 9567519815.936205 9873965380.729536 10093721145.67445 10251573016.80222 10365540045.15923
 1.240169393310454e-011 229.6217917533761 1088282.900613137 10454943.03754031 41548676.39434525 108354245.562042 220157349.441775 380896852.0404223 591824793.3693733 854383932.2129887 7774093161.25913 8557411047.623211 9141799438.40097 9567519815.936205 9873965380.729536 10093721145.67445 10251573016.80222 10365540045.15923
 1.240169393310454e-011 229.6217917533761 1088282.900613137 10454943.03754031 41548676.39434525 108354245.562042 220157349.441775 380896852.0404223 591824793.3693733 854383932.2129887 7774093161.25913 8557411047.623211 9141799438.40097 9567519815.936205 9873965380.729536 10093721145.67445 10251573016.80222 10365540045.15923
 8.2797766428824e-013 229.6217914176657 1088282.900613137 10454943.03754031 41548676.39434525 108354245.562042 220157349.441775 380896852.0404223 591824793.3693733 854383932.2129887 7774093161.25913 8557411047.623211 9141799438.40097 9567519815.936205 9873965380.729536 10093721145.67445 10251573016.80222 10365540045.15923
 5.796140515514083e-011 229.621783710096 1088282.900613137 10454943.03754031 41548676.39434525 108354245.562042 220157349.441775 380896852.0404223 591824793.3693733 854383932.2129887 7774093161.25913 8557411047.623211 9141799438.40097 9567519815.936205 9873965380.729536 10093721145.67445 10251573016.80222 10365540045.15923
 1.837677418533205e-012 229.6217845090784 1088282.900613137 10454943.03754031 41548676.39434525 108354245.562042 220157349.441775 380896852.0404223 591824793.3693733 854383932.2129887 7774093161.25913 8557411047.623211 9141799438.40097 9567519815.936205 9873965380.729536 10093721145.67445 10251573016.80222 10365540045.15923
 2.279202298621948e-011 229.6217890022669 1088282.900613137 10454943.03754031 41548676.39434525 108354245.562042 220157349.441775 380896852.0404223 591824793.3693733 854383932.2129887 7774093161.25913 8557411047.623211 9141799438.40097 9567519815.936205 9873965380.729536 10093721145.67445 10251573016.80222 10365540045.15923
 7.53964653965663e-011 229.6217925121096 1088282.900613137 10454943.03754031 41548676.39434525 108354245.562042 220157349.441775 380896852.0404223 591824793.3693733 854383932.2129887 7774093161.25913 8557411047.623211 9141799438.40097 9567519815.936205 9873965380.729536 10093721145.67445 10251573016.80222 10365540045.15923
 2.262235234353752e-011 229.6217937967568 1088282.900613137 10454943.03754031 41548676.39434525 108354245.562042 220157349.441775 380896852.0404223 591824793.3693733 854383932.2129887 7774093161.25913 8557411047.623211 9141799438.40097 9567519815.936205 9873965380.729536 10093721145.67445 10251573016.80222 10365540045.15923
 5.591580338104417e-011 229.6217800260434 1088282.900613137 10454943.03754031 41548676.39434525 108354245.562042 220157349.441775 380896852.0404223 591824793.3693733 854383932.2129887 7774093161.25913 8557411047.623211 9141799438.40097 9567519815.936205 9873965380.729536 10093721145.67445 10251573016.80222 10365540045.15923
 4.759676239616853e-013 229.6217914579142 1088282.900613137 10454943.03754031 41548676.39434525 108354245.562042 220157349.441775 380896852.0404223 591824793.3693733 854383932.2129887 7774093161.25913 8557411047.623211 9141799438.40097 9567519815.936205 9873965380.729536 10093721145.67445 10251573016.80222 10365540045.15923
 3.262486400316338e-011 229.6217940605803 1088282.900613137 10454943.03754031 41548676.39434525 108354245.562042 220157349.441775 380896852.0404223 591824793.3693733 854383932.2129887 7774093161.25913 8557411047.623211 9141799438.40097 9567519815.936205 9873965380.729536 10093721145.67445 10251573016.80222 10365540045.15923
 1.379541656448327e-010 229.6217440552821 1088282.900613137 10454943.03754031 41548676.39434525 108354245.562042 220157349.441775 380896852.0404223 591824793.3693733 854383932.2129887 7774093161.25913 8557411047.623211 9141799438.40097 9567519815.936205 9873965380.729536 10093721145.67445 10251573016.80222 10365540045.15923
 4.765950119545747e-011 229.6217450930753 1088282.900613137 10454943.03754031 41548676.39434525 108354245.562042 220157349.441775 380896852.0404223 591824793.3693733 854383932.2129887 7774093161.25913 8557411047.623211 9141799438.40097 9567519815.936205 9873965380.729536 10093721145.67445 10251573016.80222 10365540045.15923
 1.752974287903563e-010 229.6217430086932 1088282.900613137 10454943.03754031 41548676.39434525 108354245.562042 220157349.441775 380896852.0404223 591824793.3693733 854383932.2129887 7774093161.25913 8557411047.623211 9141799438.40097 9567519815.936205 9873965380.729536 10093721145.67445 10251573016.80222 10365540045.15923
 6.571453219595798e-011 229.6217440981478 1088282.900613137 10454943.03754031 41548676.39434525 108354245.562042 220157349.441775 380896852.0404223 591824793.3693733 854383932.2129887 7774093161.25913 8557411047.623211 9141799438.40097 9567519815.936205 9873965380.729536 10093721145.67445 10251573016.80222 10365540045.15923
 432.4408386545896 229.6217404544084 1088282.900613137 10454943.03754031 41548676.39434525 108354245.562042 220157349.441775 380896852.0404223 591824793.3693733 854383932.2129887 7774093161.25913 8557411047.623211 9141799438.40097 9567519815.936205 9873965380.729536 10093721145.67445 10251573016.80222 10365540045.15923
 6.499302905701925 229.6217752524997 1088282.900613137 10454943.03754031 41548676.39434525 108354245.562042 220157349.441775 380896852.0404223 591824793.3693733 854383932.2129887 7774093161.25913 8557411047.623211 9141799438.40097 9567519815.936205 9873965380.729536 10093721145.67445 10251573016.80222 10365540045.15923
 234.383214437549 229.6217974836906 1088282.900613137 10454943.03754031 41548676.39434525 108354245.562042 220157349.441775 380896852.0404223 591824793.3693733 854383932.2129887 7774093161.25913 8557411047.623211 9141799438.40097 9567519815.936205 9873965380.729536 10093721145.67445 10251573016.80222 10365540045.15923
