# Created by Octave 3.6.4, Sun Mar 09 11:32:31 2014 N. Central Asia Standard Time <unknown@OShulyakov>
# name: power
# type: range
# base, limit, increment
1 18 1


