# Created by Octave 3.6.4, Sat Mar 08 07:56:11 2014 N. Central Asia Standard Time <unknown@OShulyakov>
# name: CloseTst
# type: matrix
# rows: 50
# columns: 20
 1.880708381286477e-010 199.4350659043305 1088746.823076467 10455110.3996867 41544275.36445811 108339285.3247371 220128405.9435342 380855335.4542162 591775545.241345 854332726.7279502 1171484920.208746 1547400727.946355 1986305328.873609 2491219296.57199 9874398661.382812 10094164528.50299 10252019947.50861 10365987207.82663 10448856841.68475 10509605502.12406
 1.880708381286477e-010 199.4350659043305 1088746.823076467 10455110.3996867 41544275.36445811 108339285.3247371 220128405.9435342 380855335.4542162 591775545.241345 854332726.7279502 1171484920.208746 1547400727.946355 1986305328.873609 2491219296.57199 9874398661.382812 10094164528.50299 10252019947.50861 10365987207.82663 10448856841.68475 10509605502.12406
 1.880708381286477e-010 199.4350659043305 1088746.823076467 10455110.3996867 41544275.36445811 108339285.3247371 220128405.9435342 380855335.4542162 591775545.241345 854332726.7279502 1171484920.208746 1547400727.946355 1986305328.873609 2491219296.57199 9874398661.382812 10094164528.50299 10252019947.50861 10365987207.82663 10448856841.68475 10509605502.12406
 1.880708381286477e-010 199.4350659043305 1088746.823076467 10455110.3996867 41544275.36445811 108339285.3247371 220128405.9435342 380855335.4542162 591775545.241345 854332726.7279502 1171484920.208746 1547400727.946355 1986305328.873609 2491219296.57199 9874398661.382812 10094164528.50299 10252019947.50861 10365987207.82663 10448856841.68475 10509605502.12406
 1.880708381286477e-010 199.4350659043305 1088746.823076467 10455110.3996867 41544275.36445811 108339285.3247371 220128405.9435342 380855335.4542162 591775545.241345 854332726.7279502 1171484920.208746 1547400727.946355 1986305328.873609 2491219296.57199 9874398661.382812 10094164528.50299 10252019947.50861 10365987207.82663 10448856841.68475 10509605502.12406
 1.880708381286477e-010 199.4350659043305 1088746.823076467 10455110.3996867 41544275.36445811 108339285.3247371 220128405.9435342 380855335.4542162 591775545.241345 854332726.7279502 1171484920.208746 1547400727.946355 1986305328.873609 2491219296.57199 9874398661.382812 10094164528.50299 10252019947.50861 10365987207.82663 10448856841.68475 10509605502.12406
 8.686898640859624e-011 199.4350669301545 1088746.823076467 10455110.3996867 41544275.36445811 108339285.3247371 220128405.9435342 380855335.4542162 591775545.241345 854332726.7279502 1171484920.208746 1547400727.946355 1986305328.873609 2491219296.57199 9874398661.382812 10094164528.50299 10252019947.50861 10365987207.82663 10448856841.68475 10509605502.12406
 8.686898640859624e-011 199.4350669301545 1088746.823076467 10455110.3996867 41544275.36445811 108339285.3247371 220128405.9435342 380855335.4542162 591775545.241345 854332726.7279502 1171484920.208746 1547400727.946355 1986305328.873609 2491219296.57199 9874398661.382812 10094164528.50299 10252019947.50861 10365987207.82663 10448856841.68475 10509605502.12406
 7.664044702974014e-010 199.4350656930487 1088746.823076467 10455110.3996867 41544275.36445811 108339285.3247371 220128405.9435342 380855335.4542162 591775545.241345 854332726.7279502 1171484920.208746 1547400727.946355 1986305328.873609 2491219296.57199 9874398661.382812 10094164528.50299 10252019947.50861 10365987207.82663 10448856841.68475 10509605502.12406
 1.465436857852498e-010 199.4350648845179 1088746.823076467 10455110.3996867 41544275.36445811 108339285.3247371 220128405.9435342 380855335.4542162 591775545.241345 854332726.7279502 1171484920.208746 1547400727.946355 1986305328.873609 2491219296.57199 9874398661.382812 10094164528.50299 10252019947.50861 10365987207.82663 10448856841.68475 10509605502.12406
 8.761049239535977e-010 199.4350652611909 1088746.823076467 10455110.3996867 41544275.36445811 108339285.3247371 220128405.9435342 380855335.4542162 591775545.241345 854332726.7279502 1171484920.208746 1547400727.946355 1986305328.873609 2491219296.57199 9874398661.382812 10094164528.50299 10252019947.50861 10365987207.82663 10448856841.68475 10509605502.12406
 4.865136095908012e-009 199.4350660720958 1088746.823076467 10455110.3996867 41544275.36445811 108339285.3247371 220128405.9435342 380855335.4542162 591775545.241345 854332726.7279502 1171484920.208746 1547400727.946355 1986305328.873609 2491219296.57199 9874398661.382812 10094164528.50299 10252019947.50861 10365987207.82663 10448856841.68475 10509605502.12406
 2.012585517695181e-011 199.4350650793663 1088746.823076467 10455110.3996867 41544275.36445811 108339285.3247371 220128405.9435342 380855335.4542162 591775545.241345 854332726.7279502 1171484920.208746 1547400727.946355 1986305328.873609 2491219296.57199 9874398661.382812 10094164528.50299 10252019947.50861 10365987207.82663 10448856841.68475 10509605502.12406
 1.155058785436898e-009 199.4350652659181 1088746.823076467 10455110.3996867 41544275.36445811 108339285.3247371 220128405.9435342 380855335.4542162 591775545.241345 854332726.7279502 1171484920.208746 1547400727.946355 1986305328.873609 2491219296.57199 9874398661.382812 10094164528.50299 10252019947.50861 10365987207.82663 10448856841.68475 10509605502.12406
 7.196900943806797e-009 199.4350636693097 1088746.823076467 10455110.3996867 41544275.36445811 108339285.3247371 220128405.9435342 380855335.4542162 591775545.241345 854332726.7279502 1171484920.208746 1547400727.946355 1986305328.873609 2491219296.57199 9874398661.382812 10094164528.50299 10252019947.50861 10365987207.82663 10448856841.68475 10509605502.12406
 2.088881928852633e-009 199.4350637491243 1088746.823076467 10455110.3996867 41544275.36445811 108339285.3247371 220128405.9435342 380855335.4542162 591775545.241345 854332726.7279502 1171484920.208746 1547400727.946355 1986305328.873609 2491219296.57199 9874398661.382812 10094164528.50299 10252019947.50861 10365987207.82663 10448856841.68475 10509605502.12406
 7.752984003963384e-011 199.4350648597178 1088746.823076467 10455110.3996867 41544275.36445811 108339285.3247371 220128405.9435342 380855335.4542162 591775545.241345 854332726.7279502 1171484920.208746 1547400727.946355 1986305328.873609 2491219296.57199 9874398661.382812 10094164528.50299 10252019947.50861 10365987207.82663 10448856841.68475 10509605502.12406
 85376.52134229102 199.4350644602036 1088746.823076467 10455110.3996867 41544275.36445811 108339285.3247371 220128405.9435342 380855335.4542162 591775545.241345 854332726.7279502 1171484920.208746 1547400727.946355 1986305328.873609 2491219296.57199 9874398661.382812 10094164528.50299 10252019947.50861 10365987207.82663 10448856841.68475 10509605502.12406
 4448.526592931088 199.4350640527947 1088746.823076467 10455110.3996867 41544275.36445811 108339285.3247371 220128405.9435342 380855335.4542162 591775545.241345 854332726.7279502 1171484920.208746 1547400727.946355 1986305328.873609 2491219296.57199 9874398661.382812 10094164528.50299 10252019947.50861 10365987207.82663 10448856841.68475 10509605502.12406
 14506.94965995203 199.4350668444816 1088746.823076467 10455110.3996867 41544275.36445811 108339285.3247371 220128405.9435342 380855335.4542162 591775545.241345 854332726.7279502 1171484920.208746 1547400727.946355 1986305328.873609 2491219296.57199 9874398661.382812 10094164528.50299 10252019947.50861 10365987207.82663 10448856841.68475 10509605502.12406
 367.8362356371584 199.4350656419988 1088746.823076467 10455110.3996867 41544275.36445811 108339285.3247371 220128405.9435342 380855335.4542162 591775545.241345 854332726.7279502 1171484920.208746 1547400727.946355 1986305328.873609 2491219296.57199 9874398661.382812 10094164528.50299 10252019947.50861 10365987207.82663 10448856841.68475 10509605502.12406
