# Created by Octave 3.6.4, Sat Mar 08 07:56:11 2014 N. Central Asia Standard Time <unknown@OShulyakov>
# name: CloseTr
# type: matrix
# rows: 50
# columns: 20
 2.690620343961904e-010 305.2170108128199 2202615.097187473 19365423.13314098 72779485.97396542 184195692.4237108 369270005.0845994 635111037.5393089 980971121.4560373 1400283515.821308 1882906290.927854 2417085382.815495 2990923909.258979 3593225187.353126 9476160977.030493 9649162680.53278 9781222139.601612 9882957821.242609 9962136717.822151 10024429068.96023
 2.690620343961904e-010 305.2170108128199 2202615.097187473 19365423.13314098 72779485.97396542 184195692.4237108 369270005.0845994 635111037.5393089 980971121.4560373 1400283515.821308 1882906290.927854 2417085382.815495 2990923909.258979 3593225187.353126 9476160977.030493 9649162680.53278 9781222139.601612 9882957821.242609 9962136717.822151 10024429068.96023
 2.690620343961904e-010 305.2170108128199 2202615.097187473 19365423.13314098 72779485.97396542 184195692.4237108 369270005.0845994 635111037.5393089 980971121.4560373 1400283515.821308 1882906290.927854 2417085382.815495 2990923909.258979 3593225187.353126 9476160977.030493 9649162680.53278 9781222139.601612 9882957821.242609 9962136717.822151 10024429068.96023
 2.690620343961904e-010 305.2170108128199 2202615.097187473 19365423.13314098 72779485.97396542 184195692.4237108 369270005.0845994 635111037.5393089 980971121.4560373 1400283515.821308 1882906290.927854 2417085382.815495 2990923909.258979 3593225187.353126 9476160977.030493 9649162680.53278 9781222139.601612 9882957821.242609 9962136717.822151 10024429068.96023
 2.690620343961904e-010 305.2170108128199 2202615.097187473 19365423.13314098 72779485.97396542 184195692.4237108 369270005.0845994 635111037.5393089 980971121.4560373 1400283515.821308 1882906290.927854 2417085382.815495 2990923909.258979 3593225187.353126 9476160977.030493 9649162680.53278 9781222139.601612 9882957821.242609 9962136717.822151 10024429068.96023
 2.690620343961904e-010 305.2170108128199 2202615.097187473 19365423.13314098 72779485.97396542 184195692.4237108 369270005.0845994 635111037.5393089 980971121.4560373 1400283515.821308 1882906290.927854 2417085382.815495 2990923909.258979 3593225187.353126 9476160977.030493 9649162680.53278 9781222139.601612 9882957821.242609 9962136717.822151 10024429068.96023
 2.072701803873096e-010 305.2170108128307 2202615.097187473 19365423.13314098 72779485.97396542 184195692.4237108 369270005.0845994 635111037.5393089 980971121.4560373 1400283515.821308 1882906290.927854 2417085382.815495 2990923909.258979 3593225187.353126 9476160977.030493 9649162680.53278 9781222139.601612 9882957821.242609 9962136717.822151 10024429068.96023
 2.072701803873096e-010 305.2170108128307 2202615.097187473 19365423.13314098 72779485.97396542 184195692.4237108 369270005.0845994 635111037.5393089 980971121.4560373 1400283515.821308 1882906290.927854 2417085382.815495 2990923909.258979 3593225187.353126 9476160977.030493 9649162680.53278 9781222139.601612 9882957821.242609 9962136717.822151 10024429068.96023
 1.962353003336727e-009 305.2170108128388 2202615.097187473 19365423.13314098 72779485.97396542 184195692.4237108 369270005.0845994 635111037.5393089 980971121.4560373 1400283515.821308 1882906290.927854 2417085382.815495 2990923909.258979 3593225187.353126 9476160977.030493 9649162680.53278 9781222139.601612 9882957821.242609 9962136717.822151 10024429068.96023
 3.124395716190914e-010 305.2170108128305 2202615.097187473 19365423.13314098 72779485.97396542 184195692.4237108 369270005.0845994 635111037.5393089 980971121.4560373 1400283515.821308 1882906290.927854 2417085382.815495 2990923909.258979 3593225187.353126 9476160977.030493 9649162680.53278 9781222139.601612 9882957821.242609 9962136717.822151 10024429068.96023
 2.228727803837424e-009 305.2170108128327 2202615.097187473 19365423.13314098 72779485.97396542 184195692.4237108 369270005.0845994 635111037.5393089 980971121.4560373 1400283515.821308 1882906290.927854 2417085382.815495 2990923909.258979 3593225187.353126 9476160977.030493 9649162680.53278 9781222139.601612 9882957821.242609 9962136717.822151 10024429068.96023
 1.250720732317851e-008 305.2170108128137 2202615.097187473 19365423.13314098 72779485.97396542 184195692.4237108 369270005.0845994 635111037.5393089 980971121.4560373 1400283515.821308 1882906290.927854 2417085382.815495 2990923909.258979 3593225187.353126 9476160977.030493 9649162680.53278 9781222139.601612 9882957821.242609 9962136717.822151 10024429068.96023
 3.676194139208059e-011 305.2170108128036 2202615.097187473 19365423.13314098 72779485.97396542 184195692.4237108 369270005.0845994 635111037.5393089 980971121.4560373 1400283515.821308 1882906290.927854 2417085382.815495 2990923909.258979 3593225187.353126 9476160977.030493 9649162680.53278 9781222139.601612 9882957821.242609 9962136717.822151 10024429068.96023
 2.862909758591088e-009 305.2170108128253 2202615.097187473 19365423.13314098 72779485.97396542 184195692.4237108 369270005.0845994 635111037.5393089 980971121.4560373 1400283515.821308 1882906290.927854 2417085382.815495 2990923909.258979 3593225187.353126 9476160977.030493 9649162680.53278 9781222139.601612 9882957821.242609 9962136717.822151 10024429068.96023
 1.848600793443306e-008 305.2170108128662 2202615.097187473 19365423.13314098 72779485.97396542 184195692.4237108 369270005.0845994 635111037.5393089 980971121.4560373 1400283515.821308 1882906290.927854 2417085382.815495 2990923909.258979 3593225187.353126 9476160977.030493 9649162680.53278 9781222139.601612 9882957821.242609 9962136717.822151 10024429068.96023
 5.184547700393026e-009 305.2170108128736 2202615.097187473 19365423.13314098 72779485.97396542 184195692.4237108 369270005.0845994 635111037.5393089 980971121.4560373 1400283515.821308 1882906290.927854 2417085382.815495 2990923909.258979 3593225187.353126 9476160977.030493 9649162680.53278 9781222139.601612 9882957821.242609 9962136717.822151 10024429068.96023
 8.319430855481108e-011 305.2170108126181 2202615.097187473 19365423.13314098 72779485.97396542 184195692.4237108 369270005.0845994 635111037.5393089 980971121.4560373 1400283515.821308 1882906290.927854 2417085382.815495 2990923909.258979 3593225187.353126 9476160977.030493 9649162680.53278 9781222139.601612 9882957821.242609 9962136717.822151 10024429068.96023
 85206.51127108792 305.2170108126267 2202615.097187473 19365423.13314098 72779485.97396542 184195692.4237108 369270005.0845994 635111037.5393089 980971121.4560373 1400283515.821308 1882906290.927854 2417085382.815495 2990923909.258979 3593225187.353126 9476160977.030493 9649162680.53278 9781222139.601612 9882957821.242609 9962136717.822151 10024429068.96023
 4436.650049641537 305.2170108126577 2202615.097187473 19365423.13314098 72779485.97396542 184195692.4237108 369270005.0845994 635111037.5393089 980971121.4560373 1400283515.821308 1882906290.927854 2417085382.815495 2990923909.258979 3593225187.353126 9476160977.030493 9649162680.53278 9781222139.601612 9882957821.242609 9962136717.822151 10024429068.96023
 14479.97422076748 305.2170108136111 2202615.097187473 19365423.13314098 72779485.97396542 184195692.4237108 369270005.0845994 635111037.5393089 980971121.4560373 1400283515.821308 1882906290.927854 2417085382.815495 2990923909.258979 3593225187.353126 9476160977.030493 9649162680.53278 9781222139.601612 9882957821.242609 9962136717.822151 10024429068.96023
 367.6134774653679 305.217010813606 2202615.097187473 19365423.13314098 72779485.97396542 184195692.4237108 369270005.0845994 635111037.5393089 980971121.4560373 1400283515.821308 1882906290.927854 2417085382.815495 2990923909.258979 3593225187.353126 9476160977.030493 9649162680.53278 9781222139.601612 9882957821.242609 9962136717.822151 10024429068.96023
