# Created by Octave 3.6.4, Sat Mar 08 07:56:11 2014 N. Central Asia Standard Time <unknown@OShulyakov>
# name: LowTr
# type: matrix
# rows: 50
# columns: 20
 2.56660968063351e-009 327.8995394226378 2173980.620753609 19200244.81901517 72271672.76270737 183060419.0331111 367183434.3092029 631748419.8078105 976031903.5820527 1393502747.707895 1874057006.862986 2405977186.674815 2977401019.612681 3577165245.263455 9434935445.068239 9607059634.739573 9738445167.972086 9839660783.200293 9918435584.139233 9980411321.41481
 2.56660968063351e-009 327.8995394226378 2173980.620753609 19200244.81901517 72271672.76270737 183060419.0331111 367183434.3092029 631748419.8078105 976031903.5820527 1393502747.707895 1874057006.862986 2405977186.674815 2977401019.612681 3577165245.263455 9434935445.068239 9607059634.739573 9738445167.972086 9839660783.200293 9918435584.139233 9980411321.41481
 2.56660968063351e-009 327.8995394226378 2173980.620753609 19200244.81901517 72271672.76270737 183060419.0331111 367183434.3092029 631748419.8078105 976031903.5820527 1393502747.707895 1874057006.862986 2405977186.674815 2977401019.612681 3577165245.263455 9434935445.068239 9607059634.739573 9738445167.972086 9839660783.200293 9918435584.139233 9980411321.41481
 2.56660968063351e-009 327.8995394226378 2173980.620753609 19200244.81901517 72271672.76270737 183060419.0331111 367183434.3092029 631748419.8078105 976031903.5820527 1393502747.707895 1874057006.862986 2405977186.674815 2977401019.612681 3577165245.263455 9434935445.068239 9607059634.739573 9738445167.972086 9839660783.200293 9918435584.139233 9980411321.41481
 2.56660968063351e-009 327.8995394226378 2173980.620753609 19200244.81901517 72271672.76270737 183060419.0331111 367183434.3092029 631748419.8078105 976031903.5820527 1393502747.707895 1874057006.862986 2405977186.674815 2977401019.612681 3577165245.263455 9434935445.068239 9607059634.739573 9738445167.972086 9839660783.200293 9918435584.139233 9980411321.41481
 2.56660968063351e-009 327.8995394226378 2173980.620753609 19200244.81901517 72271672.76270737 183060419.0331111 367183434.3092029 631748419.8078105 976031903.5820527 1393502747.707895 1874057006.862986 2405977186.674815 2977401019.612681 3577165245.263455 9434935445.068239 9607059634.739573 9738445167.972086 9839660783.200293 9918435584.139233 9980411321.41481
 5.721583099217678e-010 327.8995394226015 2173980.620753609 19200244.81901517 72271672.76270737 183060419.0331111 367183434.3092029 631748419.8078105 976031903.5820527 1393502747.707895 1874057006.862986 2405977186.674815 2977401019.612681 3577165245.263455 9434935445.068239 9607059634.739573 9738445167.972086 9839660783.200293 9918435584.139233 9980411321.41481
 5.721583099217678e-010 327.8995394226015 2173980.620753609 19200244.81901517 72271672.76270737 183060419.0331111 367183434.3092029 631748419.8078105 976031903.5820527 1393502747.707895 1874057006.862986 2405977186.674815 2977401019.612681 3577165245.263455 9434935445.068239 9607059634.739573 9738445167.972086 9839660783.200293 9918435584.139233 9980411321.41481
 6.680313239097959e-009 327.8995394225972 2173980.620753609 19200244.81901517 72271672.76270737 183060419.0331111 367183434.3092029 631748419.8078105 976031903.5820527 1393502747.707895 1874057006.862986 2405977186.674815 2977401019.612681 3577165245.263455 9434935445.068239 9607059634.739573 9738445167.972086 9839660783.200293 9918435584.139233 9980411321.41481
 4.993912221942283e-010 327.8995394226314 2173980.620753609 19200244.81901517 72271672.76270737 183060419.0331111 367183434.3092029 631748419.8078105 976031903.5820527 1393502747.707895 1874057006.862986 2405977186.674815 2977401019.612681 3577165245.263455 9434935445.068239 9607059634.739573 9738445167.972086 9839660783.200293 9918435584.139233 9980411321.41481
 1.64603470599719e-008 327.8995394226171 2173980.620753609 19200244.81901517 72271672.76270737 183060419.0331111 367183434.3092029 631748419.8078105 976031903.5820527 1393502747.707895 1874057006.862986 2405977186.674815 2977401019.612681 3577165245.263455 9434935445.068239 9607059634.739573 9738445167.972086 9839660783.200293 9918435584.139233 9980411321.41481
 3.109850723800228e-010 327.8995394226306 2173980.620753609 19200244.81901517 72271672.76270737 183060419.0331111 367183434.3092029 631748419.8078105 976031903.5820527 1393502747.707895 1874057006.862986 2405977186.674815 2977401019.612681 3577165245.263455 9434935445.068239 9607059634.739573 9738445167.972086 9839660783.200293 9918435584.139233 9980411321.41481
 1.02085403922006e-009 327.8995394226381 2173980.620753609 19200244.81901517 72271672.76270737 183060419.0331111 367183434.3092029 631748419.8078105 976031903.5820527 1393502747.707895 1874057006.862986 2405977186.674815 2977401019.612681 3577165245.263455 9434935445.068239 9607059634.739573 9738445167.972086 9839660783.200293 9918435584.139233 9980411321.41481
 5.465630906979929e-009 327.8995394226322 2173980.620753609 19200244.81901517 72271672.76270737 183060419.0331111 367183434.3092029 631748419.8078105 976031903.5820527 1393502747.707895 1874057006.862986 2405977186.674815 2977401019.612681 3577165245.263455 9434935445.068239 9607059634.739573 9738445167.972086 9839660783.200293 9918435584.139233 9980411321.41481
 2.310578435979287e-009 327.8995394226772 2173980.620753609 19200244.81901517 72271672.76270737 183060419.0331111 367183434.3092029 631748419.8078105 976031903.5820527 1393502747.707895 1874057006.862986 2405977186.674815 2977401019.612681 3577165245.263455 9434935445.068239 9607059634.739573 9738445167.972086 9839660783.200293 9918435584.139233 9980411321.41481
 8.056296586463434e-008 327.89953942267 2173980.620753609 19200244.81901517 72271672.76270737 183060419.0331111 367183434.3092029 631748419.8078105 976031903.5820527 1393502747.707895 1874057006.862986 2405977186.674815 2977401019.612681 3577165245.263455 9434935445.068239 9607059634.739573 9738445167.972086 9839660783.200293 9918435584.139233 9980411321.41481
 1.439174908753758e-008 327.8995394226325 2173980.620753609 19200244.81901517 72271672.76270737 183060419.0331111 367183434.3092029 631748419.8078105 976031903.5820527 1393502747.707895 1874057006.862986 2405977186.674815 2977401019.612681 3577165245.263455 9434935445.068239 9607059634.739573 9738445167.972086 9839660783.200293 9918435584.139233 9980411321.41481
 84834.61541382209 327.8995394226539 2173980.620753609 19200244.81901517 72271672.76270737 183060419.0331111 367183434.3092029 631748419.8078105 976031903.5820527 1393502747.707895 1874057006.862986 2405977186.674815 2977401019.612681 3577165245.263455 9434935445.068239 9607059634.739573 9738445167.972086 9839660783.200293 9918435584.139233 9980411321.41481
 4417.125172964321 327.8995394226126 2173980.620753609 19200244.81901517 72271672.76270737 183060419.0331111 367183434.3092029 631748419.8078105 976031903.5820527 1393502747.707895 1874057006.862986 2405977186.674815 2977401019.612681 3577165245.263455 9434935445.068239 9607059634.739573 9738445167.972086 9839660783.200293 9918435584.139233 9980411321.41481
 14416.44192103615 327.8995394184755 2173980.620753609 19200244.81901517 72271672.76270737 183060419.0331111 367183434.3092029 631748419.8078105 976031903.5820527 1393502747.707895 1874057006.862986 2405977186.674815 2977401019.612681 3577165245.263455 9434935445.068239 9607059634.739573 9738445167.972086 9839660783.200293 9918435584.139233 9980411321.41481
 365.9956430119056 327.8995394184656 2173980.620753609 19200244.81901517 72271672.76270737 183060419.0331111 367183434.3092029 631748419.8078105 976031903.5820527 1393502747.707895 1874057006.862986 2405977186.674815 2977401019.612681 3577165245.263455 9434935445.068239 9607059634.739573 9738445167.972086 9839660783.200293 9918435584.139233 9980411321.41481
