# Created by Octave 3.6.4, Sat Mar 08 07:56:11 2014 N. Central Asia Standard Time <unknown@OShulyakov>
# name: LowTst
# type: matrix
# rows: 50
# columns: 20
 1.094490131194365e-009 192.7844103310054 1069399.654678006 10323535.29318887 41094143.6563471 107261855.710483 218064251.0882417 377453304.1743894 586734274.9921072 847415882.3083063 1162512694.164573 1536227350.693525 1972794655.706763 2475227576.782056 9827639549.363714 10046415654.61746 10203567798.10711 10317033792.90734 10399544024.65752 10460033027.6949
 1.094490131194365e-009 192.7844103310054 1069399.654678006 10323535.29318887 41094143.6563471 107261855.710483 218064251.0882417 377453304.1743894 586734274.9921072 847415882.3083063 1162512694.164573 1536227350.693525 1972794655.706763 2475227576.782056 9827639549.363714 10046415654.61746 10203567798.10711 10317033792.90734 10399544024.65752 10460033027.6949
 1.094490131194365e-009 192.7844103310054 1069399.654678006 10323535.29318887 41094143.6563471 107261855.710483 218064251.0882417 377453304.1743894 586734274.9921072 847415882.3083063 1162512694.164573 1536227350.693525 1972794655.706763 2475227576.782056 9827639549.363714 10046415654.61746 10203567798.10711 10317033792.90734 10399544024.65752 10460033027.6949
 1.094490131194365e-009 192.7844103310054 1069399.654678006 10323535.29318887 41094143.6563471 107261855.710483 218064251.0882417 377453304.1743894 586734274.9921072 847415882.3083063 1162512694.164573 1536227350.693525 1972794655.706763 2475227576.782056 9827639549.363714 10046415654.61746 10203567798.10711 10317033792.90734 10399544024.65752 10460033027.6949
 1.094490131194365e-009 192.7844103310054 1069399.654678006 10323535.29318887 41094143.6563471 107261855.710483 218064251.0882417 377453304.1743894 586734274.9921072 847415882.3083063 1162512694.164573 1536227350.693525 1972794655.706763 2475227576.782056 9827639549.363714 10046415654.61746 10203567798.10711 10317033792.90734 10399544024.65752 10460033027.6949
 1.094490131194365e-009 192.7844103310054 1069399.654678006 10323535.29318887 41094143.6563471 107261855.710483 218064251.0882417 377453304.1743894 586734274.9921072 847415882.3083063 1162512694.164573 1536227350.693525 1972794655.706763 2475227576.782056 9827639549.363714 10046415654.61746 10203567798.10711 10317033792.90734 10399544024.65752 10460033027.6949
 2.32672721609945e-010 192.7844238327042 1069399.654678006 10323535.29318887 41094143.6563471 107261855.710483 218064251.0882417 377453304.1743894 586734274.9921072 847415882.3083063 1162512694.164573 1536227350.693525 1972794655.706763 2475227576.782056 9827639549.363714 10046415654.61746 10203567798.10711 10317033792.90734 10399544024.65752 10460033027.6949
 2.32672721609945e-010 192.7844238327042 1069399.654678006 10323535.29318887 41094143.6563471 107261855.710483 218064251.0882417 377453304.1743894 586734274.9921072 847415882.3083063 1162512694.164573 1536227350.693525 1972794655.706763 2475227576.782056 9827639549.363714 10046415654.61746 10203567798.10711 10317033792.90734 10399544024.65752 10460033027.6949
 2.599280213502394e-009 192.7844074304001 1069399.654678006 10323535.29318887 41094143.6563471 107261855.710483 218064251.0882417 377453304.1743894 586734274.9921072 847415882.3083063 1162512694.164573 1536227350.693525 1972794655.706763 2475227576.782056 9827639549.363714 10046415654.61746 10203567798.10711 10317033792.90734 10399544024.65752 10460033027.6949
 2.265891208547842e-010 192.7843979219633 1069399.654678006 10323535.29318887 41094143.6563471 107261855.710483 218064251.0882417 377453304.1743894 586734274.9921072 847415882.3083063 1162512694.164573 1536227350.693525 1972794655.706763 2475227576.782056 9827639549.363714 10046415654.61746 10203567798.10711 10317033792.90734 10399544024.65752 10460033027.6949
 6.402056453677824e-009 192.7844023642786 1069399.654678006 10323535.29318887 41094143.6563471 107261855.710483 218064251.0882417 377453304.1743894 586734274.9921072 847415882.3083063 1162512694.164573 1536227350.693525 1972794655.706763 2475227576.782056 9827639549.363714 10046415654.61746 10203567798.10711 10317033792.90734 10399544024.65752 10460033027.6949
 1.235260725832551e-010 192.7844133459453 1069399.654678006 10323535.29318887 41094143.6563471 107261855.710483 218064251.0882417 377453304.1743894 586734274.9921072 847415882.3083063 1162512694.164573 1536227350.693525 1972794655.706763 2475227576.782056 9827639549.363714 10046415654.61746 10203567798.10711 10317033792.90734 10399544024.65752 10460033027.6949
 4.004772900642548e-010 192.7843992620917 1069399.654678006 10323535.29318887 41094143.6563471 107261855.710483 218064251.0882417 377453304.1743894 586734274.9921072 847415882.3083063 1162512694.164573 1536227350.693525 1972794655.706763 2475227576.782056 9827639549.363714 10046415654.61746 10203567798.10711 10317033792.90734 10399544024.65752 10460033027.6949
 2.171503422602826e-009 192.7844013102974 1069399.654678006 10323535.29318887 41094143.6563471 107261855.710483 218064251.0882417 377453304.1743894 586734274.9921072 847415882.3083063 1162512694.164573 1536227350.693525 1972794655.706763 2475227576.782056 9827639549.363714 10046415654.61746 10203567798.10711 10317033792.90734 10399544024.65752 10460033027.6949
 8.998866810602354e-010 192.7843781303518 1069399.654678006 10323535.29318887 41094143.6563471 107261855.710483 218064251.0882417 377453304.1743894 586734274.9921072 847415882.3083063 1162512694.164573 1536227350.693525 1972794655.706763 2475227576.782056 9827639549.363714 10046415654.61746 10203567798.10711 10317033792.90734 10399544024.65752 10460033027.6949
 3.149834986271884e-008 192.7843780623701 1069399.654678006 10323535.29318887 41094143.6563471 107261855.710483 218064251.0882417 377453304.1743894 586734274.9921072 847415882.3083063 1162512694.164573 1536227350.693525 1972794655.706763 2475227576.782056 9827639549.363714 10046415654.61746 10203567798.10711 10317033792.90734 10399544024.65752 10460033027.6949
 5.633155393456087e-009 192.7843943489869 1069399.654678006 10323535.29318887 41094143.6563471 107261855.710483 218064251.0882417 377453304.1743894 586734274.9921072 847415882.3083063 1162512694.164573 1536227350.693525 1972794655.706763 2475227576.782056 9827639549.363714 10046415654.61746 10203567798.10711 10317033792.90734 10399544024.65752 10460033027.6949
 85003.88513471928 192.7843907264991 1069399.654678006 10323535.29318887 41094143.6563471 107261855.710483 218064251.0882417 377453304.1743894 586734274.9921072 847415882.3083063 1162512694.164573 1536227350.693525 1972794655.706763 2475227576.782056 9827639549.363714 10046415654.61746 10203567798.10711 10317033792.90734 10399544024.65752 10460033027.6949
 4428.949368838745 192.784384559982 1069399.654678006 10323535.29318887 41094143.6563471 107261855.710483 218064251.0882417 377453304.1743894 586734274.9921072 847415882.3083063 1162512694.164573 1536227350.693525 1972794655.706763 2475227576.782056 9827639549.363714 10046415654.61746 10203567798.10711 10317033792.90734 10399544024.65752 10460033027.6949
 14443.29933879368 192.7844257504584 1069399.654678006 10323535.29318887 41094143.6563471 107261855.710483 218064251.0882417 377453304.1743894 586734274.9921072 847415882.3083063 1162512694.164573 1536227350.693525 1972794655.706763 2475227576.782056 9827639549.363714 10046415654.61746 10203567798.10711 10317033792.90734 10399544024.65752 10460033027.6949
 366.2174697481628 192.7844041202146 1069399.654678006 10323535.29318887 41094143.6563471 107261855.710483 218064251.0882417 377453304.1743894 586734274.9921072 847415882.3083063 1162512694.164573 1536227350.693525 1972794655.706763 2475227576.782056 9827639549.363714 10046415654.61746 10203567798.10711 10317033792.90734 10399544024.65752 10460033027.6949
