# Created by Octave 3.6.4, Sat Mar 08 07:56:11 2014 N. Central Asia Standard Time <unknown@OShulyakov>
# name: OpenTr
# type: matrix
# rows: 50
# columns: 20
 4.300107159385105e-009 356.3126983933708 2202511.67758253 19366487.15901309 72786211.82535252 184215601.7624214 369312166.19708 635183874.993171 981079966.2859187 1400428677.400645 1883082630.714484 2417283682.471385 2991133297.866758 3593435523.039665 9476325951.429863 9649349376.488953 9781432461.378733 9883191565.929457 9962392469.20698 10024704835.13271
 4.300107159385105e-009 356.3126983933708 2202511.67758253 19366487.15901309 72786211.82535252 184215601.7624214 369312166.19708 635183874.993171 981079966.2859187 1400428677.400645 1883082630.714484 2417283682.471385 2991133297.866758 3593435523.039665 9476325951.429863 9649349376.488953 9781432461.378733 9883191565.929457 9962392469.20698 10024704835.13271
 4.300107159385105e-009 356.3126983933708 2202511.67758253 19366487.15901309 72786211.82535252 184215601.7624214 369312166.19708 635183874.993171 981079966.2859187 1400428677.400645 1883082630.714484 2417283682.471385 2991133297.866758 3593435523.039665 9476325951.429863 9649349376.488953 9781432461.378733 9883191565.929457 9962392469.20698 10024704835.13271
 4.300107159385105e-009 356.3126983933708 2202511.67758253 19366487.15901309 72786211.82535252 184215601.7624214 369312166.19708 635183874.993171 981079966.2859187 1400428677.400645 1883082630.714484 2417283682.471385 2991133297.866758 3593435523.039665 9476325951.429863 9649349376.488953 9781432461.378733 9883191565.929457 9962392469.20698 10024704835.13271
 4.300107159385105e-009 356.3126983933708 2202511.67758253 19366487.15901309 72786211.82535252 184215601.7624214 369312166.19708 635183874.993171 981079966.2859187 1400428677.400645 1883082630.714484 2417283682.471385 2991133297.866758 3593435523.039665 9476325951.429863 9649349376.488953 9781432461.378733 9883191565.929457 9962392469.20698 10024704835.13271
 4.300107159385105e-009 356.3126983933708 2202511.67758253 19366487.15901309 72786211.82535252 184215601.7624214 369312166.19708 635183874.993171 981079966.2859187 1400428677.400645 1883082630.714484 2417283682.471385 2991133297.866758 3593435523.039665 9476325951.429863 9649349376.488953 9781432461.378733 9883191565.929457 9962392469.20698 10024704835.13271
 4.765688605716132e-010 356.3126983933221 2202511.67758253 19366487.15901309 72786211.82535252 184215601.7624214 369312166.19708 635183874.993171 981079966.2859187 1400428677.400645 1883082630.714484 2417283682.471385 2991133297.866758 3593435523.039665 9476325951.429863 9649349376.488953 9781432461.378733 9883191565.929457 9962392469.20698 10024704835.13271
 4.765688605716132e-010 356.3126983933221 2202511.67758253 19366487.15901309 72786211.82535252 184215601.7624214 369312166.19708 635183874.993171 981079966.2859187 1400428677.400645 1883082630.714484 2417283682.471385 2991133297.866758 3593435523.039665 9476325951.429863 9649349376.488953 9781432461.378733 9883191565.929457 9962392469.20698 10024704835.13271
 3.907432827462767e-009 356.3126983933379 2202511.67758253 19366487.15901309 72786211.82535252 184215601.7624214 369312166.19708 635183874.993171 981079966.2859187 1400428677.400645 1883082630.714484 2417283682.471385 2991133297.866758 3593435523.039665 9476325951.429863 9649349376.488953 9781432461.378733 9883191565.929457 9962392469.20698 10024704835.13271
 2.532980944074635e-009 356.3126983933519 2202511.67758253 19366487.15901309 72786211.82535252 184215601.7624214 369312166.19708 635183874.993171 981079966.2859187 1400428677.400645 1883082630.714484 2417283682.471385 2991133297.866758 3593435523.039665 9476325951.429863 9649349376.488953 9781432461.378733 9883191565.929457 9962392469.20698 10024704835.13271
 3.295544392461769e-009 356.3126983933789 2202511.67758253 19366487.15901309 72786211.82535252 184215601.7624214 369312166.19708 635183874.993171 981079966.2859187 1400428677.400645 1883082630.714484 2417283682.471385 2991133297.866758 3593435523.039665 9476325951.429863 9649349376.488953 9781432461.378733 9883191565.929457 9962392469.20698 10024704835.13271
 2.850371677797087e-009 356.312698393322 2202511.67758253 19366487.15901309 72786211.82535252 184215601.7624214 369312166.19708 635183874.993171 981079966.2859187 1400428677.400645 1883082630.714484 2417283682.471385 2991133297.866758 3593435523.039665 9476325951.429863 9649349376.488953 9781432461.378733 9883191565.929457 9962392469.20698 10024704835.13271
 5.812513850893803e-009 356.3126983933557 2202511.67758253 19366487.15901309 72786211.82535252 184215601.7624214 369312166.19708 635183874.993171 981079966.2859187 1400428677.400645 1883082630.714484 2417283682.471385 2991133297.866758 3593435523.039665 9476325951.429863 9649349376.488953 9781432461.378733 9883191565.929457 9962392469.20698 10024704835.13271
 3.38629239139399e-009 356.3126983933785 2202511.67758253 19366487.15901309 72786211.82535252 184215601.7624214 369312166.19708 635183874.993171 981079966.2859187 1400428677.400645 1883082630.714484 2417283682.471385 2991133297.866758 3593435523.039665 9476325951.429863 9649349376.488953 9781432461.378733 9883191565.929457 9962392469.20698 10024704835.13271
 6.908634097214812e-009 356.3126983933869 2202511.67758253 19366487.15901309 72786211.82535252 184215601.7624214 369312166.19708 635183874.993171 981079966.2859187 1400428677.400645 1883082630.714484 2417283682.471385 2991133297.866758 3593435523.039665 9476325951.429863 9649349376.488953 9781432461.378733 9883191565.929457 9962392469.20698 10024704835.13271
 5.335842058933135e-009 356.3126983934123 2202511.67758253 19366487.15901309 72786211.82535252 184215601.7624214 369312166.19708 635183874.993171 981079966.2859187 1400428677.400645 1883082630.714484 2417283682.471385 2991133297.866758 3593435523.039665 9476325951.429863 9649349376.488953 9781432461.378733 9883191565.929457 9962392469.20698 10024704835.13271
 6.226606729965515e-009 356.312698393559 2202511.67758253 19366487.15901309 72786211.82535252 184215601.7624214 369312166.19708 635183874.993171 981079966.2859187 1400428677.400645 1883082630.714484 2417283682.471385 2991133297.866758 3593435523.039665 9476325951.429863 9649349376.488953 9781432461.378733 9883191565.929457 9962392469.20698 10024704835.13271
 85207.16044488485 356.3126983935682 2202511.67758253 19366487.15901309 72786211.82535252 184215601.7624214 369312166.19708 635183874.993171 981079966.2859187 1400428677.400645 1883082630.714484 2417283682.471385 2991133297.866758 3593435523.039665 9476325951.429863 9649349376.488953 9781432461.378733 9883191565.929457 9962392469.20698 10024704835.13271
 4436.485242690422 356.3126983935622 2202511.67758253 19366487.15901309 72786211.82535252 184215601.7624214 369312166.19708 635183874.993171 981079966.2859187 1400428677.400645 1883082630.714484 2417283682.471385 2991133297.866758 3593435523.039665 9476325951.429863 9649349376.488953 9781432461.378733 9883191565.929457 9962392469.20698 10024704835.13271
 14480.34183270391 356.3126983926304 2202511.67758253 19366487.15901309 72786211.82535252 184215601.7624214 369312166.19708 635183874.993171 981079966.2859187 1400428677.400645 1883082630.714484 2417283682.471385 2991133297.866758 3593435523.039665 9476325951.429863 9649349376.488953 9781432461.378733 9883191565.929457 9962392469.20698 10024704835.13271
 367.6354047384802 356.312698392658 2202511.67758253 19366487.15901309 72786211.82535252 184215601.7624214 369312166.19708 635183874.993171 981079966.2859187 1400428677.400645 1883082630.714484 2417283682.471385 2991133297.866758 3593435523.039665 9476325951.429863 9649349376.488953 9781432461.378733 9883191565.929457 9962392469.20698 10024704835.13271
