# Created by Octave 3.6.4, Sat Mar 08 07:56:11 2014 N. Central Asia Standard Time <unknown@OShulyakov>
# name: OpenCv
# type: matrix
# rows: 50
# columns: 20
 2.977096422892668e-008 2238.857164285312 18675770.88269285 133506241.8441795 419029384.9619292 943379532.6712511 1828363060.134089 3290285005.029914 5640567273.401042 9269895198.002979 14632252391.65211 22223293424.9963 32533460927.80383 45954030407.28609 11027626038.75065 10469012349.17999 10221031540.71777 10194835938.2984 10327795478.1602 10577183201.43554
 2.977096422892668e-008 2238.857164285312 18675770.88269285 133506241.8441795 419029384.9619292 943379532.6712511 1828363060.134089 3290285005.029914 5640567273.401042 9269895198.002979 14632252391.65211 22223293424.9963 32533460927.80383 45954030407.28609 11027626038.75065 10469012349.17999 10221031540.71777 10194835938.2984 10327795478.1602 10577183201.43554
 2.977096422892668e-008 2238.857164285312 18675770.88269285 133506241.8441795 419029384.9619292 943379532.6712511 1828363060.134089 3290285005.029914 5640567273.401042 9269895198.002979 14632252391.65211 22223293424.9963 32533460927.80383 45954030407.28609 11027626038.75065 10469012349.17999 10221031540.71777 10194835938.2984 10327795478.1602 10577183201.43554
 2.977096422892668e-008 2238.857164285312 18675770.88269285 133506241.8441795 419029384.9619292 943379532.6712511 1828363060.134089 3290285005.029914 5640567273.401042 9269895198.002979 14632252391.65211 22223293424.9963 32533460927.80383 45954030407.28609 11027626038.75065 10469012349.17999 10221031540.71777 10194835938.2984 10327795478.1602 10577183201.43554
 2.977096422892668e-008 2238.857164285312 18675770.88269285 133506241.8441795 419029384.9619292 943379532.6712511 1828363060.134089 3290285005.029914 5640567273.401042 9269895198.002979 14632252391.65211 22223293424.9963 32533460927.80383 45954030407.28609 11027626038.75065 10469012349.17999 10221031540.71777 10194835938.2984 10327795478.1602 10577183201.43554
 2.977096422892668e-008 2238.857164285312 18675770.88269285 133506241.8441795 419029384.9619292 943379532.6712511 1828363060.134089 3290285005.029914 5640567273.401042 9269895198.002979 14632252391.65211 22223293424.9963 32533460927.80383 45954030407.28609 11027626038.75065 10469012349.17999 10221031540.71777 10194835938.2984 10327795478.1602 10577183201.43554
 3.355869010999183e-009 2238.85715657037 18675770.88269285 133506241.8441795 419029384.9619292 943379532.6712511 1828363060.134089 3290285005.029914 5640567273.401042 9269895198.002979 14632252391.65211 22223293424.9963 32533460927.80383 45954030407.28609 11027626038.75065 10469012349.17999 10221031540.71777 10194835938.2984 10327795478.1602 10577183201.43554
 3.355869010999183e-009 2238.85715657037 18675770.88269285 133506241.8441795 419029384.9619292 943379532.6712511 1828363060.134089 3290285005.029914 5640567273.401042 9269895198.002979 14632252391.65211 22223293424.9963 32533460927.80383 45954030407.28609 11027626038.75065 10469012349.17999 10221031540.71777 10194835938.2984 10327795478.1602 10577183201.43554
 3.393872873481791e-008 2238.857165694138 18675770.88269285 133506241.8441795 419029384.9619292 943379532.6712511 1828363060.134089 3290285005.029914 5640567273.401042 9269895198.002979 14632252391.65211 22223293424.9963 32533460927.80383 45954030407.28609 11027626038.75065 10469012349.17999 10221031540.71777 10194835938.2984 10327795478.1602 10577183201.43554
 2.313537071304186e-008 2238.857170282859 18675770.88269285 133506241.8441795 419029384.9619292 943379532.6712511 1828363060.134089 3290285005.029914 5640567273.401042 9269895198.002979 14632252391.65211 22223293424.9963 32533460927.80383 45954030407.28609 11027626038.75065 10469012349.17999 10221031540.71777 10194835938.2984 10327795478.1602 10577183201.43554
 2.853225207431151e-008 2238.857168016573 18675770.88269285 133506241.8441795 419029384.9619292 943379532.6712511 1828363060.134089 3290285005.029914 5640567273.401042 9269895198.002979 14632252391.65211 22223293424.9963 32533460927.80383 45954030407.28609 11027626038.75065 10469012349.17999 10221031540.71777 10194835938.2984 10327795478.1602 10577183201.43554
 2.431356353764445e-008 2238.857161891108 18675770.88269285 133506241.8441795 419029384.9619292 943379532.6712511 1828363060.134089 3290285005.029914 5640567273.401042 9269895198.002979 14632252391.65211 22223293424.9963 32533460927.80383 45954030407.28609 11027626038.75065 10469012349.17999 10221031540.71777 10194835938.2984 10327795478.1602 10577183201.43554
 4.990320527651431e-008 2238.857170121441 18675770.88269285 133506241.8441795 419029384.9619292 943379532.6712511 1828363060.134089 3290285005.029914 5640567273.401042 9269895198.002979 14632252391.65211 22223293424.9963 32533460927.80383 45954030407.28609 11027626038.75065 10469012349.17999 10221031540.71777 10194835938.2984 10327795478.1602 10577183201.43554
 2.496656730939621e-008 2238.857169215271 18675770.88269285 133506241.8441795 419029384.9619292 943379532.6712511 1828363060.134089 3290285005.029914 5640567273.401042 9269895198.002979 14632252391.65211 22223293424.9963 32533460927.80383 45954030407.28609 11027626038.75065 10469012349.17999 10221031540.71777 10194835938.2984 10327795478.1602 10577183201.43554
 5.701969082092749e-008 2238.857183057065 18675770.88269285 133506241.8441795 419029384.9619292 943379532.6712511 1828363060.134089 3290285005.029914 5640567273.401042 9269895198.002979 14632252391.65211 22223293424.9963 32533460927.80383 45954030407.28609 11027626038.75065 10469012349.17999 10221031540.71777 10194835938.2984 10327795478.1602 10577183201.43554
 3.936451264142038e-008 2238.857183735288 18675770.88269285 133506241.8441795 419029384.9619292 943379532.6712511 1828363060.134089 3290285005.029914 5640567273.401042 9269895198.002979 14632252391.65211 22223293424.9963 32533460927.80383 45954030407.28609 11027626038.75065 10469012349.17999 10221031540.71777 10194835938.2984 10327795478.1602 10577183201.43554
 5.6028731527419e-008 2238.857171337867 18675770.88269285 133506241.8441795 419029384.9619292 943379532.6712511 1828363060.134089 3290285005.029914 5640567273.401042 9269895198.002979 14632252391.65211 22223293424.9963 32533460927.80383 45954030407.28609 11027626038.75065 10469012349.17999 10221031540.71777 10194835938.2984 10327795478.1602 10577183201.43554
 135288.9814463229 2238.857174865248 18675770.88269285 133506241.8441795 419029384.9619292 943379532.6712511 1828363060.134089 3290285005.029914 5640567273.401042 9269895198.002979 14632252391.65211 22223293424.9963 32533460927.80383 45954030407.28609 11027626038.75065 10469012349.17999 10221031540.71777 10194835938.2984 10327795478.1602 10577183201.43554
 7032.989250365063 2238.85717874886 18675770.88269285 133506241.8441795 419029384.9619292 943379532.6712511 1828363060.134089 3290285005.029914 5640567273.401042 9269895198.002979 14632252391.65211 22223293424.9963 32533460927.80383 45954030407.28609 11027626038.75065 10469012349.17999 10221031540.71777 10194835938.2984 10327795478.1602 10577183201.43554
 22996.94701833259 2238.857148446194 18675770.88269285 133506241.8441795 419029384.9619292 943379532.6712511 1828363060.134089 3290285005.029914 5640567273.401042 9269895198.002979 14632252391.65211 22223293424.9963 32533460927.80383 45954030407.28609 11027626038.75065 10469012349.17999 10221031540.71777 10194835938.2984 10327795478.1602 10577183201.43554
 585.4598646090936 2238.857163028206 18675770.88269285 133506241.8441795 419029384.9619292 943379532.6712511 1828363060.134089 3290285005.029914 5640567273.401042 9269895198.002979 14632252391.65211 22223293424.9963 32533460927.80383 45954030407.28609 11027626038.75065 10469012349.17999 10221031540.71777 10194835938.2984 10327795478.1602 10577183201.43554
