# Created by Octave 3.6.4, Mon Mar 10 12:24:23 2014 N. Central Asia Standard Time <unknown@OShulyakov>
# name: HighTr
# type: matrix
# rows: 50
# columns: 20
 1.598987683580819e-025 1.179586034945197e-013 5.715360887961567e-015 1.779944916067381e-009 2.544647828475933e-009 6.52281661239192e-011 8.765135892917234e-011 9.510822269329075e-013 6.975832227264826e-012 6.118049550853921e-013 5.833241477639696e-013 3.205880318736173e-014 5.324747950392885e-014 9.881478336513889e-014 2.871667714237174e-011 1.864937674990263e-010 4.79446322978902e-011 5.120653172362251e-012 1.815752902983833e-011 3.818591996037848e-011
 1.662480671573318e-011 1.110588678063574e-010 2.690078889918153e-010 2.702565457564335e-010 1.830801986914044e-010 1.015085184940845e-010 5.128675344130657e-011 2.692535916023372e-011 1.740779343217657e-011 1.546592964682162e-011 1.734835111667205e-011 2.094307237893056e-011 2.501307914953962e-011 2.854464313255595e-011 3.099533029716197e-011 3.206716995508274e-011 3.177635132601942e-011 3.0336746140844e-011 2.801465555741163e-011 2.507707944158958e-011
 6.568337345469108e-011 1.192047694360569e-010 3.420886149215378e-010 4.30469834076062e-010 3.574180133412488e-010 2.373029505720141e-010 1.387161824954646e-010 7.663673659194147e-011 4.404400436526901e-011 2.979706698901544e-011 2.577640805972505e-011 2.730442004099945e-011 3.166332968059316e-011 3.709066959406598e-011 4.230887349994524e-011 4.643272332206416e-011 4.895634674821997e-011 4.972906911414459e-011 4.885940287704276e-011 4.660919839815678e-011
 2.56431975239749e-010 1.305349658291464e-010 3.982652472643869e-010 6.057970447154352e-010 6.083077798314316e-010 4.791452198371649e-010 3.264075310982365e-010 2.035477033515177e-010 1.220110315472716e-010 7.522198072035583e-011 5.205778656250327e-011 4.334971613312259e-011 4.310657458459613e-011 4.760833166999649e-011 5.440165633434958e-011 6.171966766717499e-011 6.827021687542547e-011 7.319001562742948e-011 7.601670690590018e-011 7.665189023209272e-011
 9.786357167472587e-010 1.638127853373605e-010 4.379211945695017e-010 7.647659380988322e-010 9.092727387567715e-010 8.419386209606072e-010 6.640310997966166e-010 4.723397768962601e-010 3.145279519455451e-010 2.027570720169419e-010 1.324480488570866e-010 9.312884141558155e-011 7.463484550011807e-011 6.936991233458246e-011 7.218379106208729e-011 7.956993056690284e-011 8.900862678442014e-011 9.861550408904363e-011 1.070038989206549e-010 1.132542592650501e-010
 3.583784244873448e-009 2.879404585171316e-010 4.746164054909367e-010 8.863851401015435e-010 1.209216601718831e-009 1.295967907933776e-009 1.175057723281604e-009 9.495143489687054e-010 7.092667973905696e-010 5.027070304593341e-010 3.459550010187097e-010 2.381068273421219e-010 1.705689208499616e-010 1.328739193103901e-010 1.158470708143706e-010 1.125228327088233e-010 1.178664849101542e-010 1.281986980338937e-010 1.407403922497154e-010 1.533618587025199e-010
 1.225047315988266e-008 7.598486314806336e-010 5.492705138097959e-010 9.758286624181461e-010 1.458240556468306e-009 1.768700608728678e-009 1.820172135519379e-009 1.660897162383434e-009 1.3883386849472e-009 1.089573222690674e-009 8.182475654240084e-010 5.976092677823263e-010 4.324886542318186e-010 3.179903576730184e-010 2.448871167497674e-010 2.032126487754493e-010 1.842046694633954e-010 1.80886918499039e-010 1.879005248201584e-010 2.011178217835864e-010
 3.790827997796537e-008 2.492756964998228e-009 8.012335375933572e-010 1.074430864765302e-009 1.642919315713721e-009 2.178372448218294e-009 2.498177754869089e-009 2.544702015649494e-009 2.366638746369325e-009 2.053197729017412e-009 1.690016091007873e-009 1.338482275052528e-009 1.032237219379477e-009 7.845840423536387e-010 5.966495861270977e-010 4.627661524989983e-010 3.740610518903013e-010 3.209750711765329e-010 2.947441586137285e-010 2.879788448956339e-010
 1.042577415068343e-007 8.433555630102754e-009 1.729568215904659e-009 1.312597915397208e-009 1.809478981386374e-009 2.490149850654453e-009 3.092310488362855e-009 3.459384666282841e-009 3.540545556488164e-009 3.374047517889427e-009 3.038209593772866e-009 2.615804126257316e-009 2.175490838224593e-009 1.763593090563443e-009 1.405355564838198e-009 1.110976142490772e-009 8.811808169266148e-010 7.110073445100439e-010 5.924403132913597e-010 5.163653545822464e-010
 2.546031553650829e-007 2.675641697069942e-008 5.027022247666422e-009 2.135657159742179e-009 2.1191117783239e-009 2.762474899790604e-009 3.552261746376054e-009 4.251907023417132e-009 4.714996390758757e-009 4.882765651277769e-009 4.774873199939743e-009 4.454689466571058e-009 3.998530215440077e-009 3.478441336851928e-009 2.952440545034624e-009 2.460387271267369e-009 2.025432530410272e-009 1.658258075567793e-009 1.361149408890501e-009 1.130938181220556e-009
 5.498129420854013e-007 7.626887980733518e-008 1.577829329729764e-008 5.050029164473342e-009 3.101625225140004e-009 3.227104231092017e-009 3.970553866185779e-009 4.874710921437861e-009 5.708064497234205e-009 6.322373711645525e-009 6.641764164900176e-009 6.659975131673484e-009 6.419188210636818e-009 5.983983926439254e-009 5.423738363764761e-009 4.802735673899228e-009 4.173953352989741e-009 3.576051425709402e-009 3.033847747197986e-009 2.56098405482279e-009
 1.040964381086479e-006 1.933317040804899e-007 4.681304753217045e-008 1.463934714990313e-008 6.505646695969039e-009 4.634435183231507e-009 4.718466363239784e-009 5.502189818608524e-009 6.51459952337379e-009 7.509965150769722e-009 8.328528854935404e-009 8.872162100339498e-009 9.102904081587057e-009 9.033535606617214e-009 8.70908629783787e-009 8.189177991962425e-009 7.536596321704755e-009 6.810597507664159e-009 6.06240140207255e-009 5.332405930094073e-009
 1.737713687249482e-006 4.348374380261923e-007 1.250490141717025e-007 4.268687574916178e-008 1.753855716686302e-008 9.379799288531079e-009 6.98353600441485e-009 6.779882664013016e-009 7.486229218598103e-009 8.560476571307914e-009 9.717395736255123e-009 1.077417926749149e-008 1.160711086785801e-008 1.21438182906564e-008 1.236012729340235e-008 1.227087829393829e-008 1.191621523716218e-008 1.13488952468958e-008 1.062563419602153e-008 9.801867605554107e-009
 2.571639883757544e-006 8.591378096651486e-007 2.979172732426588e-007 1.143516408997089e-007 4.926913841699426e-008 2.428070982542433e-008 1.439549175490747e-008 1.072472288878098e-008 9.810098988151773e-009 1.019239346897527e-008 1.119124741473664e-008 1.244340251953365e-008 1.372307401836019e-008 1.487447974230435e-008 1.579016885588284e-008 1.640562280553883e-008 1.669585628400922e-008 1.666862247337083e-008 1.635470274948463e-008 1.579825093944604e-008
 3.376331479996302e-006 1.492281469737985e-006 6.272707830579733e-007 2.748645020024565e-007 1.290061597941986e-007 6.557798336343515e-008 3.662608412542987e-008 2.314264335798889e-008 1.70439921068611e-008 1.465756764221687e-008 1.421703788156864e-008 1.481919923690253e-008 1.59644248403001e-008 1.734774077153859e-008 1.876365320689043e-008 2.006474825129485e-008 2.114568770863434e-008 2.193778326052551e-008 2.240599521996491e-008 2.254452707615992e-008
 3.997388891861544e-006 2.296621531565562e-006 1.158578675557047e-006 5.857129853592124e-007 3.046466646553499e-007 1.656876531451998e-007 9.515064959429609e-008 5.825643776114413e-008 3.863097151326904e-008 2.827371669737897e-008 2.308504729759222e-008 2.087033577246041e-008 2.040515375249623e-008 2.097417933897008e-008 2.213513312033054e-008 2.35956345075238e-008 2.514921414564353e-008 2.664322424614667e-008 2.796391707259799e-008 2.903011132183508e-008
 4.398924541053193e-006 3.131831587295836e-006 1.890615267671868e-006 1.095676789152289e-006 6.380806439929672e-007 3.780470762297601e-007 2.301941846140998e-007 1.452306892922942e-007 9.559650862898836e-008 6.62104638994462e-008 4.876729143552521e-008 3.857479642457533e-008 3.289630973389322e-008 3.008453483978762e-008 2.911653290440004e-008 2.933530854708575e-008 3.030207498858359e-008 3.171043103522461e-008 3.333650899067562e-008 3.50106002575063e-008
