# Created by Octave 3.6.4, Mon Mar 10 12:24:23 2014 N. Central Asia Standard Time <unknown@OShulyakov>
# name: HighTst
# type: matrix
# rows: 50
# columns: 20
 1.615880766841078e-025 1.179710414073455e-013 7.700145861167144e-015 1.780892068444141e-009 2.544922867072291e-009 6.522592065901949e-011 8.763870440087337e-011 9.494133385180909e-013 6.989548251639128e-012 6.142671081390684e-013 5.706295869401644e-013 1.706981137067147e-014 2.398261173480812e-014 4.396850574044781e-014 2.881869514126999e-011 1.864552862721662e-010 4.787326179204658e-011 5.164041424287531e-012 1.815247344781951e-011 3.835342860222029e-011
 1.789768965030445e-011 1.545246033778282e-010 3.911305376659251e-010 4.00352287377191e-010 2.626919502253869e-010 1.361106828646874e-010 6.320248592844988e-011 3.022660644274765e-011 1.864494603271025e-011 1.765286177596294e-011 2.202766710484281e-011 2.882878957657504e-011 3.629822903265629e-011 4.272748409952079e-011 4.714792545771829e-011 4.895782670522442e-011 4.810907845242748e-011 4.508159094941197e-011 4.038240148156469e-011 3.474622169752759e-011
 7.074390218877356e-011 1.633192778745915e-010 4.889717060578657e-010 6.349125522393587e-010 5.266627036823928e-010 3.358519851601031e-010 1.83831742870054e-010 9.375195931850524e-011 4.948888099741092e-011 3.197309033826614e-011 2.890941187542169e-011 3.365330239776659e-011 4.241531169465353e-011 5.265329795551958e-011 6.238652407843533e-011 7.001757157818907e-011 7.465301652749091e-011 7.590743985740245e-011 7.388055837881184e-011 6.918289281090074e-011
 2.764306665938396e-010 1.738959556015729e-010 5.604770316776528e-010 8.809891050685068e-010 9.010596436775733e-010 7.018735326800742e-010 4.588607045084162e-010 2.690532026889098e-010 1.497500133501681e-010 8.537190094108682e-011 5.612676364826608e-011 4.762808628161351e-011 5.112746986906379e-011 6.136849517105965e-011 7.485042194225014e-011 8.889270696729177e-011 1.013625122404019e-010 1.107328640793187e-010 1.160532944649601e-010 1.170707750433209e-010
 1.056750325699796e-009 2.056576232049488e-010 6.07196790086649e-010 1.093542798533596e-009 1.33447740553732e-009 1.247592103869029e-009 9.697601869751297e-010 6.639217130059238e-010 4.181085493645959e-010 2.519721377205282e-010 1.531134584513081e-010 1.016470162510081e-010 8.075704236721059e-011 7.888544838566799e-011 8.855989202599369e-011 1.047642442405963e-010 1.237883734293793e-010 1.426681017993456e-010 1.591051801567883e-010 1.713767729942366e-010
 3.882195717042851e-009 3.308684029434138e-010 6.442388526161398e-010 1.247483845179572e-009 1.746622645331593e-009 1.909910531881411e-009 1.740899190086377e-009 1.387236207738527e-009 1.002402332851236e-009 6.766436120649982e-010 4.385821407873509e-010 2.825574330587679e-010 1.904638089175542e-010 1.436193755258509e-010 1.272005036344814e-010 1.306509950061055e-010 1.465998758253199e-010 1.69676775318882e-010 1.957058839693651e-010 2.212996280636545e-010
 1.33454103610521e-008 8.230470848797419e-010 7.141098166405488e-010 1.350389454695723e-009 2.071342606472026e-009 2.569036453006139e-009 2.686833700099068e-009 2.4614689942147e-009 2.034566388814394e-009 1.554348118874502e-009 1.120597619040773e-009 7.772118522659845e-010 5.302580720444732e-010 3.671905265855122e-010 2.695939954166444e-010 2.199217555775226e-010 2.03981156804134e-010 2.110759153510487e-010 2.332206587644156e-010 2.642814870726544e-010
 4.166323503289693e-008 2.665372878097023e-009 9.619293447202031e-010 1.4471153330559e-009 2.294548057073224e-009 3.110899621921967e-009 3.637429864760014e-009 3.757273954050073e-009 3.509885555155523e-009 3.022442834819723e-009 2.438276777905583e-009 1.869788528407098e-009 1.381686085645104e-009 9.982354409655342e-010 7.183437529137831e-010 5.283852514495012e-010 4.106639141520464e-010 3.480966060887625e-010 3.261817312318448e-010 3.3331554392413e-010
 1.158996817718473e-007 9.068449194109266e-009 1.916482947364577e-009 1.672900061242149e-009 2.468293114565784e-009 3.494262477129771e-009 4.426486717295695e-009 5.038056775332294e-009 5.223471720776403e-009 5.006628612962424e-009 4.493112931467796e-009 3.816801731706305e-009 3.100096741355747e-009 2.430905054695931e-009 1.858333142358905e-009 1.400594172078255e-009 1.056027178874737e-009 8.123146380820722e-010 6.52888095321382e-010 5.608187198191442e-010
 2.862630644723509e-007 2.908609874665837e-008 5.399194253191461e-009 2.494435560113828e-009 2.760913409359462e-009 3.785212739804852e-009 4.991904107661234e-009 6.085987997083644e-009 6.856249023626853e-009 7.18996422984135e-009 7.083088556386344e-009 6.611499360020142e-009 5.891172074269174e-009 5.045492919852831e-009 4.181283270096629e-009 3.375538487870476e-009 2.673686825505528e-009 2.095330657148267e-009 1.642187220852712e-009 1.305178198498695e-009
 6.239555089608592e-007 8.401403364159368e-008 1.697155429467765e-008 5.519596768282188e-009 3.725315829385737e-009 4.226670646246202e-009 5.436169309896353e-009 6.83988196669807e-009 8.15222520657275e-009 9.165360002277649e-009 9.748928928891611e-009 9.862396606911521e-009 9.542904160213143e-009 8.877821617524784e-009 7.978093536158034e-009 6.956891854452953e-009 5.913340617115367e-009 4.922799260417366e-009 4.034509839053034e-009 3.274696081664379e-009
 1.190133237037287e-006 2.158379476667477e-007 5.096695977382278e-008 1.573230786182002e-008 7.220928667249277e-009 5.601725240636547e-009 6.147795633222578e-009 7.488356554250391e-009 9.096854340842564e-009 1.067770337240271e-008 1.201683327889119e-008 1.29621258492926e-008 1.343247626998572e-008 1.341804380252461e-008 1.296581818956697e-008 1.215947965160534e-008 1.110106697933838e-008 9.895900427769434e-009 8.640410592199955e-009 7.41367863077242e-009
 1.997278567128445e-006 4.909446727979615e-007 1.381757052794867e-007 4.623338187087136e-008 1.890177460741959e-008 1.045835865226835e-008 8.368878101677272e-009 8.704841456592005e-009 1.006339230355498e-008 1.184357887383787e-008 1.3713052819937e-008 1.543996352698048e-008 1.684921204929109e-008 1.782047815543582e-008 1.829293598795363e-008 1.826249405176849e-008 1.77707073474785e-008 1.689051429829415e-008 1.571292911057749e-008 1.433575730959096e-008
 2.963428082273084e-006 9.786218954275227e-007 3.337095784582593e-007 1.257049915113396e-007 5.330825416142953e-008 2.621845005437801e-008 1.597574351636922e-008 1.260863133759887e-008 1.22894955263696e-008 1.341624055885145e-008 1.523905338901346e-008 1.734659623044788e-008 1.946806303010933e-008 2.140056538369999e-008 2.298866189680259e-008 2.412352106016156e-008 2.474521013039892e-008 2.484074306546376e-008 2.443691365880117e-008 2.359042586219946e-008
 3.8932237978838e-006 1.711208539383267e-006 7.103207543678141e-007 3.066492206655864e-007 1.416286220342882e-007 7.104577340374471e-008 3.956798956052564e-008 2.544664498012228e-008 1.954188241045741e-008 1.775250760462533e-008 1.812507551484799e-008 1.966392454077186e-008 2.18129434242607e-008 2.422223070449872e-008 2.66429534954792e-008 2.888291962110807e-008 3.079141798243476e-008 3.2256890212568e-008 3.320803381059736e-008 3.361331177883524e-008
 4.608904722850445e-006 2.64366545777368e-006 1.323159028252874e-006 6.613623496696268e-007 3.395606503850193e-007 1.821583219326306e-007 1.033795587817181e-007 6.297347912076686e-008 4.209641283845718e-008 3.161661440120312e-008 2.690235704028077e-008 2.549882492721748e-008 2.604627161615994e-008 2.775113056834017e-008 3.011777754892647e-008 3.28098355510085e-008 3.557889354077744e-008 3.822963483234421e-008 4.060488825147494e-008 4.258103520339368e-008
 5.070775356433682e-006 3.609997230429669e-006 2.171618054973557e-006 1.248906801458222e-006 7.201547346188771e-007 4.21955727007673e-007 2.539304974138451e-007 1.584785952299603e-007 1.035762406450266e-007 7.177208943900812e-008 5.350224953101702e-008 4.33998208678146e-008 3.836004149696691e-008 3.652906635307642e-008 3.676252905504906e-008 3.832630633766989e-008 4.072663043420699e-008 4.361213624619897e-008 4.671749052140978e-008 4.983184908957634e-008
