# Created by Octave 3.6.4, Mon Mar 10 12:24:23 2014 N. Central Asia Standard Time <unknown@OShulyakov>
# name: LowCv
# type: matrix
# rows: 50
# columns: 20
 1.72895845501024e-025 1.179713830807089e-013 2.378795878044332e-015 1.780025807824297e-009 2.544966450204677e-009 6.521151386692961e-011 8.764371133638914e-011 9.499555558290224e-013 6.980057657751358e-012 6.082162131324768e-013 5.750981720398947e-013 1.133673267950186e-014 1.026348490874401e-014 1.574154751953212e-014 2.850731140066996e-011 1.866980440149501e-010 4.809075378688509e-011 5.082698460404524e-012 1.811073397408174e-011 3.812820981920153e-011
 7.607922590916422e-012 2.925868120091966e-011 5.634262125087825e-011 3.96648935104051e-011 1.895304715704833e-011 8.087255984477918e-012 3.837960296407883e-012 2.652136834766636e-012 2.822255413455921e-012 3.698136387841371e-012 4.796348237940205e-012 5.730787938077034e-012 6.05481549703854e-012 5.787717278551427e-012 5.058872590032882e-012 4.137524651580582e-012 3.274217197091827e-012 2.497268892568033e-012 1.938100137269595e-012 1.522907905706955e-012
 3.006916707406167e-011 3.217288723412507e-011 8.073173277410759e-011 7.759264657982067e-011 4.714347020713191e-011 2.35420673068995e-011 1.126461634389033e-011 6.097331782633601e-012 4.497058885545722e-012 4.702199760180313e-012 5.843479002856462e-012 7.339643018176323e-012 8.690566615511721e-012 9.449882845109027e-012 9.362134219285063e-012 8.602393586928063e-012 7.377382585435454e-012 6.038725998235483e-012 4.840531416542616e-012 3.799964836014985e-012
 1.174743226885276e-010 3.62934090215086e-011 1.011958741740989e-010 1.283016118441055e-010 9.973891062350415e-011 6.040402809732295e-011 3.245785527183637e-011 1.724741287139366e-011 1.022651796909855e-011 7.728749209590189e-012 7.711776339670927e-012 9.057888375563921e-012 1.102721986808656e-011 1.299342859868062e-011 1.438516846800054e-011 1.483035717131161e-011 1.426265631418695e-011 1.288405258049937e-011 1.109287852975896e-011 9.208238530361867e-012
 4.489533710388381e-010 4.960059227365609e-011 1.157612243001343e-010 1.813468311166375e-010 1.786408932238601e-010 1.323247376544163e-010 8.358609935145533e-011 4.869744979208723e-011 2.823739536879901e-011 1.780050129554e-011 1.34355475672178e-011 1.264251816036784e-011 1.39467648131351e-011 1.636972975920594e-011 1.912241636390963e-011 2.148100689887631e-011 2.287339983408245e-011 2.300716485398378e-011 2.185984619259424e-011 1.9789545734582e-011
 1.648645437812313e-009 1.028801428309311e-010 1.291638709398422e-010 2.25149031207705e-010 2.721815625666248e-010 2.45467664094286e-010 1.838736317173101e-010 1.230853664590797e-010 7.750758629524882e-011 4.84150225696894e-011 3.195400072023654e-011 2.387597171854569e-011 2.112079980576358e-011 2.169428548213925e-011 2.426176692411888e-011 2.779074064910624e-011 3.138592952304679e-011 3.424715797031894e-011 3.576390004830331e-011 3.564877259938685e-011
 5.666112406562841e-009 3.12726536898069e-010 1.584689444104499e-010 2.581495142853664e-010 3.585803299114329e-010 3.871120777742667e-010 3.426790505239988e-010 2.659355544544699e-010 1.894981867862979e-010 1.283072110743833e-010 8.561413501144338e-011 5.881152090786515e-011 4.36893728848096e-011 3.658143868269911e-011 3.484108199279868e-011 3.659579179082813e-011 4.045049196969673e-011 4.523699927408388e-011 4.992357721650349e-011 5.359791833052851e-011
 1.77112594834207e-008 1.098348865709497e-009 2.655391241508324e-010 2.956773204864607e-010 4.262119857058229e-010 5.257942432509444e-010 5.434654304596193e-010 4.871804154952495e-010 3.951705448307969e-010 2.994219261806042e-010 2.169084535457987e-010 1.539185786054728e-010 1.101525672378768e-010 8.225196575596407e-011 6.628681138829662e-011 5.890338915138176e-011 5.752797135165415e-011 6.020941127536426e-011 6.538028629571967e-011 7.168534216335766e-011
 4.956071906961796e-008 3.828564735162e-009 6.771965171091076e-010 3.942068535268231e-010 4.897636263002103e-010 6.390385572367377e-010 7.429808143099401e-010 7.607670577499367e-010 7.000166723777598e-010 5.948574872064995e-010 4.775806713235467e-010 3.683430025014297e-010 2.772363179879611e-010 2.074740406296982e-010 1.578786016782313e-010 1.25208797073221e-010 1.057978137706599e-010 9.637657441402147e-011 9.4264900691427e-011 9.729557490621212e-011
 1.242721353999227e-007 1.237354372955769e-008 2.174341936819757e-009 7.549148512173785e-010 6.177669161272805e-010 7.44048971877615e-010 9.102197777405249e-010 1.028642072396563e-009 1.060286994157454e-009 1.006555082394413e-009 8.951630079300935e-010 7.58101085140139e-010 6.192211823484304e-010 4.930420254492698e-010 3.871082690587017e-010 3.039133146284588e-010 2.425195192000618e-010 2.001328039112875e-010 1.733567276788098e-010 1.5891714752284e-010
 2.786368381609849e-007 3.596046998816836e-008 7.141993125528311e-009 2.071743376855699e-009 1.049418973068962e-009 9.393895548257374e-010 1.074982351757196e-009 1.258384172955768e-009 1.402482419747536e-009 1.464099409649512e-009 1.43452291211932e-009 1.331485639699264e-009 1.183886300549123e-009 1.018437158294433e-009 8.544779875383957e-010 7.043996681589559e-010 5.752791270463002e-010 4.701055186859587e-010 3.888270151740113e-010 3.294542978183611e-010
 5.553112667533783e-007 9.353417250566457e-008 2.176707846792928e-008 6.493918170747553e-009 2.59261642272428e-009 1.565773100982996e-009 1.398192328391033e-009 1.51462384920547e-009 1.709531740600095e-009 1.886724047512888e-009 1.994254116932124e-009 2.010601406439138e-009 1.9397343910447e-009 1.802279322992265e-009 1.624298480737219e-009 1.429085294639695e-009 1.234186968576884e-009 1.051708239104847e-009 8.893990440300388e-010 7.515066976189879e-010
 9.845821274872046e-007 2.178511984944748e-007 5.967578163361754e-008 1.969905192726827e-008 7.700745364661187e-009 3.737307996094891e-009 2.424738429429163e-009 2.084803923819026e-009 2.126262878035202e-009 2.308322675604487e-009 2.513646220342768e-009 2.676093808296435e-009 2.759318546152153e-009 2.750688588930163e-009 2.656742637578744e-009 2.496179605438218e-009 2.291986294911171e-009 2.065586548639057e-009 1.834262457291379e-009 1.61090462336264e-009
 1.538339405101225e-006 4.512117894257133e-007 1.46787062580385e-007 5.439399539094896e-008 2.271880323800443e-008 1.069572461966533e-008 5.859677710596954e-009 3.906581529862021e-009 3.195112750192685e-009 3.045267854963629e-009 3.148441072460696e-009 3.347857824964546e-009 3.553913651805993e-009 3.712013561905741e-009 3.791210275139623e-009 3.779815327829609e-009 3.681757864280804e-009 3.511612797605908e-009 3.289017345558429e-009 3.034002703253985e-009
 2.097806422225597e-006 8.308568896739574e-007 3.221806575275387e-007 1.351611568955467e-007 6.159723207902794e-008 3.044355290239057e-008 1.636743007519808e-008 9.743808216282489e-009 6.594271045067052e-009 5.148991442503537e-009 4.571959102496314e-009 4.444476043384827e-009 4.5421195492954e-009 4.734704571928883e-009 4.940926679096622e-009 5.108276681866683e-009 5.204554996000104e-009 5.214069784825616e-009 5.134838961698577e-009 4.97530185112222e-009
 2.540139394828878e-006 1.354027648669597e-006 6.279020848542958e-007 3.001378900347054e-007 1.507775182283238e-007 7.990925376062718e-008 4.477274063140439e-008 2.659850677499445e-008 1.690137579442275e-008 1.165061929665008e-008 8.826016379954303e-009 7.366237807121337e-009 6.689942622927454e-009 6.464920047012107e-009 6.492010157268159e-009 6.645301926535845e-009 6.841176195782174e-009 7.022571955617679e-009 7.151243803132485e-009 7.203936916324526e-009
 2.829591122932687e-006 1.927527599864359e-006 1.087226479446699e-006 5.917370326273851e-007 3.297349116387855e-007 1.895638633672524e-007 1.127746492901064e-007 6.96454783828144e-008 4.477449684444692e-008 3.009573714278774e-008 2.129523674824065e-008 1.599064097128938e-008 1.281943064986394e-008 1.097622996914503e-008 9.970146084669944e-009 9.492620499915585e-009 9.343156090471058e-009 9.386716140885636e-009 9.529125942181671e-009 9.702998231212028e-009
