# Created by Octave 3.6.4, Mon Mar 10 12:24:23 2014 N. Central Asia Standard Time <unknown@OShulyakov>
# name: LowTst
# type: matrix
# rows: 50
# columns: 20
 1.907585688487393e-025 1.179715036720088e-013 7.406136241163551e-015 1.780018391129942e-009 2.544945403530104e-009 6.522479762358244e-011 8.765487310051447e-011 9.523076118189523e-013 6.979595375474168e-012 6.113817657804427e-013 5.806503217805498e-013 2.457753095910413e-014 3.585834187681581e-014 6.260136256497947e-014 2.895814025710707e-011 1.864089013577216e-010 4.791898589295833e-011 5.088145579712626e-012 1.814309911893541e-011 3.813059311680363e-011
 1.343255836196348e-011 1.362475606211665e-010 2.460874305268309e-010 1.598726711887907e-010 7.213593705991208e-011 3.013080499373727e-011 1.475921980522878e-011 1.055271618642748e-011 1.124202734870899e-011 1.414058222548266e-011 1.767072234044982e-011 2.019597156471268e-011 2.08069401630708e-011 1.927988728279655e-011 1.651855730384637e-011 1.343449722306524e-011 1.061103886428851e-011 8.309015441404815e-012 6.550478177724206e-012 5.322664286601792e-012
 5.310630719877301e-011 1.501523121974908e-010 3.645315705323122e-010 3.255654858526017e-010 1.86436604392945e-010 8.917297685174263e-011 4.236892754216578e-011 2.372040466031661e-011 1.81177857560019e-011 1.879807854524051e-011 2.253025931719539e-011 2.728534886812121e-011 3.120460014605251e-011 3.287379639140367e-011 3.179101590340004e-011 2.852694627658971e-011 2.425033623262365e-011 1.994799816545456e-011 1.6128233977562e-011 1.299149044052938e-011
 2.076021782954133e-010 1.630855178004835e-010 4.664990817786194e-010 5.615916615340479e-010 4.104638934791023e-010 2.368662420332624e-010 1.234217236858902e-010 6.54577886339965e-011 3.998123257304359e-011 3.114201164590217e-011 3.094918369469701e-011 3.53096363378678e-011 4.156725380726072e-011 4.746886896758351e-011 5.111735135537627e-011 5.14035866563183e-011 4.839857889734608e-011 4.317049371560055e-011 3.702047834655718e-011 3.099423565257828e-011
 7.943609565441586e-010 1.912824654180572e-010 5.393273507941878e-010 8.203628395817804e-010 7.671359420735506e-010 5.393183706457874e-010 3.274633984322135e-010 1.862232890634582e-010 1.078997344991849e-010 6.965826573073215e-011 5.402122214702527e-011 5.099925914824101e-011 5.507999263290268e-011 6.273994105663749e-011 7.115528523973451e-011 7.786197458228235e-011 8.100856236555896e-011 7.981755923829364e-011 7.475792273200062e-011 6.715057045654295e-011
 2.924104441005449e-009 2.910746288782921e-010 5.933940001784171e-010 1.03969946504007e-009 1.21352374528378e-009 1.043588188757869e-009 7.477955941024715e-010 4.841583279555612e-010 2.986176613781962e-010 1.860230576987513e-010 1.248498992721642e-010 9.55757151018044e-011 8.546460821366929e-011 8.684486970283964e-011 9.481632697013053e-011 1.057022124486198e-010 1.163512669174472e-010 1.240860971802619e-010 1.270633990320956e-010 1.246477835372102e-010
 1.009700987706703e-008 6.713790416097576e-010 6.66276267425235e-010 1.198139210256775e-009 1.641387051489795e-009 1.712156311646018e-009 1.45325347795968e-009 1.08478027206052e-009 7.503646501575018e-010 4.983918649869824e-010 3.306418645366876e-010 2.293203585946818e-010 1.737133624976935e-010 1.477603872158038e-010 1.40767798462215e-010 1.456718286427031e-010 1.573952409425484e-010 1.718315196940825e-010 1.85393935283666e-010 1.951052113863742e-010
 3.183364962783964e-008 2.080266155869541e-009 8.752143613731472e-010 1.329781548885641e-009 1.972711346878611e-009 2.393203980518939e-009 2.397958585233121e-009 2.071467661732828e-009 1.62277990815605e-009 1.19602284026017e-009 8.501340287624968e-010 5.979038639448542e-010 4.291151073159484e-010 3.246555983058456e-010 2.659005948223236e-010 2.384361686627388e-010 2.320144962607418e-010 2.393005251717033e-010 2.546343121868872e-010 2.732761306585863e-010
 9.028230669781799e-008 6.970714330222933e-009 1.630273301143252e-009 1.551112781769695e-009 2.226861889752342e-009 2.945705764301171e-009 3.372967132055727e-009 3.362234981977329e-009 2.995478853829095e-009 2.466125286633169e-009 1.927960912027017e-009 1.458135021655905e-009 1.084695357471819e-009 8.093888727089408e-010 6.19646946725253e-010 4.975016683426844e-010 4.256610750497865e-010 3.900756626855711e-010 3.800487683427012e-010 3.874131032013767e-010
 2.299620154946424e-007 2.236981160960474e-008 4.331343101498768e-009 2.235850425035427e-009 2.549192970232674e-009 3.373059486623789e-009 4.177131259228076e-009 4.666351362450484e-009 4.704931858977225e-009 4.345011563338752e-009 3.754823446246426e-009 3.098725214791245e-009 2.47939780860535e-009 1.946038006822086e-009 1.516448233599624e-009 1.190099066752003e-009 9.555961451843974e-010 7.96754543262806e-010 6.971426901067839e-010 6.424301232649379e-010
 5.218262570343473e-007 6.545831449498516e-008 1.327927278270355e-008 4.635478517404909e-009 3.39404739185928e-009 3.880432501772335e-009 4.81996847683192e-009 5.738653410416391e-009 6.356940686349965e-009 6.526441055958507e-009 6.251413959130119e-009 5.657559931500006e-009 4.907665332947262e-009 4.131898852736071e-009 3.408909085054998e-009 2.778344805372953e-009 2.256219246846367e-009 1.843800551203956e-009 1.532773113905942e-009 1.309524638727735e-009
 1.044844959154926e-006 1.725748052529052e-007 3.983741404569656e-008 1.262599633013406e-008 6.227783227156464e-009 5.118268082524121e-009 5.627969714345048e-009 6.64926228478384e-009 7.708264392661988e-009 8.520851049529882e-009 8.913875513452461e-009 8.834333531336805e-009 8.345575868885234e-009 7.582156309613533e-009 6.688017154726674e-009 5.775237145147162e-009 4.91484181025547e-009 4.14601819581592e-009 3.487497343369315e-009 2.944793949403167e-009
 1.850973532896119e-006 4.071601624309997e-007 1.097842288178804e-007 3.660944805064852e-008 1.548598162469336e-008 9.115153532249613e-009 7.633157220412313e-009 7.968858623594501e-009 8.993378504321486e-009 1.01848339175793e-008 1.123300368852615e-008 1.193342448825479e-008 1.217566247597964e-008 1.194849100944511e-008 1.132649610752502e-008 1.043324989388371e-008 9.398236579989732e-009 8.327354153764297e-009 7.293671548882645e-009 6.341947325143305e-009
 2.884914833317257e-006 8.488530209497504e-007 2.732755316446009e-007 1.005430568538439e-007 4.28264331533604e-008 2.175390286761886e-008 1.394100867893402e-008 1.145023839876023e-008 1.126533245188364e-008 1.210490654337405e-008 1.3340351398135e-008 1.460423095226999e-008 1.565106334316085e-008 1.63175834834333e-008 1.651934471503882e-008 1.625134860264177e-008 1.55765982330912e-008 1.46007050738933e-008 1.344134021918366e-008 1.220387092173864e-008
 3.926542779523492e-006 1.563369314009028e-006 6.052674443986553e-007 2.51927676406027e-007 1.146408796271369e-007 5.783755966518704e-008 3.306325266053994e-008 2.212838966263671e-008 1.762320627105502e-008 1.627478279591857e-008 1.652165801859583e-008 1.754958687756795e-008 1.888410938867968e-008 2.021499830464586e-008 2.132454697712507e-008 2.206389834139493e-008 2.234920796995336e-008 2.216106906116448e-008 2.153784646836377e-008 2.056029917633164e-008
 4.749160566432688e-006 2.541525518662094e-006 1.182520117392044e-006 5.640826656483796e-007 2.820733120853365e-007 1.496305264377243e-007 8.52341094781504e-008 5.289416184307269e-008 3.643414288615727e-008 2.825258664228191e-008 2.457393079752795e-008 2.341571921910537e-008 2.367492750792549e-008 2.469508493752959e-008 2.605375794223781e-008 2.745777081481823e-008 2.869397958578779e-008 2.960925243497547e-008 3.010466844452991e-008 3.013432588983226e-008
 5.287231672607094e-006 3.609839968654313e-006 2.043653966164611e-006 1.114890082082661e-006 6.207223180250702e-007 3.561141146742065e-007 2.121626844663626e-007 1.324897751914796e-007 8.75789448549974e-008 6.195395106835264e-008 4.737914594834422e-008 3.933979146369745e-008 3.526724436700913e-008 3.364041534631291e-008 3.351880910170565e-008 3.42919627096935e-008 3.554176706141272e-008 3.696650748048295e-008 3.834013358719804e-008 3.949210838183902e-008
