# Created by Octave 3.6.4, Mon Mar 10 12:24:23 2014 N. Central Asia Standard Time <unknown@OShulyakov>
# name: OpenTr
# type: matrix
# rows: 50
# columns: 20
 1.582065557438362e-025 1.179578046173267e-013 1.02839103445523e-014 1.778983435670616e-009 2.544373612171092e-009 6.522455383654211e-011 8.765699900322684e-011 9.509231132473913e-013 6.975795469096724e-012 6.113283579635179e-013 5.818639700690055e-013 2.805840707424281e-014 4.400337774377696e-014 7.979126659833524e-014 2.87034743427455e-011 1.865064110679395e-010 4.801447730953462e-011 5.12263734640362e-012 1.817491216264768e-011 3.82171544752996e-011
 1.43919426074155e-011 1.496311202268672e-010 3.307368809079804e-010 2.936219803070198e-010 1.76795360582271e-010 8.918125561726878e-011 4.37712061389362e-011 2.499891052157981e-011 1.993975453749189e-011 2.180261258505781e-011 2.711712020885584e-011 3.350899727152434e-011 3.919300706221837e-011 4.270350486094195e-011 4.341106077378933e-011 4.135386045668394e-011 3.721967722513409e-011 3.201628806113691e-011 2.666922459069542e-011 2.178683278683177e-011
 5.679723733845603e-011 1.614296761896964e-010 4.404413044094497e-010 5.004732779234077e-010 3.749881571181203e-010 2.259120292349771e-010 1.228196080693465e-010 6.688890873381226e-011 4.167399384757648e-011 3.376738280806467e-011 3.528534181086294e-011 4.181991490745482e-011 5.042347885447029e-011 5.874869830601844e-011 6.492500159105894e-011 6.777468674482941e-011 6.694027654049442e-011 6.284701542862306e-011 5.647167624783569e-011 4.900171192571102e-011
 2.212481386103758e-010 1.738899609036861e-010 5.280852026278339e-010 7.466008370439568e-010 6.847899916154932e-010 4.953493584064277e-010 3.115108289340802e-010 1.832638209846415e-010 1.087188817347777e-010 7.155052255622542e-011 5.735759206393613e-011 5.669829599593684e-011 6.37859196606002e-011 7.473723817540879e-011 8.652695737141701e-011 9.667060951089311e-011 1.033341771989353e-010 1.055100804949062e-010 1.030681803759746e-010 9.667318632045622e-011
 8.407607213527933e-010 2.041184859984602e-010 5.890268556468783e-010 9.850534339391166e-010 1.088808742145599e-009 9.340847275819762e-010 6.863448844181686e-010 4.569534588538324e-010 2.895846098766134e-010 1.84260060249413e-010 1.258378674918567e-010 9.889399428920024e-011 9.198459037366604e-011 9.74321121270348e-011 1.099625200038587e-010 1.255680229134733e-010 1.409532956251109e-010 1.534575434650612e-010 1.611889082534671e-010 1.631685257084159e-010
 3.054664802594619e-009 3.121722538179061e-010 6.366312900022796e-010 1.173541935526039e-009 1.523645900054665e-009 1.529601478350024e-009 1.300816341668304e-009 9.910088667910244e-010 7.006298998501498e-010 4.753212165359427e-010 3.211759089951466e-010 2.262131977938676e-010 1.747355998480254e-010 1.532446929612496e-010 1.51676621755562e-010 1.627682717382362e-010 1.810472325490698e-010 2.020894774601635e-010 2.221978933715617e-010 2.383961566776344e-010
 1.030413591410945e-008 7.189490925880252e-010 7.099963245833051e-010 1.307015881863047e-009 1.903048190657151e-009 2.201134497569343e-009 2.140576436782471e-009 1.850254584230771e-009 1.472384476501383e-009 1.103841259047463e-009 7.972830357741087e-010 5.690638249520394e-010 4.137589216482617e-010 3.174989849164826e-010 2.655684163288687e-010 2.454306119708551e-010 2.472691217602479e-010 2.634917261105121e-010 2.880260816427869e-010 3.158033765512165e-010
 3.13343155713491e-008 2.200083160944757e-009 9.323669930920013e-010 1.425500353892344e-009 2.18394794902493e-009 2.816780227632309e-009 3.096309501068667e-009 3.004858881143805e-009 2.668038837079997e-009 2.220409879935143e-009 1.759390694229956e-009 1.346842542039567e-009 1.012890205026181e-009 7.633706224881074e-010 5.902613466432557e-010 4.801312355508986e-010 4.190188141810057e-010 3.945584885059268e-010 3.964923463518255e-010 4.164226490823596e-010
 8.549877753496709e-008 7.208816173609694e-009 1.73275860398919e-009 1.649708007547833e-009 2.403852012617991e-009 3.289266075446331e-009 3.982623747165058e-009 4.296669069413988e-009 4.219958801226937e-009 3.863399230326256e-009 3.356031779377574e-009 2.798241656481523e-009 2.260817292834927e-009 1.788678770816612e-009 1.403337210070955e-009 1.108356709921257e-009 8.964558884412791e-010 7.554350468359635e-010 6.719420599027174e-010 6.334025518374712e-010
 2.163253523574283e-007 2.235475111403903e-008 4.539330568580034e-009 2.368108799892377e-009 2.714581664916422e-009 3.655890187596566e-009 4.672716878564015e-009 5.475747744914982e-009 5.892405607000252e-009 5.894127747191423e-009 5.566310897755013e-009 5.030106489679902e-009 4.39040094258245e-009 3.726151914204916e-009 3.094831146492636e-009 2.534638418301041e-009 2.065775439644526e-009 1.693743146528335e-009 1.414058061924985e-009 1.216685425698903e-009
 5.173612688627161e-007 6.273423192752699e-008 1.353255813578957e-008 4.858945949117205e-009 3.583635692119086e-009 4.133097478493863e-009 5.224727697517381e-009 6.394524950825986e-009 7.367143198745241e-009 7.967048817758115e-009 8.134105166646763e-009 7.915221887056493e-009 7.413721361914162e-009 6.736991321645466e-009 5.972916498585246e-009 5.189057727123351e-009 4.436869067581729e-009 3.753345876962922e-009 3.161400932616168e-009 2.67130482797356e-009
 1.118252684510157e-006 1.616864022605498e-007 3.898916730163137e-008 1.290951821625429e-008 6.49730032219628e-009 5.383948657134216e-009 5.980570782114776e-009 7.181261301891309e-009 8.520244508054855e-009 9.71817543849339e-009 1.058601520392294e-008 1.102523059483226e-008 1.103209656741234e-008 1.067435571804784e-008 1.005019816082625e-008 9.254821163187263e-009 8.366694034090201e-009 7.44780318129813e-009 6.547372717338617e-009 5.703741041863039e-009
 2.057511471455515e-006 3.943407170979229e-007 1.034678026641895e-007 3.599101516733185e-008 1.57512738427519e-008 9.437756971783013e-009 7.981448075430138e-009 8.421990009380496e-009 9.644333083673823e-009 1.113421770462717e-008 1.258713049500595e-008 1.379250952106207e-008 1.46130397680684e-008 1.498879665329051e-008 1.49332816979661e-008 1.45122400480219e-008 1.381406541084003e-008 1.292576645611215e-008 1.192150734653857e-008 1.086142245128665e-008
 3.167327433724462e-006 8.869672926607619e-007 2.582116661746533e-007 9.498843776980895e-008 4.185473818131222e-008 2.188327095853037e-008 1.427607044150584e-008 1.186072803479231e-008 1.179835890954699e-008 1.284637451744699e-008 1.438842825972608e-008 1.606418631461567e-008 1.762887136161279e-008 1.890748114337574e-008 1.978700208039553e-008 2.021784841957653e-008 2.020928740491366e-008 1.981453882604826e-008 1.910992449121333e-008 1.817586880579545e-008
 4.175564838238069e-006 1.725824522615024e-006 6.079446634591744e-007 2.371367806904062e-007 1.078869627591486e-007 5.581564406303343e-008 3.272520210251553e-008 2.231133697704639e-008 1.800434388219136e-008 1.681964707173342e-008 1.728724093765863e-008 1.862340722483727e-008 2.036654494090248e-008 2.221224210119227e-008 2.394129867203448e-008 2.539286027435108e-008 2.645814277138827e-008 2.708027194891928e-008 2.725158299090966e-008 2.700485694833644e-008
 4.912354455589683e-006 2.810026903347977e-006 1.277635339794439e-006 5.615692757926778e-007 2.663108794643761e-007 1.400066161491666e-007 8.094403397280951e-008 5.128457444997461e-008 3.598373907456549e-008 2.831543842502448e-008 2.493597875692713e-008 2.404926030217431e-008 2.462961527533555e-008 2.605376166355067e-008 2.791471579902877e-008 2.992598530781378e-008 3.187389610500564e-008 3.359639232776368e-008 3.497577674177819e-008 3.593725469621716e-008
 5.372201633194134e-006 3.877471490512797e-006 2.269447489709777e-006 1.196244914603049e-006 6.233265241485077e-007 3.398822364163148e-007 1.982892176239904e-007 1.240351262324031e-007 8.304798910948322e-008 5.968217311609277e-008 4.632501313248358e-008 3.897495056075629e-008 3.53698241141074e-008 3.415198602412025e-008 3.446446624358753e-008 3.573940975066865e-008 3.758077866722418e-008 3.96977544835269e-008 4.186747590737388e-008 4.391547444024187e-008
