# Created by Octave 3.6.4, Mon Mar 10 12:19:04 2014 N. Central Asia Standard Time <unknown@OShulyakov>
# name: power
# type: range
# base, limit, increment
1 20 1


