# Created by Octave 3.6.4, Tue Mar 11 16:28:23 2014 N. Central Asia Standard Time <unknown@OShulyakov>
# name: LowTst
# type: matrix
# rows: 50
# columns: 18
 5.10485424468864e-035 1.065418872303872e-034 1.07489176214094e-033 1.020163113173931e-026 3.521206879609335e-026 3.521186274112012e-026 3.520998643029334e-026 3.521102918802747e-026 3.521159149106974e-026 3.521141355656334e-026 3.521140668300559e-026 3.521141233537923e-026 3.521140668300559e-026 3.521140668300511e-026 3.521140668300559e-026 3.521140668300559e-026 3.521140668300559e-026 3.521140668300558e-026
 5.424062827328221e-013 5.357427063366474e-013 5.358821545528512e-013 5.358821688352724e-013 5.358821703650927e-013 5.35882169828965e-013 5.358821687502256e-013 5.358821703475386e-013 5.358821683056804e-013 5.358821702779091e-013 5.358821679973685e-013 5.358821684926891e-013 5.358821697889904e-013 5.358821705833385e-013 5.358821711750915e-013 5.358821704368573e-013 5.358821706545413e-013 5.358821709640054e-013
 2.16448793710618e-012 2.133544914802601e-012 2.133833888871817e-012 2.133833944075429e-012 2.133833944120267e-012 2.133833945130559e-012 2.133833945511319e-012 2.133833942506523e-012 2.133833946064688e-012 2.13383394531667e-012 2.133833943238848e-012 2.133833945618738e-012 2.133833944339406e-012 2.133833943855345e-012 2.133833944355997e-012 2.133833945498177e-012 2.133833944717891e-012 2.133833945059927e-012
 8.617145281091349e-012 8.522684077106625e-012 8.523256210732168e-012 8.52325633849213e-012 8.523256340932563e-012 8.523256340346275e-012 8.523256340033581e-012 8.52325634033979e-012 8.523256338315527e-012 8.523256339333177e-012 8.523256340236237e-012 8.523256338476614e-012 8.523256341013622e-012 8.523256340375363e-012 8.523256340088387e-012 8.52325634068717e-012 8.523256339546934e-012 8.523256340042881e-012
 3.4146714829271e-011 3.390982993618017e-011 3.391093729950713e-011 3.391093754139071e-011 3.391093754525853e-011 3.391093754488307e-011 3.391093754521135e-011 3.391093754393308e-011 3.391093754376939e-011 3.391093754686017e-011 3.391093754442689e-011 3.391093754397539e-011 3.391093754569507e-011 3.391093754638268e-011 3.391093754447002e-011 3.391093754604943e-011 3.391093754613718e-011 3.391093754521965e-011
 1.340830457168638e-010 1.335487335055415e-010 1.33550856282552e-010 1.335508567112641e-010 1.335508567214352e-010 1.335508567192617e-010 1.335508567201381e-010 1.335508567192932e-010 1.335508567194602e-010 1.335508567176512e-010 1.335508567197661e-010 1.335508567206994e-010 1.335508567207932e-010 1.335508567205202e-010 1.335508567202839e-010 1.335508567206176e-010 1.335508567208885e-010 1.335508567205572e-010
 5.173718883388103e-010 5.162345825869943e-010 5.162386019136531e-010 5.162386026706691e-010 5.162386026889145e-010 5.162386026887349e-010 5.162386026893987e-010 5.162386026880839e-010 5.162386026886905e-010 5.162386026870757e-010 5.162386026887598e-010 5.162386026898093e-010 5.162386026905276e-010 5.162386026896456e-010 5.162386026902444e-010 5.162386026896796e-010 5.16238602690743e-010 5.162386026896876e-010
 1.933011148725695e-009 1.930660443244228e-009 1.930667832956541e-009 1.930667834304818e-009 1.930667834337877e-009 1.930667834338238e-009 1.930667834337541e-009 1.930667834338838e-009 1.930667834338452e-009 1.930667834338313e-009 1.93066783433966e-009 1.930667834337532e-009 1.9306678343375e-009 1.930667834339071e-009 1.930667834338844e-009 1.930667834339288e-009 1.930667834339297e-009 1.930667834338918e-009
 6.8347633768343e-009 6.829941694501093e-009 6.829954481970215e-009 6.829954484302867e-009 6.829954484360872e-009 6.829954484359921e-009 6.829954484359947e-009 6.829954484359785e-009 6.82995448435977e-009 6.829954484359112e-009 6.82995448435937e-009 6.829954484359335e-009 6.829954484361338e-009 6.829954484360026e-009 6.829954484358257e-009 6.82995448435984e-009 6.82995448436016e-009 6.829954484360023e-009
 2.22441831689523e-008 2.223414612661346e-008 2.223416595317327e-008 2.223416595667365e-008 2.223416595676694e-008 2.223416595676135e-008 2.223416595676207e-008 2.223416595676165e-008 2.223416595676062e-008 2.22341659567618e-008 2.223416595676099e-008 2.22341659567608e-008 2.223416595676223e-008 2.223416595676396e-008 2.223416595676336e-008 2.223416595676322e-008 2.223416595676205e-008 2.223416595676268e-008
 6.530547830903365e-008 6.528411927421731e-008 6.528414463840948e-008 6.528414464151309e-008 6.528414464164307e-008 6.52841446416417e-008 6.52841446416429e-008 6.528414464164113e-008 6.528414464164305e-008 6.528414464164277e-008 6.528414464164118e-008 6.528414464164261e-008 6.52841446416423e-008 6.528414464164159e-008 6.528414464164299e-008 6.52841446416417e-008 6.528414464164297e-008 6.528414464164301e-008
 1.722359376434556e-007 1.721920835532144e-007 1.721921056282801e-007 1.721921056246635e-007 1.721921056248218e-007 1.721921056248198e-007 1.721921056248197e-007 1.721921056248199e-007 1.721921056248193e-007 1.721921056248191e-007 1.721921056248202e-007 1.721921056248201e-007 1.721921056248196e-007 1.721921056248206e-007 1.721921056248198e-007 1.721921056248206e-007 1.721921056248203e-007 1.721921056248205e-007
 4.062705059717445e-007 4.061940370507545e-007 4.06194039376044e-007 4.061940393553736e-007 4.061940393554927e-007 4.061940393554943e-007 4.061940393554939e-007 4.061940393554936e-007 4.061940393554935e-007 4.061940393554931e-007 4.061940393554939e-007 4.061940393554934e-007 4.061940393554936e-007 4.061940393554944e-007 4.061940393554937e-007 4.061940393554942e-007 4.061940393554939e-007 4.061940393554937e-007
 8.469877580894837e-007 8.46886168404347e-007 8.468861368116931e-007 8.468861367705509e-007 8.468861367705981e-007 8.468861367705985e-007 8.468861367705985e-007 8.468861367705985e-007 8.468861367705993e-007 8.468861367705985e-007 8.468861367705988e-007 8.468861367705986e-007 8.468861367705993e-007 8.468861367705994e-007 8.468861367705993e-007 8.468861367705993e-007 8.468861367705997e-007 8.468861367705994e-007
 1.560459991918381e-006 1.560358866021259e-006 1.560358798684791e-006 1.560358798633085e-006 1.560358798633057e-006 1.560358798633054e-006 1.560358798633055e-006 1.560358798633055e-006 1.560358798633055e-006 1.560358798633055e-006 1.560358798633055e-006 1.560358798633055e-006 1.560358798633056e-006 1.560358798633056e-006 1.560358798633056e-006 1.560358798633056e-006 1.560358798633056e-006 1.560358798633056e-006
 2.538113112488952e-006 2.538033162436341e-006 2.538033072619031e-006 2.538033072570091e-006 2.538033072570006e-006 2.538033072570005e-006 2.538033072570004e-006 2.538033072570005e-006 2.538033072570005e-006 2.538033072570004e-006 2.538033072570004e-006 2.538033072570006e-006 2.538033072570006e-006 2.538033072570006e-006 2.538033072570006e-006 2.538033072570005e-006 2.538033072570006e-006 2.538033072570005e-006
 3.606771886873635e-006 3.606718115052857e-006 3.606718027703506e-006 3.606718027665571e-006 3.606718027665468e-006 3.606718027665467e-006 3.606718027665466e-006 3.606718027665467e-006 3.606718027665467e-006 3.606718027665467e-006 3.606718027665466e-006 3.606718027665467e-006 3.606718027665467e-006 3.606718027665467e-006 3.606718027665467e-006 3.606718027665467e-006 3.606718027665467e-006 3.606718027665467e-006
 4.515774780115346e-006 4.515742489682302e-006 4.515742423803228e-006 4.515742423778129e-006 4.515742423778049e-006 4.515742423778048e-006 4.515742423778048e-006 4.515742423778048e-006 4.515742423778048e-006 4.515742423778048e-006 4.515742423778047e-006 4.515742423778048e-006 4.515742423778048e-006 4.515742423778048e-006 4.515742423778048e-006 4.515742423778048e-006 4.515742423778048e-006 4.515742423778048e-006
