# Created by Octave 3.6.4, Thu Mar 20 15:25:34 2014 N. Central Asia Standard Time <unknown@OShulyakov>
# name: HighCv
# type: matrix
# rows: 50
# columns: 18
 1.032664680931386e-035 1.032463502462053e-036 7.435251709180062e-036 2.040621962928503e-028 2.047863709900729e-028 2.048140510913631e-028 6.741027169693406e-028 6.741017972516583e-028 6.741005372579076e-028 6.740946776211851e-028 6.740955746971978e-028 6.740956897949786e-028 6.740956453195085e-028 6.740956453195137e-028 6.740956453195137e-028 6.740956453195085e-028 6.740956453195137e-028 6.740956453195137e-028
 1.675594481522837e-013 1.67726623369105e-013 1.677709701388726e-013 1.677709746610561e-013 1.677709737878549e-013 1.677709740121292e-013 1.677709731406221e-013 1.677709727303381e-013 1.677709736944057e-013 1.677709734820398e-013 1.67770974046602e-013 1.677709739730922e-013 1.67770974719497e-013 1.677709750646439e-013 1.67770974634161e-013 1.677709752253194e-013 1.677709751243105e-013 1.677709748836911e-013
 6.69813531294168e-013 6.702318446733424e-013 6.703205827797055e-013 6.70320590824266e-013 6.703205900566281e-013 6.703205905708527e-013 6.703205905988643e-013 6.703205908474656e-013 6.703205898414059e-013 6.703205902879065e-013 6.703205920622182e-013 6.703205904486714e-013 6.703205907333103e-013 6.703205902249547e-013 6.703205908289951e-013 6.703205909995092e-013 6.703205906525042e-013 6.703205908092864e-013
 2.67586531383393e-012 2.676805362343286e-012 2.676982704712591e-012 2.676982720570559e-012 2.676982720772326e-012 2.676982720177279e-012 2.676982720240108e-012 2.676982721241833e-012 2.676982720223311e-012 2.676982720457581e-012 2.67698271998662e-012 2.67698272093198e-012 2.676982720629954e-012 2.676982720479554e-012 2.676982720406183e-012 2.676982720640017e-012 2.676982720986791e-012 2.676982720702265e-012
 1.06764349457274e-011 1.067839441809731e-011 1.067874774698411e-011 1.067874778076181e-011 1.067874778230092e-011 1.067874778191859e-011 1.06787477817697e-011 1.067874778296559e-011 1.067874778099107e-011 1.067874778160278e-011 1.067874778210387e-011 1.067874778223122e-011 1.067874778257113e-011 1.067874778314224e-011 1.067874778208881e-011 1.067874778240017e-011 1.067874778274528e-011 1.067874778275397e-011
 4.249086715663994e-011 4.249474472267791e-011 4.249544464126324e-011 4.24954447108985e-011 4.249544471288976e-011 4.249544471245815e-011 4.249544471232567e-011 4.249544471250813e-011 4.24954447124663e-011 4.249544471262307e-011 4.249544471272825e-011 4.249544471223976e-011 4.249544471358094e-011 4.249544471331271e-011 4.249544471350349e-011 4.249544471333657e-011 4.249544471406789e-011 4.249544471415787e-011
 1.682656091549988e-010 1.682728909194467e-010 1.682742625794193e-010 1.682742627180526e-010 1.682742627219069e-010 1.682742627210981e-010 1.682742627207537e-010 1.682742627216726e-010 1.682742627210373e-010 1.682742627206005e-010 1.682742627221157e-010 1.682742627209654e-010 1.682742627216171e-010 1.682742627213448e-010 1.682742627217774e-010 1.682742627217228e-010 1.682742627220464e-010 1.68274262722059e-010
 6.598086606536332e-010 6.598211979779889e-010 6.59823831086019e-010 6.598238313491083e-010 6.598238313535052e-010 6.59823831354755e-010 6.598238313550912e-010 6.598238313549425e-010 6.598238313546543e-010 6.598238313550381e-010 6.598238313553794e-010 6.598238313546783e-010 6.598238313552074e-010 6.598238313561105e-010 6.59823831354939e-010 6.598238313550875e-010 6.598238313541519e-010 6.598238313550993e-010
 2.538201745983751e-009 2.538219531624863e-009 2.538224388379759e-009 2.538224388842306e-009 2.538224388849617e-009 2.538224388850273e-009 2.538224388850763e-009 2.538224388850308e-009 2.538224388850263e-009 2.538224388850649e-009 2.538224388850489e-009 2.538224388850828e-009 2.538224388850056e-009 2.538224388850864e-009 2.538224388850658e-009 2.53822438885105e-009 2.538224388851321e-009 2.538224388850812e-009
 9.416765893299212e-009 9.416779083189643e-009 9.416787388839599e-009 9.416787389546423e-009 9.416787389562901e-009 9.416787389561762e-009 9.416787389562275e-009 9.416787389561084e-009 9.416787389562151e-009 9.416787389562523e-009 9.416787389561566e-009 9.416787389562381e-009 9.416787389562752e-009 9.416787389563059e-009 9.416787389562393e-009 9.416787389562461e-009 9.416787389562449e-009 9.416787389562816e-009
 3.273136336784716e-008 3.273133872761105e-008 3.273135111746951e-008 3.273135111827151e-008 3.273135111829007e-008 3.273135111829108e-008 3.273135111829087e-008 3.273135111829078e-008 3.273135111829162e-008 3.273135111829198e-008 3.273135111829141e-008 3.273135111829129e-008 3.273135111829134e-008 3.273135111829135e-008 3.273135111829165e-008 3.273135111829175e-008 3.273135111829139e-008 3.273135111829141e-008
 1.02168019177559e-007 1.021679182883872e-007 1.021679330350657e-007 1.021679330354568e-007 1.021679330354777e-007 1.021679330354774e-007 1.021679330354775e-007 1.021679330354774e-007 1.021679330354782e-007 1.021679330354778e-007 1.021679330354779e-007 1.021679330354774e-007 1.021679330354785e-007 1.021679330354784e-007 1.02167933035478e-007 1.021679330354777e-007 1.02167933035478e-007 1.021679330354778e-007
 2.730469472732892e-007 2.730468408286933e-007 2.730468535232641e-007 2.730468535228566e-007 2.730468535228689e-007 2.730468535228714e-007 2.730468535228709e-007 2.730468535228708e-007 2.730468535228707e-007 2.73046853522871e-007 2.730468535228705e-007 2.730468535228705e-007 2.730468535228715e-007 2.730468535228718e-007 2.730468535228713e-007 2.730468535228712e-007 2.73046853522871e-007 2.73046853522871e-007
 6.036558682340753e-007 6.036559321521934e-007 6.036559392897242e-007 6.036559392890831e-007 6.036559392890924e-007 6.036559392890926e-007 6.036559392890924e-007 6.036559392890921e-007 6.036559392890925e-007 6.03655939289092e-007 6.036559392890921e-007 6.036559392890924e-007 6.036559392890926e-007 6.036559392890925e-007 6.036559392890927e-007 6.036559392890925e-007 6.036559392890924e-007 6.036559392890927e-007
 1.094082485451272e-006 1.094082641409641e-006 1.094082642600725e-006 1.094082642600613e-006 1.094082642600616e-006 1.094082642600616e-006 1.094082642600616e-006 1.094082642600616e-006 1.094082642600616e-006 1.094082642600616e-006 1.094082642600616e-006 1.094082642600616e-006 1.094082642600616e-006 1.094082642600616e-006 1.094082642600616e-006 1.094082642600616e-006 1.094082642600616e-006 1.094082642600616e-006
 1.647283067704712e-006 1.64728306767177e-006 1.647283064690611e-006 1.647283064690815e-006 1.647283064690819e-006 1.647283064690817e-006 1.647283064690817e-006 1.647283064690817e-006 1.647283064690817e-006 1.647283064690817e-006 1.647283064690817e-006 1.647283064690817e-006 1.647283064690817e-006 1.647283064690817e-006 1.647283064690817e-006 1.647283064690817e-006 1.647283064690817e-006 1.647283064690817e-006
 2.12818347251725e-006 2.128183320197539e-006 2.128183315979093e-006 2.128183315979238e-006 2.128183315979239e-006 2.128183315979239e-006 2.128183315979239e-006 2.128183315979239e-006 2.128183315979239e-006 2.128183315979239e-006 2.128183315979239e-006 2.128183315979239e-006 2.128183315979239e-006 2.128183315979239e-006 2.128183315979239e-006 2.128183315979239e-006 2.128183315979239e-006 2.128183315979239e-006
 2.46598766461803e-006 2.465987494286889e-006 2.465987490854313e-006 2.465987490854361e-006 2.46598749085436e-006 2.465987490854359e-006 2.465987490854359e-006 2.465987490854359e-006 2.46598749085436e-006 2.465987490854359e-006 2.465987490854359e-006 2.465987490854359e-006 2.46598749085436e-006 2.465987490854359e-006 2.465987490854359e-006 2.465987490854359e-006 2.465987490854359e-006 2.465987490854359e-006
