# Created by Octave 3.6.4, Thu Mar 20 15:25:34 2014 N. Central Asia Standard Time <unknown@OShulyakov>
# name: LowTr
# type: matrix
# rows: 50
# columns: 18
 5.615261915575699e-036 1.951950669235199e-036 2.677291358479571e-035 9.827467115504926e-029 9.871466537099459e-029 9.87190562606091e-029 6.376300566576603e-026 6.376280203430922e-026 6.376303219072984e-026 6.376301921193837e-026 6.376304207569393e-026 6.376303872255536e-026 6.376302786424517e-026 6.376302786424517e-026 6.376302786424517e-026 6.376302786424517e-026 6.376302786424517e-026 6.376302786424517e-026
 2.507551132250922e-013 2.549329388570987e-013 2.54943565609674e-013 2.549435767171119e-013 2.549435756015072e-013 2.549435768198211e-013 2.549435729415992e-013 2.549435742277904e-013 2.549435770774321e-013 2.549435761964246e-013 2.549435787011108e-013 2.549435755612277e-013 2.549435774884342e-013 2.549435772870015e-013 2.549435753815729e-013 2.549435760709185e-013 2.549435755066839e-013 2.549435751789056e-013
 1.002440504549311e-012 1.011273058213484e-012 1.011295751674933e-012 1.011295777650487e-012 1.011295777929573e-012 1.011295778989746e-012 1.011295779337205e-012 1.011295778214423e-012 1.011295778875581e-012 1.011295777762783e-012 1.011295778621206e-012 1.011295779340073e-012 1.011295780661812e-012 1.011295781307652e-012 1.01129577954242e-012 1.011295781116276e-012 1.0112957813012e-012 1.011295780807739e-012
 4.005129361697089e-012 4.019864485085726e-012 4.019902560079058e-012 4.019902616155585e-012 4.01990261819872e-012 4.019902614946091e-012 4.019902617668905e-012 4.019902616845667e-012 4.019902615185641e-012 4.019902615235604e-012 4.019902618505585e-012 4.019902617757788e-012 4.019902616247971e-012 4.019902618737831e-012 4.019902616735939e-012 4.019902616612294e-012 4.019902617179922e-012 4.019902616734552e-012
 1.598356657473244e-011 1.600347247370393e-011 1.600352228497781e-011 1.600352237111116e-011 1.600352237103316e-011 1.600352237268987e-011 1.600352237151394e-011 1.600352237181359e-011 1.600352237098496e-011 1.600352237257214e-011 1.60035223719737e-011 1.60035223714003e-011 1.600352237255182e-011 1.600352237306042e-011 1.6003522373322e-011 1.600352237329449e-011 1.60035223732124e-011 1.600352237327823e-011
 6.364041380730435e-011 6.366265406695542e-011 6.366269956898772e-011 6.366269968057293e-011 6.366269968057976e-011 6.366269967939504e-011 6.366269967892811e-011 6.366269968060247e-011 6.366269968002924e-011 6.366269967934598e-011 6.366269967878169e-011 6.366269967801272e-011 6.366269967960524e-011 6.366269967999675e-011 6.366269967983796e-011 6.366269968023955e-011 6.366269967947441e-011 6.366269968106642e-011
 2.522385401686543e-010 2.522564250746035e-010 2.522564148764907e-010 2.522564149826056e-010 2.522564149816015e-010 2.522564149808289e-010 2.522564149812272e-010 2.52256414981534e-010 2.522564149805855e-010 2.522564149811779e-010 2.522564149811869e-010 2.52256414981047e-010 2.522564149834314e-010 2.522564149826898e-010 2.522564149836077e-010 2.522564149814666e-010 2.522564149818538e-010 2.522564149824543e-010
 9.90801091851423e-010 9.907937794202063e-010 9.907935297206262e-010 9.907935297527638e-010 9.907935297519445e-010 9.907935297523387e-010 9.907935297511209e-010 9.907935297522187e-010 9.907935297531503e-010 9.907935297529289e-010 9.907935297513814e-010 9.907935297514466e-010 9.907935297538015e-010 9.907935297538588e-010 9.90793529751898e-010 9.907935297538718e-010 9.907935297528968e-010 9.907935297536007e-010
 3.82454277009829e-009 3.824436356231021e-009 3.824435197595582e-009 3.824435197324555e-009 3.824435197320797e-009 3.824435197320208e-009 3.824435197322408e-009 3.824435197321567e-009 3.824435197322608e-009 3.824435197320041e-009 3.824435197320587e-009 3.82443519732085e-009 3.824435197323195e-009 3.824435197322102e-009 3.82443519732224e-009 3.824435197324077e-009 3.824435197323882e-009 3.824435197322271e-009
 1.428388582843167e-008 1.428342679179067e-008 1.428342243500537e-008 1.428342243365339e-008 1.428342243364209e-008 1.428342243364205e-008 1.428342243364104e-008 1.428342243364175e-008 1.428342243364187e-008 1.428342243364065e-008 1.428342243364161e-008 1.428342243364229e-008 1.428342243364155e-008 1.428342243364405e-008 1.428342243364261e-008 1.428342243364239e-008 1.428342243364273e-008 1.428342243364189e-008
 5.027876318595171e-008 5.027718579230935e-008 5.027717142642631e-008 5.027717142167185e-008 5.027717142163744e-008 5.027717142163647e-008 5.027717142163488e-008 5.027717142163575e-008 5.027717142163449e-008 5.027717142163596e-008 5.027717142163683e-008 5.027717142163453e-008 5.027717142163648e-008 5.02771714216357e-008 5.02771714216364e-008 5.027717142163721e-008 5.027717142163689e-008 5.027717142163667e-008
 1.60525228264992e-007 1.605207126693032e-007 1.605206725756377e-007 1.605206725620946e-007 1.605206725619982e-007 1.605206725619967e-007 1.605206725619958e-007 1.605206725619959e-007 1.60520672561999e-007 1.605206725619979e-007 1.60520672561998e-007 1.605206725619952e-007 1.605206725619971e-007 1.605206725619981e-007 1.605206725619969e-007 1.605206725619974e-007 1.605206725619972e-007 1.60520672561998e-007
 4.448816303364504e-007 4.448713503134232e-007 4.448712613797106e-007 4.448712613494844e-007 4.448712613492728e-007 4.448712613492728e-007 4.448712613492724e-007 4.448712613492734e-007 4.44871261349273e-007 4.448712613492743e-007 4.448712613492727e-007 4.448712613492729e-007 4.448712613492736e-007 4.448712613492745e-007 4.448712613492744e-007 4.448712613492734e-007 4.448712613492739e-007 4.44871261349274e-007
 1.032677424965632e-006 1.032659718509891e-006 1.032659569225926e-006 1.032659569175359e-006 1.032659569174999e-006 1.032659569174998e-006 1.032659569174999e-006 1.032659569174998e-006 1.032659569174998e-006 1.032659569175e-006 1.032659569174998e-006 1.032659569175e-006 1.032659569174999e-006 1.032659569174999e-006 1.032659569174999e-006 1.032659569175e-006 1.032659569174999e-006 1.032659569175e-006
 1.969642653408774e-006 1.96962009014636e-006 1.969619903523744e-006 1.969619903461296e-006 1.969619903460859e-006 1.969619903460857e-006 1.969619903460858e-006 1.969619903460858e-006 1.969619903460858e-006 1.969619903460859e-006 1.969619903460858e-006 1.969619903460858e-006 1.969619903460858e-006 1.969619903460859e-006 1.969619903460858e-006 1.969619903460858e-006 1.969619903460859e-006 1.969619903460858e-006
 3.09053407946364e-006 3.090512558300815e-006 3.090512382111497e-006 3.090512382053457e-006 3.09051238205306e-006 3.090512382053056e-006 3.090512382053056e-006 3.090512382053057e-006 3.090512382053057e-006 3.090512382053056e-006 3.090512382053056e-006 3.090512382053056e-006 3.090512382053057e-006 3.090512382053057e-006 3.090512382053056e-006 3.090512382053056e-006 3.090512382053056e-006 3.090512382053056e-006
 4.102957008187737e-006 4.102940892634831e-006 4.102940761261405e-006 4.102940761218686e-006 4.102940761218386e-006 4.102940761218385e-006 4.102940761218386e-006 4.102940761218385e-006 4.102940761218386e-006 4.102940761218385e-006 4.102940761218386e-006 4.102940761218386e-006 4.102940761218385e-006 4.102940761218385e-006 4.102940761218385e-006 4.102940761218385e-006 4.102940761218385e-006 4.102940761218386e-006
 4.829757087389617e-006 4.829746927098955e-006 4.829746844402216e-006 4.829746844375553e-006 4.829746844375369e-006 4.829746844375369e-006 4.829746844375368e-006 4.829746844375368e-006 4.829746844375369e-006 4.829746844375368e-006 4.829746844375368e-006 4.829746844375368e-006 4.829746844375368e-006 4.829746844375369e-006 4.829746844375369e-006 4.829746844375369e-006 4.829746844375369e-006 4.829746844375368e-006
