# Created by Octave 3.6.4, Sat Mar 08 13:37:41 2014 N. Central Asia Standard Time <unknown@OShulyakov>
# name: HighTr
# type: matrix
# rows: 50
# columns: 18
 4.086135868915077e-011 298.0380982401185 2230428.668047573 19528412.28587424 73284605.72921702 185329303.3349424 371356571.9048767 638473635.4683236 985905418.2350879 1407046060.794436 8047701193.202643 8579631488.837696 8983192215.209349 9287457246.161013 9516940315.247721 9690832264.000353 9823582874.794052 9925857533.843924
 4.086135868915077e-011 298.0380982401185 2230428.668047573 19528412.28587424 73284605.72921702 185329303.3349424 371356571.9048767 638473635.4683236 985905418.2350879 1407046060.794436 8047701193.202643 8579631488.837696 8983192215.209349 9287457246.161013 9516940315.247721 9690832264.000353 9823582874.794052 9925857533.843924
 4.086135868915077e-011 298.0380982401185 2230428.668047573 19528412.28587424 73284605.72921702 185329303.3349424 371356571.9048767 638473635.4683236 985905418.2350879 1407046060.794436 8047701193.202643 8579631488.837696 8983192215.209349 9287457246.161013 9516940315.247721 9690832264.000353 9823582874.794052 9925857533.843924
 4.086135868915077e-011 298.0380982401185 2230428.668047573 19528412.28587424 73284605.72921702 185329303.3349424 371356571.9048767 638473635.4683236 985905418.2350879 1407046060.794436 8047701193.202643 8579631488.837696 8983192215.209349 9287457246.161013 9516940315.247721 9690832264.000353 9823582874.794052 9925857533.843924
 4.086135868915077e-011 298.0380982401185 2230428.668047573 19528412.28587424 73284605.72921702 185329303.3349424 371356571.9048767 638473635.4683236 985905418.2350879 1407046060.794436 8047701193.202643 8579631488.837696 8983192215.209349 9287457246.161013 9516940315.247721 9690832264.000353 9823582874.794052 9925857533.843924
 4.086135868915077e-011 298.0380982401185 2230428.668047573 19528412.28587424 73284605.72921702 185329303.3349424 371356571.9048767 638473635.4683236 985905418.2350879 1407046060.794436 8047701193.202643 8579631488.837696 8983192215.209349 9287457246.161013 9516940315.247721 9690832264.000353 9823582874.794052 9925857533.843924
 1.056052041678168e-010 298.0381008749321 2230428.668047573 19528412.28587424 73284605.72921702 185329303.3349424 371356571.9048767 638473635.4683236 985905418.2350879 1407046060.794436 8047701193.202643 8579631488.837696 8983192215.209349 9287457246.161013 9516940315.247721 9690832264.000353 9823582874.794052 9925857533.843924
 1.056052041678168e-010 298.0381008749321 2230428.668047573 19528412.28587424 73284605.72921702 185329303.3349424 371356571.9048767 638473635.4683236 985905418.2350879 1407046060.794436 8047701193.202643 8579631488.837696 8983192215.209349 9287457246.161013 9516940315.247721 9690832264.000353 9823582874.794052 9925857533.843924
 5.36720637996352e-013 298.0380964926349 2230428.668047573 19528412.28587424 73284605.72921702 185329303.3349424 371356571.9048767 638473635.4683236 985905418.2350879 1407046060.794436 8047701193.202643 8579631488.837696 8983192215.209349 9287457246.161013 9516940315.247721 9690832264.000353 9823582874.794052 9925857533.843924
 1.016276029648337e-011 298.0380992169303 2230428.668047573 19528412.28587424 73284605.72921702 185329303.3349424 371356571.9048767 638473635.4683236 985905418.2350879 1407046060.794436 8047701193.202643 8579631488.837696 8983192215.209349 9287457246.161013 9516940315.247721 9690832264.000353 9823582874.794052 9925857533.843924
 2.018258320883589e-014 298.0380928183625 2230428.668047573 19528412.28587424 73284605.72921702 185329303.3349424 371356571.9048767 638473635.4683236 985905418.2350879 1407046060.794436 8047701193.202643 8579631488.837696 8983192215.209349 9287457246.161013 9516940315.247721 9690832264.000353 9823582874.794052 9925857533.843924
 4.181414948641665e-012 298.0381136926644 2230428.668047573 19528412.28587424 73284605.72921702 185329303.3349424 371356571.9048767 638473635.4683236 985905418.2350879 1407046060.794436 8047701193.202643 8579631488.837696 8983192215.209349 9287457246.161013 9516940315.247721 9690832264.000353 9823582874.794052 9925857533.843924
 5.783585962821451e-012 298.0381014232408 2230428.668047573 19528412.28587424 73284605.72921702 185329303.3349424 371356571.9048767 638473635.4683236 985905418.2350879 1407046060.794436 8047701193.202643 8579631488.837696 8983192215.209349 9287457246.161013 9516940315.247721 9690832264.000353 9823582874.794052 9925857533.843924
 1.854596199184497e-010 298.0381027314029 2230428.668047573 19528412.28587424 73284605.72921702 185329303.3349424 371356571.9048767 638473635.4683236 985905418.2350879 1407046060.794436 8047701193.202643 8579631488.837696 8983192215.209349 9287457246.161013 9516940315.247721 9690832264.000353 9823582874.794052 9925857533.843924
 9.423246849262229e-012 298.0381019190411 2230428.668047573 19528412.28587424 73284605.72921702 185329303.3349424 371356571.9048767 638473635.4683236 985905418.2350879 1407046060.794436 8047701193.202643 8579631488.837696 8983192215.209349 9287457246.161013 9516940315.247721 9690832264.000353 9823582874.794052 9925857533.843924
 1.476785063351945e-012 298.038101323675 2230428.668047573 19528412.28587424 73284605.72921702 185329303.3349424 371356571.9048767 638473635.4683236 985905418.2350879 1407046060.794436 8047701193.202643 8579631488.837696 8983192215.209349 9287457246.161013 9516940315.247721 9690832264.000353 9823582874.794052 9925857533.843924
 1.411529054205577e-010 298.0381103178404 2230428.668047573 19528412.28587424 73284605.72921702 185329303.3349424 371356571.9048767 638473635.4683236 985905418.2350879 1407046060.794436 8047701193.202643 8579631488.837696 8983192215.209349 9287457246.161013 9516940315.247721 9690832264.000353 9823582874.794052 9925857533.843924
 4.755770095608369e-011 298.0381045968576 2230428.668047573 19528412.28587424 73284605.72921702 185329303.3349424 371356571.9048767 638473635.4683236 985905418.2350879 1407046060.794436 8047701193.202643 8579631488.837696 8983192215.209349 9287457246.161013 9516940315.247721 9690832264.000353 9823582874.794052 9925857533.843924
 1.253571072398891e-010 298.0381108556484 2230428.668047573 19528412.28587424 73284605.72921702 185329303.3349424 371356571.9048767 638473635.4683236 985905418.2350879 1407046060.794436 8047701193.202643 8579631488.837696 8983192215.209349 9287457246.161013 9516940315.247721 9690832264.000353 9823582874.794052 9925857533.843924
 4.663629518707452e-012 298.0380990363062 2230428.668047573 19528412.28587424 73284605.72921702 185329303.3349424 371356571.9048767 638473635.4683236 985905418.2350879 1407046060.794436 8047701193.202643 8579631488.837696 8983192215.209349 9287457246.161013 9516940315.247721 9690832264.000353 9823582874.794052 9925857533.843924
 1.494233658429477e-011 298.0381016453699 2230428.668047573 19528412.28587424 73284605.72921702 185329303.3349424 371356571.9048767 638473635.4683236 985905418.2350879 1407046060.794436 8047701193.202643 8579631488.837696 8983192215.209349 9287457246.161013 9516940315.247721 9690832264.000353 9823582874.794052 9925857533.843924
 17615.06299473371 298.0381156248019 2230428.668047573 19528412.28587424 73284605.72921702 185329303.3349424 371356571.9048767 638473635.4683236 985905418.2350879 1407046060.794436 8047701193.202643 8579631488.837696 8983192215.209349 9287457246.161013 9516940315.247721 9690832264.000353 9823582874.794052 9925857533.843924
 2521.968836896459 298.0380970186677 2230428.668047573 19528412.28587424 73284605.72921702 185329303.3349424 371356571.9048767 638473635.4683236 985905418.2350879 1407046060.794436 8047701193.202643 8579631488.837696 8983192215.209349 9287457246.161013 9516940315.247721 9690832264.000353 9823582874.794052 9925857533.843924
