# Created by Octave 3.6.4, Sat Mar 08 13:37:41 2014 N. Central Asia Standard Time <unknown@OShulyakov>
# name: OpenTr
# type: matrix
# rows: 50
# columns: 18
 4.068207917560823e-011 356.3107186401907 2202511.677635476 19366487.15902719 72786211.82532991 184215601.7624908 369312166.1971269 635183874.9931728 981079966.2863666 1400428677.400553 8014046753.974391 8543533532.236444 8945185052.935152 9247975377.939056 9476325951.429863 9649349376.488953 9781432461.378733 9883191565.929457
 4.068207917560823e-011 356.3107186401907 2202511.677635476 19366487.15902719 72786211.82532991 184215601.7624908 369312166.1971269 635183874.9931728 981079966.2863666 1400428677.400553 8014046753.974391 8543533532.236444 8945185052.935152 9247975377.939056 9476325951.429863 9649349376.488953 9781432461.378733 9883191565.929457
 4.068207917560823e-011 356.3107186401907 2202511.677635476 19366487.15902719 72786211.82532991 184215601.7624908 369312166.1971269 635183874.9931728 981079966.2863666 1400428677.400553 8014046753.974391 8543533532.236444 8945185052.935152 9247975377.939056 9476325951.429863 9649349376.488953 9781432461.378733 9883191565.929457
 4.068207917560823e-011 356.3107186401907 2202511.677635476 19366487.15902719 72786211.82532991 184215601.7624908 369312166.1971269 635183874.9931728 981079966.2863666 1400428677.400553 8014046753.974391 8543533532.236444 8945185052.935152 9247975377.939056 9476325951.429863 9649349376.488953 9781432461.378733 9883191565.929457
 4.068207917560823e-011 356.3107186401907 2202511.677635476 19366487.15902719 72786211.82532991 184215601.7624908 369312166.1971269 635183874.9931728 981079966.2863666 1400428677.400553 8014046753.974391 8543533532.236444 8945185052.935152 9247975377.939056 9476325951.429863 9649349376.488953 9781432461.378733 9883191565.929457
 4.068207917560823e-011 356.3107186401907 2202511.677635476 19366487.15902719 72786211.82532991 184215601.7624908 369312166.1971269 635183874.9931728 981079966.2863666 1400428677.400553 8014046753.974391 8543533532.236444 8945185052.935152 9247975377.939056 9476325951.429863 9649349376.488953 9781432461.378733 9883191565.929457
 1.051598412318303e-010 356.3106981938394 2202511.677635476 19366487.15902719 72786211.82532991 184215601.7624908 369312166.1971269 635183874.9931728 981079966.2863666 1400428677.400553 8014046753.974391 8543533532.236444 8945185052.935152 9247975377.939056 9476325951.429863 9649349376.488953 9781432461.378733 9883191565.929457
 1.051598412318303e-010 356.3106981938394 2202511.677635476 19366487.15902719 72786211.82532991 184215601.7624908 369312166.1971269 635183874.9931728 981079966.2863666 1400428677.400553 8014046753.974391 8543533532.236444 8945185052.935152 9247975377.939056 9476325951.429863 9649349376.488953 9781432461.378733 9883191565.929457
 5.310645703280076e-013 356.3107176846942 2202511.677635476 19366487.15902719 72786211.82532991 184215601.7624908 369312166.1971269 635183874.9931728 981079966.2863666 1400428677.400553 8014046753.974391 8543533532.236444 8945185052.935152 9247975377.939056 9476325951.429863 9649349376.488953 9781432461.378733 9883191565.929457
 1.012448573913622e-011 356.3107137118896 2202511.677635476 19366487.15902719 72786211.82532991 184215601.7624908 369312166.1971269 635183874.9931728 981079966.2863666 1400428677.400553 8014046753.974391 8543533532.236444 8945185052.935152 9247975377.939056 9476325951.429863 9649349376.488953 9781432461.378733 9883191565.929457
 1.892374498834237e-014 356.3107020492756 2202511.677635476 19366487.15902719 72786211.82532991 184215601.7624908 369312166.1971269 635183874.9931728 981079966.2863666 1400428677.400553 8014046753.974391 8543533532.236444 8945185052.935152 9247975377.939056 9476325951.429863 9649349376.488953 9781432461.378733 9883191565.929457
 4.164173015828559e-012 356.3106994314801 2202511.677635476 19366487.15902719 72786211.82532991 184215601.7624908 369312166.1971269 635183874.9931728 981079966.2863666 1400428677.400553 8014046753.974391 8543533532.236444 8945185052.935152 9247975377.939056 9476325951.429863 9649349376.488953 9781432461.378733 9883191565.929457
 5.743972015328556e-012 356.3106943491716 2202511.677635476 19366487.15902719 72786211.82532991 184215601.7624908 369312166.1971269 635183874.9931728 981079966.2863666 1400428677.400553 8014046753.974391 8543533532.236444 8945185052.935152 9247975377.939056 9476325951.429863 9649349376.488953 9781432461.378733 9883191565.929457
 1.846890909152873e-010 356.3106849047447 2202511.677635476 19366487.15902719 72786211.82532991 184215601.7624908 369312166.1971269 635183874.9931728 981079966.2863666 1400428677.400553 8014046753.974391 8543533532.236444 8945185052.935152 9247975377.939056 9476325951.429863 9649349376.488953 9781432461.378733 9883191565.929457
 9.391541451507629e-012 356.3107161913888 2202511.677635476 19366487.15902719 72786211.82532991 184215601.7624908 369312166.1971269 635183874.9931728 981079966.2863666 1400428677.400553 8014046753.974391 8543533532.236444 8945185052.935152 9247975377.939056 9476325951.429863 9649349376.488953 9781432461.378733 9883191565.929457
 1.458057812189148e-012 356.3107101543249 2202511.677635476 19366487.15902719 72786211.82532991 184215601.7624908 369312166.1971269 635183874.9931728 981079966.2863666 1400428677.400553 8014046753.974391 8543533532.236444 8945185052.935152 9247975377.939056 9476325951.429863 9649349376.488953 9781432461.378733 9883191565.929457
 1.403939942151995e-010 356.3106934415335 2202511.677635476 19366487.15902719 72786211.82532991 184215601.7624908 369312166.1971269 635183874.9931728 981079966.2863666 1400428677.400553 8014046753.974391 8543533532.236444 8945185052.935152 9247975377.939056 9476325951.429863 9649349376.488953 9781432461.378733 9883191565.929457
 4.743399273035583e-011 356.3107181030434 2202511.677635476 19366487.15902719 72786211.82532991 184215601.7624908 369312166.1971269 635183874.9931728 981079966.2863666 1400428677.400553 8014046753.974391 8543533532.236444 8945185052.935152 9247975377.939056 9476325951.429863 9649349376.488953 9781432461.378733 9883191565.929457
 1.244609615972237e-010 356.3107189341069 2202511.677635476 19366487.15902719 72786211.82532991 184215601.7624908 369312166.1971269 635183874.9931728 981079966.2863666 1400428677.400553 8014046753.974391 8543533532.236444 8945185052.935152 9247975377.939056 9476325951.429863 9649349376.488953 9781432461.378733 9883191565.929457
 4.036548021074167e-012 356.3107033169213 2202511.677635476 19366487.15902719 72786211.82532991 184215601.7624908 369312166.1971269 635183874.9931728 981079966.2863666 1400428677.400553 8014046753.974391 8543533532.236444 8945185052.935152 9247975377.939056 9476325951.429863 9649349376.488953 9781432461.378733 9883191565.929457
 1.249723989376332e-011 356.3106984423815 2202511.677635476 19366487.15902719 72786211.82532991 184215601.7624908 369312166.1971269 635183874.9931728 981079966.2863666 1400428677.400553 8014046753.974391 8543533532.236444 8945185052.935152 9247975377.939056 9476325951.429863 9649349376.488953 9781432461.378733 9883191565.929457
 17538.76256918268 356.3107264668379 2202511.677635476 19366487.15902719 72786211.82532991 184215601.7624908 369312166.1971269 635183874.9931728 981079966.2863666 1400428677.400553 8014046753.974391 8543533532.236444 8945185052.935152 9247975377.939056 9476325951.429863 9649349376.488953 9781432461.378733 9883191565.929457
 2511.005956803292 356.3107192235186 2202511.677635476 19366487.15902719 72786211.82532991 184215601.7624908 369312166.1971269 635183874.9931728 981079966.2863666 1400428677.400553 8014046753.974391 8543533532.236444 8945185052.935152 9247975377.939056 9476325951.429863 9649349376.488953 9781432461.378733 9883191565.929457
