# Created by Octave 3.6.4, Mon Mar 10 00:29:54 2014 N. Central Asia Standard Time <unknown@OShulyakov>
# name: LowCv
# type: matrix
# rows: 50
# columns: 18
 2.577125679071684e-010 1760.325370752719 18385850.01515068 132223499.0907725 415937017.4705686 937665909.0808352 1818898552.451375 3275033870.031691 5615965244.679238 9230326524.975832 18897741132.78282 15806485379.19601 13519241767.01264 11958828231.34403 10975139592.18125 10420497177.50061 10175231439.05082 10150702883.05029
 2.577125679071684e-010 1760.325370752719 18385850.01515068 132223499.0907725 415937017.4705686 937665909.0808352 1818898552.451375 3275033870.031691 5615965244.679238 9230326524.975832 18897741132.78282 15806485379.19601 13519241767.01264 11958828231.34403 10975139592.18125 10420497177.50061 10175231439.05082 10150702883.05029
 2.577125679071684e-010 1760.325370752719 18385850.01515068 132223499.0907725 415937017.4705686 937665909.0808352 1818898552.451375 3275033870.031691 5615965244.679238 9230326524.975832 18897741132.78282 15806485379.19601 13519241767.01264 11958828231.34403 10975139592.18125 10420497177.50061 10175231439.05082 10150702883.05029
 2.577125679071684e-010 1760.325370752719 18385850.01515068 132223499.0907725 415937017.4705686 937665909.0808352 1818898552.451375 3275033870.031691 5615965244.679238 9230326524.975832 18897741132.78282 15806485379.19601 13519241767.01264 11958828231.34403 10975139592.18125 10420497177.50061 10175231439.05082 10150702883.05029
 2.577125679071684e-010 1760.325370752719 18385850.01515068 132223499.0907725 415937017.4705686 937665909.0808352 1818898552.451375 3275033870.031691 5615965244.679238 9230326524.975832 18897741132.78282 15806485379.19601 13519241767.01264 11958828231.34403 10975139592.18125 10420497177.50061 10175231439.05082 10150702883.05029
 2.577125679071684e-010 1760.325370752719 18385850.01515068 132223499.0907725 415937017.4705686 937665909.0808352 1818898552.451375 3275033870.031691 5615965244.679238 9230326524.975832 18897741132.78282 15806485379.19601 13519241767.01264 11958828231.34403 10975139592.18125 10420497177.50061 10175231439.05082 10150702883.05029
 1.982389564881268e-011 1760.325501177777 18385850.01515068 132223499.0907725 415937017.4705686 937665909.0808352 1818898552.451375 3275033870.031691 5615965244.679238 9230326524.975832 18897741132.78282 15806485379.19601 13519241767.01264 11958828231.34403 10975139592.18125 10420497177.50061 10175231439.05082 10150702883.05029
 1.982389564881268e-011 1760.325501177777 18385850.01515068 132223499.0907725 415937017.4705686 937665909.0808352 1818898552.451375 3275033870.031691 5615965244.679238 9230326524.975832 18897741132.78282 15806485379.19601 13519241767.01264 11958828231.34403 10975139592.18125 10420497177.50061 10175231439.05082 10150702883.05029
 1.416550624645676e-012 1760.325489521395 18385850.01515068 132223499.0907725 415937017.4705686 937665909.0808352 1818898552.451375 3275033870.031691 5615965244.679238 9230326524.975832 18897741132.78282 15806485379.19601 13519241767.01264 11958828231.34403 10975139592.18125 10420497177.50061 10175231439.05082 10150702883.05029
 9.088781171573941e-011 1760.325505232499 18385850.01515068 132223499.0907725 415937017.4705686 937665909.0808352 1818898552.451375 3275033870.031691 5615965244.679238 9230326524.975832 18897741132.78282 15806485379.19601 13519241767.01264 11958828231.34403 10975139592.18125 10420497177.50061 10175231439.05082 10150702883.05029
 2.697966191500791e-012 1760.325603707809 18385850.01515068 132223499.0907725 415937017.4705686 937665909.0808352 1818898552.451375 3275033870.031691 5615965244.679238 9230326524.975832 18897741132.78282 15806485379.19601 13519241767.01264 11958828231.34403 10975139592.18125 10420497177.50061 10175231439.05082 10150702883.05029
 3.556632113232094e-011 1760.325594191955 18385850.01515068 132223499.0907725 415937017.4705686 937665909.0808352 1818898552.451375 3275033870.031691 5615965244.679238 9230326524.975832 18897741132.78282 15806485379.19601 13519241767.01264 11958828231.34403 10975139592.18125 10420497177.50061 10175231439.05082 10150702883.05029
 1.204202158955457e-010 1760.325491224134 18385850.01515068 132223499.0907725 415937017.4705686 937665909.0808352 1818898552.451375 3275033870.031691 5615965244.679238 9230326524.975832 18897741132.78282 15806485379.19601 13519241767.01264 11958828231.34403 10975139592.18125 10420497177.50061 10175231439.05082 10150702883.05029
 3.482967938459516e-011 1760.325698062192 18385850.01515068 132223499.0907725 415937017.4705686 937665909.0808352 1818898552.451375 3275033870.031691 5615965244.679238 9230326524.975832 18897741132.78282 15806485379.19601 13519241767.01264 11958828231.34403 10975139592.18125 10420497177.50061 10175231439.05082 10150702883.05029
 8.705643690947403e-011 1760.32562414532 18385850.01515068 132223499.0907725 415937017.4705686 937665909.0808352 1818898552.451375 3275033870.031691 5615965244.679238 9230326524.975832 18897741132.78282 15806485379.19601 13519241767.01264 11958828231.34403 10975139592.18125 10420497177.50061 10175231439.05082 10150702883.05029
 6.612711239126842e-013 1760.325384568594 18385850.01515068 132223499.0907725 415937017.4705686 937665909.0808352 1818898552.451375 3275033870.031691 5615965244.679238 9230326524.975832 18897741132.78282 15806485379.19601 13519241767.01264 11958828231.34403 10975139592.18125 10420497177.50061 10175231439.05082 10150702883.05029
 5.081679311396236e-011 1760.325597367238 18385850.01515068 132223499.0907725 415937017.4705686 937665909.0808352 1818898552.451375 3275033870.031691 5615965244.679238 9230326524.975832 18897741132.78282 15806485379.19601 13519241767.01264 11958828231.34403 10975139592.18125 10420497177.50061 10175231439.05082 10150702883.05029
 2.211272967819072e-010 1760.293508638039 18385850.01515068 132223499.0907725 415937017.4705686 937665909.0808352 1818898552.451375 3275033870.031691 5615965244.679238 9230326524.975832 18897741132.78282 15806485379.19601 13519241767.01264 11958828231.34403 10975139592.18125 10420497177.50061 10175231439.05082 10150702883.05029
 7.308830729048266e-011 1760.293450553544 18385850.01515068 132223499.0907725 415937017.4705686 937665909.0808352 1818898552.451375 3275033870.031691 5615965244.679238 9230326524.975832 18897741132.78282 15806485379.19601 13519241767.01264 11958828231.34403 10975139592.18125 10420497177.50061 10175231439.05082 10150702883.05029
 2.777738205903663e-010 1760.293461178478 18385850.01515068 132223499.0907725 415937017.4705686 937665909.0808352 1818898552.451375 3275033870.031691 5615965244.679238 9230326524.975832 18897741132.78282 15806485379.19601 13519241767.01264 11958828231.34403 10975139592.18125 10420497177.50061 10175231439.05082 10150702883.05029
 8.708833452221917e-011 1760.293503787196 18385850.01515068 132223499.0907725 415937017.4705686 937665909.0808352 1818898552.451375 3275033870.031691 5615965244.679238 9230326524.975832 18897741132.78282 15806485379.19601 13519241767.01264 11958828231.34403 10975139592.18125 10420497177.50061 10175231439.05082 10150702883.05029
 681.6459580137981 1760.293551640601 18385850.01515068 132223499.0907725 415937017.4705686 937665909.0808352 1818898552.451375 3275033870.031691 5615965244.679238 9230326524.975832 18897741132.78282 15806485379.19601 13519241767.01264 11958828231.34403 10975139592.18125 10420497177.50061 10175231439.05082 10150702883.05029
 10.26525979924434 1760.321362228717 18385850.01515068 132223499.0907725 415937017.4705686 937665909.0808352 1818898552.451375 3275033870.031691 5615965244.679238 9230326524.975832 18897741132.78282 15806485379.19601 13519241767.01264 11958828231.34403 10975139592.18125 10420497177.50061 10175231439.05082 10150702883.05029
