# Created by Octave 3.6.4, Mon Mar 10 00:29:54 2014 N. Central Asia Standard Time <unknown@OShulyakov>
# name: LowTr
# type: matrix
# rows: 50
# columns: 18
 1.634495925670555e-010 328.0584491197517 2173980.620492802 19200244.81900725 72271672.76268782 183060419.033159 367183434.3093797 631748419.8077775 976031903.5823461 1393502747.707761 7979698975.882147 8506731172.097362 8906455619.938173 9207746512.989096 9434935445.068239 9607059634.739573 9738445167.972086 9839660783.200293
 1.634495925670555e-010 328.0584491197517 2173980.620492802 19200244.81900725 72271672.76268782 183060419.033159 367183434.3093797 631748419.8077775 976031903.5823461 1393502747.707761 7979698975.882147 8506731172.097362 8906455619.938173 9207746512.989096 9434935445.068239 9607059634.739573 9738445167.972086 9839660783.200293
 1.634495925670555e-010 328.0584491197517 2173980.620492802 19200244.81900725 72271672.76268782 183060419.033159 367183434.3093797 631748419.8077775 976031903.5823461 1393502747.707761 7979698975.882147 8506731172.097362 8906455619.938173 9207746512.989096 9434935445.068239 9607059634.739573 9738445167.972086 9839660783.200293
 1.634495925670555e-010 328.0584491197517 2173980.620492802 19200244.81900725 72271672.76268782 183060419.033159 367183434.3093797 631748419.8077775 976031903.5823461 1393502747.707761 7979698975.882147 8506731172.097362 8906455619.938173 9207746512.989096 9434935445.068239 9607059634.739573 9738445167.972086 9839660783.200293
 1.634495925670555e-010 328.0584491197517 2173980.620492802 19200244.81900725 72271672.76268782 183060419.033159 367183434.3093797 631748419.8077775 976031903.5823461 1393502747.707761 7979698975.882147 8506731172.097362 8906455619.938173 9207746512.989096 9434935445.068239 9607059634.739573 9738445167.972086 9839660783.200293
 1.634495925670555e-010 328.0584491197517 2173980.620492802 19200244.81900725 72271672.76268782 183060419.033159 367183434.3093797 631748419.8077775 976031903.5823461 1393502747.707761 7979698975.882147 8506731172.097362 8906455619.938173 9207746512.989096 9434935445.068239 9607059634.739573 9738445167.972086 9839660783.200293
 1.225178502286258e-011 328.0584607049927 2173980.620492802 19200244.81900725 72271672.76268782 183060419.033159 367183434.3093797 631748419.8077775 976031903.5823461 1393502747.707761 7979698975.882147 8506731172.097362 8906455619.938173 9207746512.989096 9434935445.068239 9607059634.739573 9738445167.972086 9839660783.200293
 1.225178502286258e-011 328.0584607049927 2173980.620492802 19200244.81900725 72271672.76268782 183060419.033159 367183434.3093797 631748419.8077775 976031903.5823461 1393502747.707761 7979698975.882147 8506731172.097362 8906455619.938173 9207746512.989096 9434935445.068239 9607059634.739573 9738445167.972086 9839660783.200293
 8.362552529000951e-013 328.0584516674167 2173980.620492802 19200244.81900725 72271672.76268782 183060419.033159 367183434.3093797 631748419.8077775 976031903.5823461 1393502747.707761 7979698975.882147 8506731172.097362 8906455619.938173 9207746512.989096 9434935445.068239 9607059634.739573 9738445167.972086 9839660783.200293
 5.664155887680917e-011 328.058468791491 2173980.620492802 19200244.81900725 72271672.76268782 183060419.033159 367183434.3093797 631748419.8077775 976031903.5823461 1393502747.707761 7979698975.882147 8506731172.097362 8906455619.938173 9207746512.989096 9434935445.068239 9607059634.739573 9738445167.972086 9839660783.200293
 1.807305770192296e-012 328.0584715084809 2173980.620492802 19200244.81900725 72271672.76268782 183060419.033159 367183434.3093797 631748419.8077775 976031903.5823461 1393502747.707761 7979698975.882147 8506731172.097362 8906455619.938173 9207746512.989096 9434935445.068239 9607059634.739573 9738445167.972086 9839660783.200293
 2.211363689214765e-011 328.0584580340577 2173980.620492802 19200244.81900725 72271672.76268782 183060419.033159 367183434.3093797 631748419.8077775 976031903.5823461 1393502747.707761 7979698975.882147 8506731172.097362 8906455619.938173 9207746512.989096 9434935445.068239 9607059634.739573 9738445167.972086 9839660783.200293
 7.511478580254896e-011 328.0584488564533 2173980.620492802 19200244.81900725 72271672.76268782 183060419.033159 367183434.3093797 631748419.8077775 976031903.5823461 1393502747.707761 7979698975.882147 8506731172.097362 8906455619.938173 9207746512.989096 9434935445.068239 9607059634.739573 9738445167.972086 9839660783.200293
 2.229065020551834e-011 328.0584616744106 2173980.620492802 19200244.81900725 72271672.76268782 183060419.033159 367183434.3093797 631748419.8077775 976031903.5823461 1393502747.707761 7979698975.882147 8506731172.097362 8906455619.938173 9207746512.989096 9434935445.068239 9607059634.739573 9738445167.972086 9839660783.200293
 5.436980002901695e-011 328.0584588798634 2173980.620492802 19200244.81900725 72271672.76268782 183060419.033159 367183434.3093797 631748419.8077775 976031903.5823461 1393502747.707761 7979698975.882147 8506731172.097362 8906455619.938173 9207746512.989096 9434935445.068239 9607059634.739573 9738445167.972086 9839660783.200293
 4.657405100624798e-013 328.0584552626469 2173980.620492802 19200244.81900725 72271672.76268782 183060419.033159 367183434.3093797 631748419.8077775 976031903.5823461 1393502747.707761 7979698975.882147 8506731172.097362 8906455619.938173 9207746512.989096 9434935445.068239 9607059634.739573 9738445167.972086 9839660783.200293
 3.17833172604725e-011 328.0584691166202 2173980.620492802 19200244.81900725 72271672.76268782 183060419.033159 367183434.3093797 631748419.8077775 976031903.5823461 1393502747.707761 7979698975.882147 8506731172.097362 8906455619.938173 9207746512.989096 9434935445.068239 9607059634.739573 9738445167.972086 9839660783.200293
 1.391875867317572e-010 328.0581682976909 2173980.620492802 19200244.81900725 72271672.76268782 183060419.033159 367183434.3093797 631748419.8077775 976031903.5823461 1393502747.707761 7979698975.882147 8506731172.097362 8906455619.938173 9207746512.989096 9434935445.068239 9607059634.739573 9738445167.972086 9839660783.200293
 4.687382635309586e-011 328.0581647602544 2173980.620492802 19200244.81900725 72271672.76268782 183060419.033159 367183434.3093797 631748419.8077775 976031903.5823461 1393502747.707761 7979698975.882147 8506731172.097362 8906455619.938173 9207746512.989096 9434935445.068239 9607059634.739573 9738445167.972086 9839660783.200293
 1.750712321787935e-010 328.0581637065038 2173980.620492802 19200244.81900725 72271672.76268782 183060419.033159 367183434.3093797 631748419.8077775 976031903.5823461 1393502747.707761 7979698975.882147 8506731172.097362 8906455619.938173 9207746512.989096 9434935445.068239 9607059634.739573 9738445167.972086 9839660783.200293
 6.724281270456541e-011 328.0581655526202 2173980.620492802 19200244.81900725 72271672.76268782 183060419.033159 367183434.3093797 631748419.8077775 976031903.5823461 1393502747.707761 7979698975.882147 8506731172.097362 8906455619.938173 9207746512.989096 9434935445.068239 9607059634.739573 9738445167.972086 9839660783.200293
 429.4495232077405 328.0581661487835 2173980.620492802 19200244.81900725 72271672.76268782 183060419.033159 367183434.3093797 631748419.8077775 976031903.5823461 1393502747.707761 7979698975.882147 8506731172.097362 8906455619.938173 9207746512.989096 9434935445.068239 9607059634.739573 9738445167.972086 9839660783.200293
 6.456762385039923 328.0584369752474 2173980.620492802 19200244.81900725 72271672.76268782 183060419.033159 367183434.3093797 631748419.8077775 976031903.5823461 1393502747.707761 7979698975.882147 8506731172.097362 8906455619.938173 9207746512.989096 9434935445.068239 9607059634.739573 9738445167.972086 9839660783.200293
