# Created by Octave 3.6.4, Mon Mar 10 00:29:54 2014 N. Central Asia Standard Time <unknown@OShulyakov>
# name: OpenTr
# type: matrix
# rows: 50
# columns: 18
 1.635437653415529e-010 356.4465035533213 2202511.677320124 19366487.15900343 72786211.82533094 184215601.7624688 369312166.197274 635183874.9931471 981079966.2862333 1400428677.400502 8014046753.974391 8543533532.236444 8945185052.935152 9247975377.939056 9476325951.429863 9649349376.488953 9781432461.378733 9883191565.929457
 1.635437653415529e-010 356.4465035533213 2202511.677320124 19366487.15900343 72786211.82533094 184215601.7624688 369312166.197274 635183874.9931471 981079966.2862333 1400428677.400502 8014046753.974391 8543533532.236444 8945185052.935152 9247975377.939056 9476325951.429863 9649349376.488953 9781432461.378733 9883191565.929457
 1.635437653415529e-010 356.4465035533213 2202511.677320124 19366487.15900343 72786211.82533094 184215601.7624688 369312166.197274 635183874.9931471 981079966.2862333 1400428677.400502 8014046753.974391 8543533532.236444 8945185052.935152 9247975377.939056 9476325951.429863 9649349376.488953 9781432461.378733 9883191565.929457
 1.635437653415529e-010 356.4465035533213 2202511.677320124 19366487.15900343 72786211.82533094 184215601.7624688 369312166.197274 635183874.9931471 981079966.2862333 1400428677.400502 8014046753.974391 8543533532.236444 8945185052.935152 9247975377.939056 9476325951.429863 9649349376.488953 9781432461.378733 9883191565.929457
 1.635437653415529e-010 356.4465035533213 2202511.677320124 19366487.15900343 72786211.82533094 184215601.7624688 369312166.197274 635183874.9931471 981079966.2862333 1400428677.400502 8014046753.974391 8543533532.236444 8945185052.935152 9247975377.939056 9476325951.429863 9649349376.488953 9781432461.378733 9883191565.929457
 1.635437653415529e-010 356.4465035533213 2202511.677320124 19366487.15900343 72786211.82533094 184215601.7624688 369312166.197274 635183874.9931471 981079966.2862333 1400428677.400502 8014046753.974391 8543533532.236444 8945185052.935152 9247975377.939056 9476325951.429863 9649349376.488953 9781432461.378733 9883191565.929457
 1.237309547462758e-011 356.4464913442083 2202511.677320124 19366487.15900343 72786211.82533094 184215601.7624688 369312166.197274 635183874.9931471 981079966.2862333 1400428677.400502 8014046753.974391 8543533532.236444 8945185052.935152 9247975377.939056 9476325951.429863 9649349376.488953 9781432461.378733 9883191565.929457
 1.237309547462758e-011 356.4464913442083 2202511.677320124 19366487.15900343 72786211.82533094 184215601.7624688 369312166.197274 635183874.9931471 981079966.2862333 1400428677.400502 8014046753.974391 8543533532.236444 8945185052.935152 9247975377.939056 9476325951.429863 9649349376.488953 9781432461.378733 9883191565.929457
 8.225601073137514e-013 356.4464913043336 2202511.677320124 19366487.15900343 72786211.82533094 184215601.7624688 369312166.197274 635183874.9931471 981079966.2862333 1400428677.400502 8014046753.974391 8543533532.236444 8945185052.935152 9247975377.939056 9476325951.429863 9649349376.488953 9781432461.378733 9883191565.929457
 5.787842472061648e-011 356.4464785978115 2202511.677320124 19366487.15900343 72786211.82533094 184215601.7624688 369312166.197274 635183874.9931471 981079966.2862333 1400428677.400502 8014046753.974391 8543533532.236444 8945185052.935152 9247975377.939056 9476325951.429863 9649349376.488953 9781432461.378733 9883191565.929457
 1.827732080571784e-012 356.4464794177259 2202511.677320124 19366487.15900343 72786211.82533094 184215601.7624688 369312166.197274 635183874.9931471 981079966.2862333 1400428677.400502 8014046753.974391 8543533532.236444 8945185052.935152 9247975377.939056 9476325951.429863 9649349376.488953 9781432461.378733 9883191565.929457
 2.271919515882468e-011 356.4464872211813 2202511.677320124 19366487.15900343 72786211.82533094 184215601.7624688 369312166.197274 635183874.9931471 981079966.2862333 1400428677.400502 8014046753.974391 8543533532.236444 8945185052.935152 9247975377.939056 9476325951.429863 9649349376.488953 9781432461.378733 9883191565.929457
 7.527428084178863e-011 356.4464933562485 2202511.677320124 19366487.15900343 72786211.82533094 184215601.7624688 369312166.197274 635183874.9931471 981079966.2862333 1400428677.400502 8014046753.974391 8543533532.236444 8945185052.935152 9247975377.939056 9476325951.429863 9649349376.488953 9781432461.378733 9883191565.929457
 2.25657244742354e-011 356.4464942124033 2202511.677320124 19366487.15900343 72786211.82533094 184215601.7624688 369312166.197274 635183874.9931471 981079966.2862333 1400428677.400502 8014046753.974391 8543533532.236444 8945185052.935152 9247975377.939056 9476325951.429863 9649349376.488953 9781432461.378733 9883191565.929457
 5.576531373444427e-011 356.4464738832739 2202511.677320124 19366487.15900343 72786211.82533094 184215601.7624688 369312166.197274 635183874.9931471 981079966.2862333 1400428677.400502 8014046753.974391 8543533532.236444 8945185052.935152 9247975377.939056 9476325951.429863 9649349376.488953 9781432461.378733 9883191565.929457
 4.801431067953862e-013 356.4464913071504 2202511.677320124 19366487.15900343 72786211.82533094 184215601.7624688 369312166.197274 635183874.9931471 981079966.2862333 1400428677.400502 8014046753.974391 8543533532.236444 8945185052.935152 9247975377.939056 9476325951.429863 9649349376.488953 9781432461.378733 9883191565.929457
 3.248315057420672e-011 356.4464940326267 2202511.677320124 19366487.15900343 72786211.82533094 184215601.7624688 369312166.197274 635183874.9931471 981079966.2862333 1400428677.400502 8014046753.974391 8543533532.236444 8945185052.935152 9247975377.939056 9476325951.429863 9649349376.488953 9781432461.378733 9883191565.929457
 1.373572687656461e-010 356.4461853882453 2202511.677320124 19366487.15900343 72786211.82533094 184215601.7624688 369312166.197274 635183874.9931471 981079966.2862333 1400428677.400502 8014046753.974391 8543533532.236444 8945185052.935152 9247975377.939056 9476325951.429863 9649349376.488953 9781432461.378733 9883191565.929457
 4.724255472568141e-011 356.446187371559 2202511.677320124 19366487.15900343 72786211.82533094 184215601.7624688 369312166.197274 635183874.9931471 981079966.2862333 1400428677.400502 8014046753.974391 8543533532.236444 8945185052.935152 9247975377.939056 9476325951.429863 9649349376.488953 9781432461.378733 9883191565.929457
 1.769523791995635e-010 356.4461840797134 2202511.677320124 19366487.15900343 72786211.82533094 184215601.7624688 369312166.197274 635183874.9931471 981079966.2862333 1400428677.400502 8014046753.974391 8543533532.236444 8945185052.935152 9247975377.939056 9476325951.429863 9649349376.488953 9781432461.378733 9883191565.929457
 6.501048775000256e-011 356.4461856880803 2202511.677320124 19366487.15900343 72786211.82533094 184215601.7624688 369312166.197274 635183874.9931471 981079966.2862333 1400428677.400502 8014046753.974391 8543533532.236444 8945185052.935152 9247975377.939056 9476325951.429863 9649349376.488953 9781432461.378733 9883191565.929457
 431.3175244101485 356.4461800443219 2202511.677320124 19366487.15900343 72786211.82533094 184215601.7624688 369312166.197274 635183874.9931471 981079966.2862333 1400428677.400502 8014046753.974391 8543533532.236444 8945185052.935152 9247975377.939056 9476325951.429863 9649349376.488953 9781432461.378733 9883191565.929457
 6.484027528548582 356.4464347551253 2202511.677320124 19366487.15900343 72786211.82533094 184215601.7624688 369312166.197274 635183874.9931471 981079966.2862333 1400428677.400502 8014046753.974391 8543533532.236444 8945185052.935152 9247975377.939056 9476325951.429863 9649349376.488953 9781432461.378733 9883191565.929457
