# Created by Octave 3.6.4, Sun Mar 09 01:01:17 2014 N. Central Asia Standard Time <unknown@OShulyakov>
# name: HighCv
# type: matrix
# rows: 50
# columns: 20
 2.098073184265297e-008 1587.670450521371 18928977.86073969 134652387.0795841 421849834.0267429 948738937.2580508 1837560267.30747 3305629268.366339 5665941750.927646 9311178169.947309 14697560400.77503 22323055383.16636 32680293415.14642 46162263213.57886 11074552584.46406 10512168910.2603 10261828201.39111 10234375970.42368 10366924490.55462 10616543763.4354
 2.098073184265297e-008 1587.670450521371 18928977.86073969 134652387.0795841 421849834.0267429 948738937.2580508 1837560267.30747 3305629268.366339 5665941750.927646 9311178169.947309 14697560400.77503 22323055383.16636 32680293415.14642 46162263213.57886 11074552584.46406 10512168910.2603 10261828201.39111 10234375970.42368 10366924490.55462 10616543763.4354
 2.098073184265297e-008 1587.670450521371 18928977.86073969 134652387.0795841 421849834.0267429 948738937.2580508 1837560267.30747 3305629268.366339 5665941750.927646 9311178169.947309 14697560400.77503 22323055383.16636 32680293415.14642 46162263213.57886 11074552584.46406 10512168910.2603 10261828201.39111 10234375970.42368 10366924490.55462 10616543763.4354
 2.098073184265297e-008 1587.670450521371 18928977.86073969 134652387.0795841 421849834.0267429 948738937.2580508 1837560267.30747 3305629268.366339 5665941750.927646 9311178169.947309 14697560400.77503 22323055383.16636 32680293415.14642 46162263213.57886 11074552584.46406 10512168910.2603 10261828201.39111 10234375970.42368 10366924490.55462 10616543763.4354
 2.098073184265297e-008 1587.670450521371 18928977.86073969 134652387.0795841 421849834.0267429 948738937.2580508 1837560267.30747 3305629268.366339 5665941750.927646 9311178169.947309 14697560400.77503 22323055383.16636 32680293415.14642 46162263213.57886 11074552584.46406 10512168910.2603 10261828201.39111 10234375970.42368 10366924490.55462 10616543763.4354
 2.098073184265297e-008 1587.670450521371 18928977.86073969 134652387.0795841 421849834.0267429 948738937.2580508 1837560267.30747 3305629268.366339 5665941750.927646 9311178169.947309 14697560400.77503 22323055383.16636 32680293415.14642 46162263213.57886 11074552584.46406 10512168910.2603 10261828201.39111 10234375970.42368 10366924490.55462 10616543763.4354
 4.402380135337054e-008 1587.670371684766 18928977.86073969 134652387.0795841 421849834.0267429 948738937.2580508 1837560267.30747 3305629268.366339 5665941750.927646 9311178169.947309 14697560400.77503 22323055383.16636 32680293415.14642 46162263213.57886 11074552584.46406 10512168910.2603 10261828201.39111 10234375970.42368 10366924490.55462 10616543763.4354
 4.402380135337054e-008 1587.670371684766 18928977.86073969 134652387.0795841 421849834.0267429 948738937.2580508 1837560267.30747 3305629268.366339 5665941750.927646 9311178169.947309 14697560400.77503 22323055383.16636 32680293415.14642 46162263213.57886 11074552584.46406 10512168910.2603 10261828201.39111 10234375970.42368 10366924490.55462 10616543763.4354
 1.116747103215216e-009 1587.670467380604 18928977.86073969 134652387.0795841 421849834.0267429 948738937.2580508 1837560267.30747 3305629268.366339 5665941750.927646 9311178169.947309 14697560400.77503 22323055383.16636 32680293415.14642 46162263213.57886 11074552584.46406 10512168910.2603 10261828201.39111 10234375970.42368 10366924490.55462 10616543763.4354
 4.863956826591523e-008 1587.670520533835 18928977.86073969 134652387.0795841 421849834.0267429 948738937.2580508 1837560267.30747 3305629268.366339 5665941750.927646 9311178169.947309 14697560400.77503 22323055383.16636 32680293415.14642 46162263213.57886 11074552584.46406 10512168910.2603 10261828201.39111 10234375970.42368 10366924490.55462 10616543763.4354
 1.069089698681332e-009 1587.670493319324 18928977.86073969 134652387.0795841 421849834.0267429 948738937.2580508 1837560267.30747 3305629268.366339 5665941750.927646 9311178169.947309 14697560400.77503 22323055383.16636 32680293415.14642 46162263213.57886 11074552584.46406 10512168910.2603 10261828201.39111 10234375970.42368 10366924490.55462 10616543763.4354
 6.621177372207893e-008 1587.67043074575 18928977.86073969 134652387.0795841 421849834.0267429 948738937.2580508 1837560267.30747 3305629268.366339 5665941750.927646 9311178169.947309 14697560400.77503 22323055383.16636 32680293415.14642 46162263213.57886 11074552584.46406 10512168910.2603 10261828201.39111 10234375970.42368 10366924490.55462 10616543763.4354
 9.079041743263453e-011 1587.670512925704 18928977.86073969 134652387.0795841 421849834.0267429 948738937.2580508 1837560267.30747 3305629268.366339 5665941750.927646 9311178169.947309 14697560400.77503 22323055383.16636 32680293415.14642 46162263213.57886 11074552584.46406 10512168910.2603 10261828201.39111 10234375970.42368 10366924490.55462 10616543763.4354
 1.522654265000885e-007 1587.670500657053 18928977.86073969 134652387.0795841 421849834.0267429 948738937.2580508 1837560267.30747 3305629268.366339 5665941750.927646 9311178169.947309 14697560400.77503 22323055383.16636 32680293415.14642 46162263213.57886 11074552584.46406 10512168910.2603 10261828201.39111 10234375970.42368 10366924490.55462 10616543763.4354
 3.050327266308302e-007 1587.670634776684 18928977.86073969 134652387.0795841 421849834.0267429 948738937.2580508 1837560267.30747 3305629268.366339 5665941750.927646 9311178169.947309 14697560400.77503 22323055383.16636 32680293415.14642 46162263213.57886 11074552584.46406 10512168910.2603 10261828201.39111 10234375970.42368 10366924490.55462 10616543763.4354
 4.979161982851732e-008 1587.670634072999 18928977.86073969 134652387.0795841 421849834.0267429 948738937.2580508 1837560267.30747 3305629268.366339 5665941750.927646 9311178169.947309 14697560400.77503 22323055383.16636 32680293415.14642 46162263213.57886 11074552584.46406 10512168910.2603 10261828201.39111 10234375970.42368 10366924490.55462 10616543763.4354
 4.710081093514775e-010 1587.670519400345 18928977.86073969 134652387.0795841 421849834.0267429 948738937.2580508 1837560267.30747 3305629268.366339 5665941750.927646 9311178169.947309 14697560400.77503 22323055383.16636 32680293415.14642 46162263213.57886 11074552584.46406 10512168910.2603 10261828201.39111 10234375970.42368 10366924490.55462 10616543763.4354
 135871.2517986193 1587.670561140251 18928977.86073969 134652387.0795841 421849834.0267429 948738937.2580508 1837560267.30747 3305629268.366339 5665941750.927646 9311178169.947309 14697560400.77503 22323055383.16636 32680293415.14642 46162263213.57886 11074552584.46406 10512168910.2603 10261828201.39111 10234375970.42368 10366924490.55462 10616543763.4354
 7064.056865269736 1587.67059769599 18928977.86073969 134652387.0795841 421849834.0267429 948738937.2580508 1837560267.30747 3305629268.366339 5665941750.927646 9311178169.947309 14697560400.77503 22323055383.16636 32680293415.14642 46162263213.57886 11074552584.46406 10512168910.2603 10261828201.39111 10234375970.42368 10366924490.55462 10616543763.4354
 23096.56444909216 1587.670310774874 18928977.86073969 134652387.0795841 421849834.0267429 948738937.2580508 1837560267.30747 3305629268.366339 5665941750.927646 9311178169.947309 14697560400.77503 22323055383.16636 32680293415.14642 46162263213.57886 11074552584.46406 10512168910.2603 10261828201.39111 10234375970.42368 10366924490.55462 10616543763.4354
 587.971371223005 1587.670432469218 18928977.86073969 134652387.0795841 421849834.0267429 948738937.2580508 1837560267.30747 3305629268.366339 5665941750.927646 9311178169.947309 14697560400.77503 22323055383.16636 32680293415.14642 46162263213.57886 11074552584.46406 10512168910.2603 10261828201.39111 10234375970.42368 10366924490.55462 10616543763.4354
