# Created by Octave 3.6.4, Sun Mar 09 01:01:17 2014 N. Central Asia Standard Time <unknown@OShulyakov>
# name: HighTst
# type: matrix
# rows: 50
# columns: 20
 9.173838071395586e-010 199.488500711371 1108316.472356888 10592921.46227895 42022924.18263183 109491348.489483 222335322.2655812 384480031.0094219 597118491.9935443 861619098.5926456 1180876433.384393 1559020355.84721 2000263243.790266 2507631891.964516 9920811753.765556 10141543628.1032 10300087901.55188 10414547544.85848 10497770892.53324 10558775351.43186
 9.173838071395586e-010 199.488500711371 1108316.472356888 10592921.46227895 42022924.18263183 109491348.489483 222335322.2655812 384480031.0094219 597118491.9935443 861619098.5926456 1180876433.384393 1559020355.84721 2000263243.790266 2507631891.964516 9920811753.765556 10141543628.1032 10300087901.55188 10414547544.85848 10497770892.53324 10558775351.43186
 9.173838071395586e-010 199.488500711371 1108316.472356888 10592921.46227895 42022924.18263183 109491348.489483 222335322.2655812 384480031.0094219 597118491.9935443 861619098.5926456 1180876433.384393 1559020355.84721 2000263243.790266 2507631891.964516 9920811753.765556 10141543628.1032 10300087901.55188 10414547544.85848 10497770892.53324 10558775351.43186
 9.173838071395586e-010 199.488500711371 1108316.472356888 10592921.46227895 42022924.18263183 109491348.489483 222335322.2655812 384480031.0094219 597118491.9935443 861619098.5926456 1180876433.384393 1559020355.84721 2000263243.790266 2507631891.964516 9920811753.765556 10141543628.1032 10300087901.55188 10414547544.85848 10497770892.53324 10558775351.43186
 9.173838071395586e-010 199.488500711371 1108316.472356888 10592921.46227895 42022924.18263183 109491348.489483 222335322.2655812 384480031.0094219 597118491.9935443 861619098.5926456 1180876433.384393 1559020355.84721 2000263243.790266 2507631891.964516 9920811753.765556 10141543628.1032 10300087901.55188 10414547544.85848 10497770892.53324 10558775351.43186
 9.173838071395586e-010 199.488500711371 1108316.472356888 10592921.46227895 42022924.18263183 109491348.489483 222335322.2655812 384480031.0094219 597118491.9935443 861619098.5926456 1180876433.384393 1559020355.84721 2000263243.790266 2507631891.964516 9920811753.765556 10141543628.1032 10300087901.55188 10414547544.85848 10497770892.53324 10558775351.43186
 1.980128006998754e-009 199.4884859639311 1108316.472356888 10592921.46227895 42022924.18263183 109491348.489483 222335322.2655812 384480031.0094219 597118491.9935443 861619098.5926456 1180876433.384393 1559020355.84721 2000263243.790266 2507631891.964516 9920811753.765556 10141543628.1032 10300087901.55188 10414547544.85848 10497770892.53324 10558775351.43186
 1.980128006998754e-009 199.4884859639311 1108316.472356888 10592921.46227895 42022924.18263183 109491348.489483 222335322.2655812 384480031.0094219 597118491.9935443 861619098.5926456 1180876433.384393 1559020355.84721 2000263243.790266 2507631891.964516 9920811753.765556 10141543628.1032 10300087901.55188 10414547544.85848 10497770892.53324 10558775351.43186
 7.771788853785318e-011 199.4885039481178 1108316.472356888 10592921.46227895 42022924.18263183 109491348.489483 222335322.2655812 384480031.0094219 597118491.9935443 861619098.5926456 1180876433.384393 1559020355.84721 2000263243.790266 2507631891.964516 9920811753.765556 10141543628.1032 10300087901.55188 10414547544.85848 10497770892.53324 10558775351.43186
 2.139951198157141e-009 199.4885141014983 1108316.472356888 10592921.46227895 42022924.18263183 109491348.489483 222335322.2655812 384480031.0094219 597118491.9935443 861619098.5926456 1180876433.384393 1559020355.84721 2000263243.790266 2507631891.964516 9920811753.765556 10141543628.1032 10300087901.55188 10414547544.85848 10497770892.53324 10558775351.43186
 6.219566346289628e-011 199.4885091222021 1108316.472356888 10592921.46227895 42022924.18263183 109491348.489483 222335322.2655812 384480031.0094219 597118491.9935443 861619098.5926456 1180876433.384393 1559020355.84721 2000263243.790266 2507631891.964516 9920811753.765556 10141543628.1032 10300087901.55188 10414547544.85848 10497770892.53324 10558775351.43186
 3.038367934176489e-009 199.4884972157933 1108316.472356888 10592921.46227895 42022924.18263183 109491348.489483 222335322.2655812 384480031.0094219 597118491.9935443 861619098.5926456 1180876433.384393 1559020355.84721 2000263243.790266 2507631891.964516 9920811753.765556 10141543628.1032 10300087901.55188 10414547544.85848 10497770892.53324 10558775351.43186
 1.720008123296053e-011 199.4885129259912 1108316.472356888 10592921.46227895 42022924.18263183 109491348.489483 222335322.2655812 384480031.0094219 597118491.9935443 861619098.5926456 1180876433.384393 1559020355.84721 2000263243.790266 2507631891.964516 9920811753.765556 10141543628.1032 10300087901.55188 10414547544.85848 10497770892.53324 10558775351.43186
 7.524167070958781e-009 199.4885105312958 1108316.472356888 10592921.46227895 42022924.18263183 109491348.489483 222335322.2655812 384480031.0094219 597118491.9935443 861619098.5926456 1180876433.384393 1559020355.84721 2000263243.790266 2507631891.964516 9920811753.765556 10141543628.1032 10300087901.55188 10414547544.85848 10497770892.53324 10558775351.43186
 1.430960508543164e-008 199.4885358636646 1108316.472356888 10592921.46227895 42022924.18263183 109491348.489483 222335322.2655812 384480031.0094219 597118491.9935443 861619098.5926456 1180876433.384393 1559020355.84721 2000263243.790266 2507631891.964516 9920811753.765556 10141543628.1032 10300087901.55188 10414547544.85848 10497770892.53324 10558775351.43186
 2.659919998340035e-009 199.4885356837021 1108316.472356888 10592921.46227895 42022924.18263183 109491348.489483 222335322.2655812 384480031.0094219 597118491.9935443 861619098.5926456 1180876433.384393 1559020355.84721 2000263243.790266 2507631891.964516 9920811753.765556 10141543628.1032 10300087901.55188 10414547544.85848 10497770892.53324 10558775351.43186
 7.718091885912247e-011 199.4885180889656 1108316.472356888 10592921.46227895 42022924.18263183 109491348.489483 222335322.2655812 384480031.0094219 597118491.9935443 861619098.5926456 1180876433.384393 1559020355.84721 2000263243.790266 2507631891.964516 9920811753.765556 10141543628.1032 10300087901.55188 10414547544.85848 10497770892.53324 10558775351.43186
 85744.68733921046 199.4885220835631 1108316.472356888 10592921.46227895 42022924.18263183 109491348.489483 222335322.2655812 384480031.0094219 597118491.9935443 861619098.5926456 1180876433.384393 1559020355.84721 2000263243.790266 2507631891.964516 9920811753.765556 10141543628.1032 10300087901.55188 10414547544.85848 10497770892.53324 10558775351.43186
 4468.027818241815 199.4885288501606 1108316.472356888 10592921.46227895 42022924.18263183 109491348.489483 222335322.2655812 384480031.0094219 597118491.9935443 861619098.5926456 1180876433.384393 1559020355.84721 2000263243.790266 2507631891.964516 9920811753.765556 10141543628.1032 10300087901.55188 10414547544.85848 10497770892.53324 10558775351.43186
 14570.09530564192 199.4884841851356 1108316.472356888 10592921.46227895 42022924.18263183 109491348.489483 222335322.2655812 384480031.0094219 597118491.9935443 861619098.5926456 1180876433.384393 1559020355.84721 2000263243.790266 2507631891.964516 9920811753.765556 10141543628.1032 10300087901.55188 10414547544.85848 10497770892.53324 10558775351.43186
 369.4380406745057 199.4885077220301 1108316.472356888 10592921.46227895 42022924.18263183 109491348.489483 222335322.2655812 384480031.0094219 597118491.9935443 861619098.5926456 1180876433.384393 1559020355.84721 2000263243.790266 2507631891.964516 9920811753.765556 10141543628.1032 10300087901.55188 10414547544.85848 10497770892.53324 10558775351.43186
