# Created by Octave 3.6.4, Sun Mar 09 01:01:17 2014 N. Central Asia Standard Time <unknown@OShulyakov>
# name: LowCv
# type: matrix
# rows: 50
# columns: 20
 1.656417656734272e-008 1729.183516378624 18385850.54594725 132223499.3938633 415937018.712117 937665909.8689913 1818898555.972502 3275033874.21875 5615965240.891282 9230326522.66431 14569704739.00351 22127238794.02422 32391009176.73985 45750472027.92936 10975139592.20328 10420497177.48652 10175231439.03159 10150702883.0184 10284474643.4685 10533986297.83169
 1.656417656734272e-008 1729.183516378624 18385850.54594725 132223499.3938633 415937018.712117 937665909.8689913 1818898555.972502 3275033874.21875 5615965240.891282 9230326522.66431 14569704739.00351 22127238794.02422 32391009176.73985 45750472027.92936 10975139592.20328 10420497177.48652 10175231439.03159 10150702883.0184 10284474643.4685 10533986297.83169
 1.656417656734272e-008 1729.183516378624 18385850.54594725 132223499.3938633 415937018.712117 937665909.8689913 1818898555.972502 3275033874.21875 5615965240.891282 9230326522.66431 14569704739.00351 22127238794.02422 32391009176.73985 45750472027.92936 10975139592.20328 10420497177.48652 10175231439.03159 10150702883.0184 10284474643.4685 10533986297.83169
 1.656417656734272e-008 1729.183516378624 18385850.54594725 132223499.3938633 415937018.712117 937665909.8689913 1818898555.972502 3275033874.21875 5615965240.891282 9230326522.66431 14569704739.00351 22127238794.02422 32391009176.73985 45750472027.92936 10975139592.20328 10420497177.48652 10175231439.03159 10150702883.0184 10284474643.4685 10533986297.83169
 1.656417656734272e-008 1729.183516378624 18385850.54594725 132223499.3938633 415937018.712117 937665909.8689913 1818898555.972502 3275033874.21875 5615965240.891282 9230326522.66431 14569704739.00351 22127238794.02422 32391009176.73985 45750472027.92936 10975139592.20328 10420497177.48652 10175231439.03159 10150702883.0184 10284474643.4685 10533986297.83169
 1.656417656734272e-008 1729.183516378624 18385850.54594725 132223499.3938633 415937018.712117 937665909.8689913 1818898555.972502 3275033874.21875 5615965240.891282 9230326522.66431 14569704739.00351 22127238794.02422 32391009176.73985 45750472027.92936 10975139592.20328 10420497177.48652 10175231439.03159 10150702883.0184 10284474643.4685 10533986297.83169
 4.096552853052497e-009 1729.183590708576 18385850.54594725 132223499.3938633 415937018.712117 937665909.8689913 1818898555.972502 3275033874.21875 5615965240.891282 9230326522.66431 14569704739.00351 22127238794.02422 32391009176.73985 45750472027.92936 10975139592.20328 10420497177.48652 10175231439.03159 10150702883.0184 10284474643.4685 10533986297.83169
 4.096552853052497e-009 1729.183590708576 18385850.54594725 132223499.3938633 415937018.712117 937665909.8689913 1818898555.972502 3275033874.21875 5615965240.891282 9230326522.66431 14569704739.00351 22127238794.02422 32391009176.73985 45750472027.92936 10975139592.20328 10420497177.48652 10175231439.03159 10150702883.0184 10284474643.4685 10533986297.83169
 5.732874943194585e-008 1729.183500732781 18385850.54594725 132223499.3938633 415937018.712117 937665909.8689913 1818898555.972502 3275033874.21875 5615965240.891282 9230326522.66431 14569704739.00351 22127238794.02422 32391009176.73985 45750472027.92936 10975139592.20328 10420497177.48652 10175231439.03159 10150702883.0184 10284474643.4685 10533986297.83169
 2.841202571345605e-009 1729.18344980705 18385850.54594725 132223499.3938633 415937018.712117 937665909.8689913 1818898555.972502 3275033874.21875 5615965240.891282 9230326522.66431 14569704739.00351 22127238794.02422 32391009176.73985 45750472027.92936 10975139592.20328 10420497177.48652 10175231439.03159 10150702883.0184 10284474643.4685 10533986297.83169
 1.388750055654709e-007 1729.183474793083 18385850.54594725 132223499.3938633 415937018.712117 937665909.8689913 1818898555.972502 3275033874.21875 5615965240.891282 9230326522.66431 14569704739.00351 22127238794.02422 32391009176.73985 45750472027.92936 10975139592.20328 10420497177.48652 10175231439.03159 10150702883.0184 10284474643.4685 10533986297.83169
 2.378069711475745e-009 1729.183535115921 18385850.54594725 132223499.3938633 415937018.712117 937665909.8689913 1818898555.972502 3275033874.21875 5615965240.891282 9230326522.66431 14569704739.00351 22127238794.02422 32391009176.73985 45750472027.92936 10975139592.20328 10420497177.48652 10175231439.03159 10150702883.0184 10284474643.4685 10533986297.83169
 9.092425231106684e-009 1729.183457850539 18385850.54594725 132223499.3938633 415937018.712117 937665909.8689913 1818898555.972502 3275033874.21875 5615965240.891282 9230326522.66431 14569704739.00351 22127238794.02422 32391009176.73985 45750472027.92936 10975139592.20328 10420497177.48652 10175231439.03159 10150702883.0184 10284474643.4685 10533986297.83169
 4.148400266078977e-008 1729.183468876388 18385850.54594725 132223499.3938633 415937018.712117 937665909.8689913 1818898555.972502 3275033874.21875 5615965240.891282 9230326522.66431 14569704739.00351 22127238794.02422 32391009176.73985 45750472027.92936 10975139592.20328 10420497177.48652 10175231439.03159 10150702883.0184 10284474643.4685 10533986297.83169
 1.889085016712556e-008 1729.183342395749 18385850.54594725 132223499.3938633 415937018.712117 937665909.8689913 1818898555.972502 3275033874.21875 5615965240.891282 9230326522.66431 14569704739.00351 22127238794.02422 32391009176.73985 45750472027.92936 10975139592.20328 10420497177.48652 10175231439.03159 10150702883.0184 10284474643.4685 10533986297.83169
 6.51470320358664e-007 1729.183341252786 18385850.54594725 132223499.3938633 415937018.712117 937665909.8689913 1818898555.972502 3275033874.21875 5615965240.891282 9230326522.66431 14569704739.00351 22127238794.02422 32391009176.73985 45750472027.92936 10975139592.20328 10420497177.48652 10175231439.03159 10150702883.0184 10284474643.4685 10533986297.83169
 1.268231819314574e-007 1729.183450932932 18385850.54594725 132223499.3938633 415937018.712117 937665909.8689913 1818898555.972502 3275033874.21875 5615965240.891282 9230326522.66431 14569704739.00351 22127238794.02422 32391009176.73985 45750472027.92936 10975139592.20328 10420497177.48652 10175231439.03159 10150702883.0184 10284474643.4685 10533986297.83169
 134697.1164674027 1729.183411598941 18385850.54594725 132223499.3938633 415937018.712117 937665909.8689913 1818898555.972502 3275033874.21875 5615965240.891282 9230326522.66431 14569704739.00351 22127238794.02422 32391009176.73985 45750472027.92936 10975139592.20328 10420497177.48652 10175231439.03159 10150702883.0184 10284474643.4685 10533986297.83169
 7002.319431348096 1729.183378195234 18385850.54594725 132223499.3938633 415937018.712117 937665909.8689913 1818898555.972502 3275033874.21875 5615965240.891282 9230326522.66431 14569704739.00351 22127238794.02422 32391009176.73985 45750472027.92936 10975139592.20328 10420497177.48652 10175231439.03159 10150702883.0184 10284474643.4685 10533986297.83169
 22895.44958594605 1729.183650506256 18385850.54594725 132223499.3938633 415937018.712117 937665909.8689913 1818898555.972502 3275033874.21875 5615965240.891282 9230326522.66431 14569704739.00351 22127238794.02422 32391009176.73985 45750472027.92936 10975139592.20328 10420497177.48652 10175231439.03159 10150702883.0184 10284474643.4685 10533986297.83169
 582.8302998740514 1729.183535479883 18385850.54594725 132223499.3938633 415937018.712117 937665909.8689913 1818898555.972502 3275033874.21875 5615965240.891282 9230326522.66431 14569704739.00351 22127238794.02422 32391009176.73985 45750472027.92936 10975139592.20328 10420497177.48652 10175231439.03159 10150702883.0184 10284474643.4685 10533986297.83169
