# Created by Octave 3.6.4, Sun Mar 09 01:01:17 2014 N. Central Asia Standard Time <unknown@OShulyakov>
# name: OpenTr
# type: matrix
# rows: 50
# columns: 20
 4.299990953164365e-009 356.3126983933412 2202511.677582527 19366487.15901307 72786211.8253525 184215601.7624214 369312166.1970799 635183874.9931711 981079966.2859187 1400428677.400645 1883082630.714483 2417283682.471385 2991133297.866757 3593435523.039664 9476325951.429863 9649349376.488953 9781432461.378733 9883191565.929457 9962392469.20698 10024704835.13271
 4.299990953164365e-009 356.3126983933412 2202511.677582527 19366487.15901307 72786211.8253525 184215601.7624214 369312166.1970799 635183874.9931711 981079966.2859187 1400428677.400645 1883082630.714483 2417283682.471385 2991133297.866757 3593435523.039664 9476325951.429863 9649349376.488953 9781432461.378733 9883191565.929457 9962392469.20698 10024704835.13271
 4.299990953164365e-009 356.3126983933412 2202511.677582527 19366487.15901307 72786211.8253525 184215601.7624214 369312166.1970799 635183874.9931711 981079966.2859187 1400428677.400645 1883082630.714483 2417283682.471385 2991133297.866757 3593435523.039664 9476325951.429863 9649349376.488953 9781432461.378733 9883191565.929457 9962392469.20698 10024704835.13271
 4.299990953164365e-009 356.3126983933412 2202511.677582527 19366487.15901307 72786211.8253525 184215601.7624214 369312166.1970799 635183874.9931711 981079966.2859187 1400428677.400645 1883082630.714483 2417283682.471385 2991133297.866757 3593435523.039664 9476325951.429863 9649349376.488953 9781432461.378733 9883191565.929457 9962392469.20698 10024704835.13271
 4.299990953164365e-009 356.3126983933412 2202511.677582527 19366487.15901307 72786211.8253525 184215601.7624214 369312166.1970799 635183874.9931711 981079966.2859187 1400428677.400645 1883082630.714483 2417283682.471385 2991133297.866757 3593435523.039664 9476325951.429863 9649349376.488953 9781432461.378733 9883191565.929457 9962392469.20698 10024704835.13271
 4.299990953164365e-009 356.3126983933412 2202511.677582527 19366487.15901307 72786211.8253525 184215601.7624214 369312166.1970799 635183874.9931711 981079966.2859187 1400428677.400645 1883082630.714483 2417283682.471385 2991133297.866757 3593435523.039664 9476325951.429863 9649349376.488953 9781432461.378733 9883191565.929457 9962392469.20698 10024704835.13271
 4.78262261854534e-010 356.3126983933633 2202511.677582527 19366487.15901307 72786211.8253525 184215601.7624214 369312166.1970799 635183874.9931711 981079966.2859187 1400428677.400645 1883082630.714483 2417283682.471385 2991133297.866757 3593435523.039664 9476325951.429863 9649349376.488953 9781432461.378733 9883191565.929457 9962392469.20698 10024704835.13271
 4.78262261854534e-010 356.3126983933633 2202511.677582527 19366487.15901307 72786211.8253525 184215601.7624214 369312166.1970799 635183874.9931711 981079966.2859187 1400428677.400645 1883082630.714483 2417283682.471385 2991133297.866757 3593435523.039664 9476325951.429863 9649349376.488953 9781432461.378733 9883191565.929457 9962392469.20698 10024704835.13271
 3.911905338572409e-009 356.3126983933698 2202511.677582527 19366487.15901307 72786211.8253525 184215601.7624214 369312166.1970799 635183874.9931711 981079966.2859187 1400428677.400645 1883082630.714483 2417283682.471385 2991133297.866757 3593435523.039664 9476325951.429863 9649349376.488953 9781432461.378733 9883191565.929457 9962392469.20698 10024704835.13271
 2.533607482962636e-009 356.3126983933685 2202511.677582527 19366487.15901307 72786211.8253525 184215601.7624214 369312166.1970799 635183874.9931711 981079966.2859187 1400428677.400645 1883082630.714483 2417283682.471385 2991133297.866757 3593435523.039664 9476325951.429863 9649349376.488953 9781432461.378733 9883191565.929457 9962392469.20698 10024704835.13271
 3.291898959684347e-009 356.312698393361 2202511.677582527 19366487.15901307 72786211.8253525 184215601.7624214 369312166.1970799 635183874.9931711 981079966.2859187 1400428677.400645 1883082630.714483 2417283682.471385 2991133297.866757 3593435523.039664 9476325951.429863 9649349376.488953 9781432461.378733 9883191565.929457 9962392469.20698 10024704835.13271
 2.851992095060203e-009 356.3126983933632 2202511.677582527 19366487.15901307 72786211.8253525 184215601.7624214 369312166.1970799 635183874.9931711 981079966.2859187 1400428677.400645 1883082630.714483 2417283682.471385 2991133297.866757 3593435523.039664 9476325951.429863 9649349376.488953 9781432461.378733 9883191565.929457 9962392469.20698 10024704835.13271
 5.812622230761011e-009 356.3126983933542 2202511.677582527 19366487.15901307 72786211.8253525 184215601.7624214 369312166.1970799 635183874.9931711 981079966.2859187 1400428677.400645 1883082630.714483 2417283682.471385 2991133297.866757 3593435523.039664 9476325951.429863 9649349376.488953 9781432461.378733 9883191565.929457 9962392469.20698 10024704835.13271
 3.386285568479289e-009 356.312698393363 2202511.677582527 19366487.15901307 72786211.8253525 184215601.7624214 369312166.1970799 635183874.9931711 981079966.2859187 1400428677.400645 1883082630.714483 2417283682.471385 2991133297.866757 3593435523.039664 9476325951.429863 9649349376.488953 9781432461.378733 9883191565.929457 9962392469.20698 10024704835.13271
 6.909365596206298e-009 356.3126983933709 2202511.677582527 19366487.15901307 72786211.8253525 184215601.7624214 369312166.1970799 635183874.9931711 981079966.2859187 1400428677.400645 1883082630.714483 2417283682.471385 2991133297.866757 3593435523.039664 9476325951.429863 9649349376.488953 9781432461.378733 9883191565.929457 9962392469.20698 10024704835.13271
 5.33873639540941e-009 356.3126983933972 2202511.677582527 19366487.15901307 72786211.8253525 184215601.7624214 369312166.1970799 635183874.9931711 981079966.2859187 1400428677.400645 1883082630.714483 2417283682.471385 2991133297.866757 3593435523.039664 9476325951.429863 9649349376.488953 9781432461.378733 9883191565.929457 9962392469.20698 10024704835.13271
 6.219533876300736e-009 356.312698393553 2202511.677582527 19366487.15901307 72786211.8253525 184215601.7624214 369312166.1970799 635183874.9931711 981079966.2859187 1400428677.400645 1883082630.714483 2417283682.471385 2991133297.866757 3593435523.039664 9476325951.429863 9649349376.488953 9781432461.378733 9883191565.929457 9962392469.20698 10024704835.13271
 85207.16042672659 356.3126983935647 2202511.677582527 19366487.15901307 72786211.8253525 184215601.7624214 369312166.1970799 635183874.9931711 981079966.2859187 1400428677.400645 1883082630.714483 2417283682.471385 2991133297.866757 3593435523.039664 9476325951.429863 9649349376.488953 9781432461.378733 9883191565.929457 9962392469.20698 10024704835.13271
 4436.485241268796 356.3126983935792 2202511.677582527 19366487.15901307 72786211.8253525 184215601.7624214 369312166.1970799 635183874.9931711 981079966.2859187 1400428677.400645 1883082630.714483 2417283682.471385 2991133297.866757 3593435523.039664 9476325951.429863 9649349376.488953 9781432461.378733 9883191565.929457 9962392469.20698 10024704835.13271
 14480.34184164723 356.3126983926077 2202511.677582527 19366487.15901307 72786211.8253525 184215601.7624214 369312166.1970799 635183874.9931711 981079966.2859187 1400428677.400645 1883082630.714483 2417283682.471385 2991133297.866757 3593435523.039664 9476325951.429863 9649349376.488953 9781432461.378733 9883191565.929457 9962392469.20698 10024704835.13271
 367.63540560302 356.3126983926445 2202511.677582527 19366487.15901307 72786211.8253525 184215601.7624214 369312166.1970799 635183874.9931711 981079966.2859187 1400428677.400645 1883082630.714483 2417283682.471385 2991133297.866757 3593435523.039664 9476325951.429863 9649349376.488953 9781432461.378733 9883191565.929457 9962392469.20698 10024704835.13271
