# Created by Octave 3.6.4, Thu Mar 20 15:04:41 2014 N. Central Asia Standard Time <unknown@OShulyakov>
# name: HighTst
# type: matrix
# rows: 50
# columns: 18
 5.823445254648437e-023 7.112546440025832e-014 1.759363122260061e-014 1.277358165570396e-009 3.358536006698369e-009 2.006054654332776e-010 8.473162327762315e-014 1.921929188554987e-013 4.433176158646143e-014 1.073115531287143e-014 2.396280813469535e-014 3.030033316581931e-014 5.234697250615435e-014 8.593021542921711e-014 5.189555783784299e-012 1.374353509659624e-011 3.486869474384746e-012 2.82008612393626e-012
 3.378301985691925e-013 1.455384717910922e-010 1.716117372106938e-010 6.143145026879395e-011 1.697099378688431e-011 5.741500950109536e-012 4.625892785485357e-012 7.525602534193234e-012 1.229701382689643e-011 1.845720249577678e-011 2.386881821666087e-011 2.735143080528835e-011 2.660985865233738e-011 2.296929887838929e-011 1.788260422269057e-011 1.270273621107966e-011 8.390067361585716e-012 5.480644242058282e-012
 1.348122816845488e-012 1.683080931808348e-010 3.14963350182965e-010 1.739813331741083e-010 5.956874129655074e-011 1.935271996186377e-011 8.677622696377298e-012 8.394011515237305e-012 1.27530815870617e-011 1.985296128344123e-011 2.836090211630576e-011 3.64049099608807e-011 4.166277264736535e-011 4.258237889929955e-011 3.892792381637322e-011 3.228232665408462e-011 2.464298224421497e-011 1.764497736755468e-011
 5.385965240603438e-012 1.814634775178002e-010 4.66171558417755e-010 3.983903514170843e-010 1.848308134632775e-010 6.885723818735282e-011 2.634991354093189e-011 1.424126348806332e-011 1.443539817015294e-011 2.067846496955447e-011 3.055622469939551e-011 4.231064357406584e-011 5.390914626289808e-011 6.281924672200421e-011 6.65935801826474e-011 6.439762447241213e-011 5.70958063687261e-011 4.690489375602993e-011
 2.148927382702812e-011 1.880896220314014e-010 5.865977249609774e-010 7.197484833655535e-010 4.746188709545851e-010 2.217901112753935e-010 9.215992989522673e-011 4.047659214893457e-011 2.417373519207359e-011 2.390183136524967e-011 3.198203698504582e-011 4.510607717313835e-011 6.113606240771573e-011 7.770878410207152e-011 9.199563880252456e-011 1.010675252080682e-010 1.029014505002499e-010 9.726101406567164e-011
 8.552104799554993e-011 1.915100547460463e-010 6.645099614255605e-010 1.050791520660639e-009 9.668978058393111e-010 5.998189459551469e-010 2.990134147161327e-010 1.38312568383511e-010 6.745498945108943e-011 4.190283098203822e-011 3.881747928496679e-011 4.796298271877749e-011 6.455717697509368e-011 8.572123857485224e-011 1.087961356535385e-010 1.306788029738223e-010 1.479484088657161e-010 1.575350468341507e-010
 3.386340797235522e-010 1.97610076303548e-010 7.077345868461113e-010 1.309606040558452e-009 1.562769340633522e-009 1.294443198107755e-009 8.187828375724278e-010 4.430441374429004e-010 2.26030171653551e-010 1.194244435066663e-010 7.475278179201013e-011 6.348455580455419e-011 7.112691296197148e-011 9.038705468243839e-011 1.170724723403257e-010 1.47926477311155e-010 1.795916195090387e-010 2.082869771013019e-010
 1.327615002307105e-009 2.272689557511289e-010 7.291574728437418e-010 1.474522315957295e-009 2.092636115862539e-009 2.204692344599962e-009 1.791127326700295e-009 1.19431315876995e-009 7.041164555008642e-010 3.928719933191562e-010 2.219129848796317e-010 1.390337246325048e-010 1.078617099857427e-010 1.073402994993729e-010 1.25910423652735e-010 1.569336388076305e-010 1.959109557788621e-010 2.389382705313385e-010
 5.105273565134998e-009 3.658528087902534e-010 7.453886331948855e-010 1.564623082020473e-009 2.46298759643189e-009 3.069997206595043e-009 3.088080456080927e-009 2.563354471754614e-009 1.826269979452429e-009 1.172574320926775e-009 7.117241361156635e-010 4.28287510396233e-010 2.712451033017294e-010 1.957156582935684e-010 1.71451102647767e-010 1.799771423446969e-010 2.101862131437022e-010 2.54990905147852e-010
 1.892683824739313e-008 9.564088422482041e-010 8.000343711154605e-010 1.610624578478619e-009 2.679765665160362e-009 3.705026300503171e-009 4.339393131499932e-009 4.338438767994774e-009 3.749084133127489e-009 2.866700729212604e-009 2.000957110761532e-009 1.317828735748805e-009 8.46698779559825e-010 5.515244108315018e-010 3.83257481004275e-010 3.012332383262615e-010 2.76961917868084e-010 2.917755806570219e-010
 6.569490731865443e-008 3.32476740553786e-009 1.062606867028485e-009 1.660692566272527e-009 2.792019927843963e-009 4.089711067086087e-009 5.267166431413605e-009 6.008491306486956e-009 6.089375842452946e-009 5.51649967590824e-009 4.524942139204976e-009 3.424472374122875e-009 2.444106548749386e-009 1.683419065781761e-009 1.147362509291474e-009 7.980903105989946e-010 5.894112050768242e-010 4.817128441821522e-010
 2.045326019705073e-007 1.231037974855895e-008 2.209823226266084e-009 1.862693780093908e-009 2.871964204298709e-009 4.293363520164739e-009 5.832465849281332e-009 7.221983617730691e-009 8.174650894958873e-009 8.466181442417049e-009 8.041498272008818e-009 7.048191788713872e-009 5.759493361461747e-009 4.447243379694229e-009 3.294587788524272e-009 2.380570925996595e-009 1.709654190294143e-009 1.249128738945263e-009
 5.442551103193335e-007 4.394564575981008e-008 6.816939491322823e-009 2.795973081238818e-009 3.101434470034968e-009 4.428118352232141e-009 6.134418539159675e-009 7.949317233048153e-009 9.627202067742453e-009 1.090675277527951e-008 1.155894729029611e-008 1.14643729138289e-008 1.066519965454697e-008 9.350984474855579e-009 7.783444243865337e-009 6.207195633139225e-009 4.792807526000495e-009 3.625387152360373e-009
 1.19583234335647e-006 1.430324304515303e-007 2.394043043486153e-008 6.69422022330855e-009 4.160066190780301e-009 4.762973202410841e-009 6.348215549146526e-009 8.340379369030165e-009 1.047087469868111e-008 1.251302413786039e-008 1.423051589928336e-008 1.539594105343129e-008 1.584016906012644e-008 1.550331016278805e-008 1.445793825453554e-008 1.288831552823566e-008 1.103446326009829e-008 9.128326877055192e-009
 2.152369498640805e-006 4.034101810224211e-007 8.147677293004771e-008 2.153622714363508e-008 8.652954228023322e-009 6.275705390492562e-009 6.918159884469465e-009 8.67891034125278e-009 1.094102068895946e-008 1.341360249787687e-008 1.587906857414698e-008 1.812377977483616e-008 1.993195638150571e-008 2.110945737674901e-008 2.152063711317332e-008 2.112180025860358e-008 1.997553030054877e-008 1.82375862706634e-008
 3.221329395593423e-006 9.464339043928014e-007 2.479848912477828e-007 7.239463853588419e-008 2.581332284640175e-008 1.265168492466888e-008 9.457797656629881e-009 9.76643159360434e-009 1.153111381094892e-008 1.399197363416264e-008 1.679352284587032e-008 1.970541862586079e-008 2.252739041923577e-008 2.506071780943158e-008 2.710999481692642e-008 2.850138482855678e-008 2.910835463466965e-008 2.887563840678232e-008
 4.144552294553663e-006 1.817218037345047e-006 6.394590891557417e-007 2.227658950361066e-007 8.413229315356716e-008 3.660245906215842e-008 1.989293805671148e-008 1.453087317166462e-008 1.380402723975301e-008 1.519177164889004e-008 1.764795646125864e-008 2.06761948136262e-008 2.398979098215043e-008 2.737795570307882e-008 3.065210408836898e-008 3.362764245627842e-008 3.61243561279942e-008 3.797779573873425e-008
 4.790558049080092e-006 2.879971087833364e-006 1.355162727924892e-006 5.853415683515914e-007 2.533771896409357e-007 1.154644659291396e-007 5.77034169113343e-008 3.330188452710157e-008 2.341603194443401e-008 2.024954081333742e-008 2.041915900385194e-008 2.236675076321175e-008 2.531883252889058e-008 2.884910027200242e-008 3.268543513736741e-008 3.662131440404995e-008 4.047492585035761e-008 4.40722232927828e-008
