# Created by Octave 3.6.4, Thu Mar 20 15:04:41 2014 N. Central Asia Standard Time <unknown@OShulyakov>
# name: LowCv
# type: matrix
# rows: 50
# columns: 18
 5.830491775170856e-023 7.113608726743704e-014 8.887656472901643e-015 1.277623266624732e-009 3.357418712158847e-009 2.005787414290317e-010 8.281028588558576e-014 1.919425450260828e-013 4.220464280664486e-014 6.452000054078722e-015 1.262080431264967e-014 1.016332351107384e-014 9.721860104206837e-015 1.114088283302358e-014 5.283738815704393e-012 1.357948541288693e-011 3.58742270847867e-012 2.659284759755816e-012
 1.304950404170572e-013 1.975849607251661e-011 1.299562314280886e-011 3.747900103645676e-012 1.251490693868924e-012 6.875721574304759e-013 1.019424591303598e-012 1.812401409830541e-012 2.493351868574897e-012 3.067205793538279e-012 3.004339367925973e-012 2.722834979732726e-012 1.824081308838918e-012 1.213453544591172e-012 8.684215938984577e-013 5.746119763282364e-013 3.536806411678602e-013 3.337263941612517e-013
 5.196426816909975e-013 2.585414263232639e-011 3.040115834460541e-011 1.12371511462933e-011 3.459789050402433e-012 1.442865576116178e-012 1.282411989802387e-012 1.924201953022578e-012 2.907340195810073e-012 3.998843523428829e-012 4.743015781767701e-012 4.956544838736436e-012 4.250437559514334e-012 3.284244934233968e-012 2.368834663056814e-012 1.568707624512531e-012 1.052359635011298e-012 7.181678428634113e-013
 2.076648808835197e-012 2.984291634844367e-011 5.567781435830549e-011 3.090768292773015e-011 1.118071716267795e-011 4.088903456425124e-012 2.270611319199261e-012 2.329171684050988e-012 3.292376735507899e-012 4.735089307741342e-012 6.274513787197908e-012 7.408999182176911e-012 7.779740491048718e-012 7.138295795739616e-012 5.899415836954186e-012 4.475656596959854e-012 3.190293969845504e-012 2.200535704392863e-012
 8.287698651538033e-012 3.207675203978613e-011 8.238572987557109e-011 7.036963144124441e-011 3.34706927651789e-011 1.332237494056359e-011 5.881857198573429e-012 3.812541157611351e-012 4.031113603453899e-012 5.398621795526525e-012 7.405264586613851e-012 9.580850347258047e-012 1.134801284981212e-011 1.218424384132164e-011 1.181733661322193e-011 1.041058027885371e-011 8.452904419419314e-012 6.433646479672231e-012
 3.300130847859394e-011 3.3352652863378e-011 1.035361214817442e-010 1.267995733607883e-010 8.432006651163573e-011 4.083686374179245e-011 1.834379272190154e-011 9.293687373031145e-012 6.529373691791056e-012 6.720665844650241e-012 8.515215190018855e-012 1.12163931086737e-011 1.426056033154755e-011 1.700038420514075e-011 1.875206545946628e-011 1.905762401361355e-011 1.78555746903239e-011 1.553148971071519e-011
 1.308167947193065e-010 3.590941458330189e-011 1.168812804847302e-010 1.846949249932084e-010 1.703245680839966e-010 1.074884789016846e-010 5.590714883887472e-011 2.802414187445114e-011 1.562843692341335e-011 1.12505811401188e-011 1.10151989549044e-011 1.311139054597995e-011 1.658563930333355e-011 2.073521231700652e-011 2.482374097980307e-011 2.805258747644839e-011 2.971449872910532e-011 2.944003375761721e-011
 5.139900427921852e-010 4.792132023840885e-011 1.244598108544916e-010 2.294755918338241e-010 2.739434360741368e-010 2.285612120511725e-010 1.477921167961909e-010 8.360736290703133e-011 4.605830251564351e-011 2.742234934602207e-011 1.968848391228536e-011 1.806356240539068e-011 2.00051086099959e-011 2.414737743129741e-011 2.95519021407965e-011 3.536635315426907e-011 4.06755355992625e-011 4.45683232165225e-011
 1.985082580508866e-009 1.028479354469996e-010 1.317635770531875e-010 2.57757141120079e-010 3.653063498769556e-010 3.859064919066525e-010 3.168820586008351e-010 2.164322345231275e-010 1.332041532975417e-010 7.963782762277294e-011 4.985317406272943e-011 3.541345162900966e-011 3.028416963365087e-011 3.08718540393813e-011 3.508802514546912e-011 4.159349426069282e-011 4.932492304641648e-011 5.72387105929221e-011
 7.421714127731402e-009 3.350453895024187e-010 1.560906479445197e-010 2.755851080068169e-010 4.287222488359018e-010 5.341382280575525e-010 5.398074737063299e-010 4.536818795669448e-010 3.310103743650128e-010 2.210002669436061e-010 1.423730637536156e-010 9.333677505797723e-011 6.596007990167532e-011 5.299211855204079e-011 4.93979562896489e-011 5.198110898026384e-011 5.86651560782913e-011 6.797005560445336e-011
 2.617844240103311e-008 1.265738212953025e-009 2.652514875721815e-010 3.005896845087273e-010 4.688183051728426e-010 6.426067621026133e-010 7.52731515424431e-010 7.568361825446336e-010 6.62371201706084e-010 5.177656046716941e-010 3.739695534280333e-010 2.588506143739072e-010 1.782585473323942e-010 1.271388764063621e-010 9.792694728247521e-011 8.408637612496027e-011 8.087508799000994e-011 8.502900211047576e-011
 8.390894551764854e-008 4.817182641810545e-009 7.284846072520455e-010 3.932142255941683e-010 5.091168904085471e-010 7.138898580989516e-010 9.112373032569797e-010 1.039342604283097e-009 1.059213027459554e-009 9.709829364837557e-010 8.121144631628325e-010 6.326482736639863e-010 4.70240250378152e-010 3.422005937038674e-010 2.50609170150789e-010 1.902793464394104e-010 1.542292012952408e-010 1.36188438607968e-010
 2.341266057472762e-007 1.750181484633198e-008 2.572706948824778e-009 7.88568555667875e-010 6.246625180165501e-010 7.830317809907171e-010 1.020048757560785e-009 1.248631144448178e-009 1.411053440342063e-009 1.467811282082284e-009 1.40832986635549e-009 1.254825057158563e-009 1.050106646469807e-009 8.376859080860989e-010 6.478540690601753e-010 4.947976377293616e-010 3.807494288759046e-010 3.016127585696649e-010
 5.487836187983044e-007 5.838884887442581e-008 9.456783831400533e-009 2.388222551094655e-009 1.096874981409719e-009 9.624427244435799e-010 1.13704103991368e-009 1.402203999802204e-009 1.669660710686087e-009 1.882519144537397e-009 1.999082053925414e-009 1.997725828640219e-009 1.882851709976522e-009 1.682479294453387e-009 1.436845607025115e-009 1.184698142059271e-009 9.541947532441238e-010 7.605936837568635e-010
 1.058056199481676e-006 1.714868798182253e-007 3.300645969426031e-008 8.43740046061004e-009 2.992401366460296e-009 1.663817449554467e-009 1.451964422492689e-009 1.604763231373367e-009 1.885343273026605e-009 2.193216029901367e-009 2.467811116635617e-009 2.664339410632192e-009 2.751973069269567e-009 2.718178858556117e-009 2.571316408750794e-009 2.337599475374803e-009 2.052951238358651e-009 1.75341208595135e-009
 1.675317945470223e-006 4.267001122543295e-007 1.03749848426972e-007 2.940479981967394e-008 1.010901087785402e-008 4.416596264721363e-009 2.652732642234777e-009 2.206358819364753e-009 2.261193068756465e-009 2.520463445946407e-009 2.854068873674967e-009 3.189448180758474e-009 3.476180363134005e-009 3.676214298397949e-009 3.763808934849266e-009 3.728271184288574e-009 3.575474155525001e-009 3.326091248794562e-009
 2.237838515946902e-006 8.770249522016797e-007 2.810259548427501e-007 9.342505768585981e-008 3.447730252754278e-008 1.451972267628534e-008 7.227837837185412e-009 4.465477437098953e-009 3.488992270159607e-009 3.28138669125355e-009 3.42672385059841e-009 3.734349527559872e-009 4.103063876575646e-009 4.469056634001635e-009 4.785916939107874e-009 5.018127346997612e-009 5.140476281729425e-009 5.139592364750645e-009
 2.64379103432543e-006 1.476608553014575e-006 6.350224175457198e-007 2.571383173276972e-007 1.07470819189302e-007 4.802548118002191e-008 2.342600052152247e-008 1.276891532181217e-008 8.012438730292247e-009 5.913021780314622e-009 5.084633432917262e-009 4.896839586610433e-009 5.042364709135749e-009 5.358396502573517e-009 5.749101617746799e-009 6.150886079696354e-009 6.516884907016266e-009 6.810673827883516e-009
