# Created by Octave 3.6.4, Thu Mar 20 15:04:41 2014 N. Central Asia Standard Time <unknown@OShulyakov>
# name: LowTst
# type: matrix
# rows: 50
# columns: 18
 5.834648115787353e-023 7.112127670352842e-014 1.699792333089276e-014 1.277623806927962e-009 3.357221715183855e-009 2.005724152904874e-010 8.328877400258017e-014 1.937504449788929e-013 4.35798122321478e-014 1.120767108010144e-014 2.226793181574941e-014 2.989704121854381e-014 4.799168433518941e-014 7.968353019149563e-014 5.292629898276118e-012 1.394825878396716e-011 3.758114219141424e-012 3.31595970356015e-012
 2.533398781930699e-013 1.081250295496764e-010 7.204032070920656e-011 1.92586399980099e-011 5.552487351959642e-012 3.038516200183048e-012 3.957507053600275e-012 6.468849017415367e-012 9.090955161247818e-012 1.110410430087788e-011 1.100345426899283e-011 9.570728067083424e-012 6.889113391375164e-012 4.733523036556333e-012 3.291865733561726e-012 2.292110687894687e-012 1.626859636396559e-012 1.462434708323913e-012
 1.011124975186863e-012 1.408316021762525e-010 1.660393487689115e-010 6.172921860704034e-011 1.855904103275481e-011 7.158794217198631e-012 5.479000987296373e-012 7.359680515064974e-012 1.085227249069713e-011 1.470925607307057e-011 1.740165600828533e-011 1.77655610528351e-011 1.561694098070366e-011 1.22941065109488e-011 8.961059510479435e-012 6.295457849776083e-012 4.452858711428162e-012 3.270951523818523e-012
 4.039982696934484e-012 1.629463410741512e-010 3.040990712098004e-010 1.711478186928174e-010 6.202270174538383e-011 2.237836235740974e-011 1.107166800316648e-011 9.781477428084905e-012 1.271417538451944e-011 1.769420766515803e-011 2.310727491695415e-011 2.710305704115435e-011 2.824009576628816e-011 2.615804102994703e-011 2.185086499781548e-011 1.692092098861506e-011 1.249996947707438e-011 9.095420700822548e-012
 1.612231069876704e-011 1.757977443715678e-010 4.496704302605023e-010 3.869257833029482e-010 1.857982133639434e-010 7.419131731237962e-011 3.171234351865788e-011 1.844330208137655e-011 1.699112333321781e-011 2.10165895208093e-011 2.779132613034232e-011 3.531677324709649e-011 4.147928503810847e-011 4.43510218164474e-011 4.307166033529394e-011 3.826004893093072e-011 3.157525700330009e-011 2.470965382151342e-011
 6.419181031624641e-011 1.83121280881329e-010 5.652860435481322e-010 6.947166480214749e-010 4.663342025156861e-010 2.277383745238649e-010 1.021707417166986e-010 4.995049393037843e-011 3.173207949903324e-011 2.889943114277659e-011 3.370402817271561e-011 4.252537367794191e-011 5.285658019547331e-011 6.2226038713522e-011 6.823140892374681e-011 6.926250804294038e-011 6.517680455038197e-011 5.73064872674531e-011
 2.544106957093586e-010 1.909047587909695e-010 6.400293721679145e-010 1.010578370165934e-009 9.372086203328115e-010 5.96334820989284e-010 3.122686348969514e-010 1.561662762729542e-010 8.430994348954344e-011 5.580800099513649e-011 4.888685629116737e-011 5.332377586115137e-011 6.4026396992742e-011 7.771151429866225e-011 9.144812219859172e-011 1.023346269962002e-010 1.079285881391881e-010 1.069896552534902e-010
 9.992401946806255e-010 2.162820397991885e-010 6.830516652250527e-010 1.256257907883258e-009 1.502839993032417e-009 1.260990597854491e-009 8.214059650857033e-010 4.674290675245913e-010 2.57110985706135e-010 1.494397590329587e-010 1.00607755197604e-010 8.378409466179171e-011 8.477549125228661e-011 9.605567670553791e-011 1.130099629311064e-010 1.319972631823642e-010 1.49563058072947e-010 1.624710480862099e-010
 3.856448910402302e-009 3.25271023761617e-010 7.126579161738305e-010 1.413242757892541e-009 2.002039433938793e-009 2.121083620774689e-009 1.750796622544263e-009 1.203520565023466e-009 7.448440563655092e-010 4.455830491628948e-010 2.749216703180651e-010 1.869012781458766e-010 1.480767110344219e-010 1.383389148743841e-010 1.461545525301221e-010 1.645383454827091e-010 1.885406553612578e-010 2.139310765612253e-010
 1.439878595267627e-008 7.801260511667181e-010 7.683299934217371e-010 1.505808140637198e-009 2.34984910881556e-009 2.930093984690695e-009 2.969473941619219e-009 2.506814019964548e-009 1.839116759353538e-009 1.234644044604672e-009 7.97560505824209e-010 5.197293018922891e-010 3.582432134104392e-010 2.732111193917587e-010 2.366544813133789e-010 2.308182200339369e-010 2.445596663914663e-010 2.7041497451049e-010
 5.06621002647253e-008 2.594806270132267e-009 9.856282157595458e-010 1.584336221877435e-009 2.561103930181319e-009 3.520543788707652e-009 4.129406292736274e-009 4.161978396580554e-009 3.655571651857969e-009 2.870673021609546e-009 2.083922389572381e-009 1.448454334473188e-009 9.974829377779191e-010 7.041360889389318e-010 5.270819512019739e-010 4.303131922878733e-010 3.87603848173782e-010 3.811173337614997e-010
 1.616973051199209e-007 9.498745249311042e-009 1.890288445427077e-009 1.777634688431644e-009 2.708928744522258e-009 3.88956364425109e-009 4.984378753234892e-009 5.694761311489202e-009 5.815195366537751e-009 5.345289527228772e-009 4.486717702192886e-009 3.510282278339284e-009 2.620943029198591e-009 1.913495392117027e-009 1.399700824143948e-009 1.051386213924591e-009 8.30302037555861e-010 7.019612343648089e-010
 4.483412964338062e-007 3.407656786557264e-008 5.477880384829508e-009 2.548653031384568e-009 2.962074743417037e-009 4.143543797172209e-009 5.526575604715227e-009 6.805106723097599e-009 7.708185102499175e-009 8.032193796824733e-009 7.721845272133772e-009 6.897572992466982e-009 5.791076936383977e-009 4.637838011893072e-009 3.60172489512299e-009 2.75926505482336e-009 2.122131257329683e-009 1.667626634221062e-009
 1.043019529125993e-006 1.129167671479247e-007 1.883520706903348e-008 5.649902160577405e-009 3.879235568905887e-009 4.536775849227792e-009 5.919738608778953e-009 7.516518204841348e-009 9.035130027825525e-009 1.02250959568169e-008 1.087973814132351e-008 1.088896185433659e-008 1.027976482806402e-008 9.205220334562431e-009 7.883288837054217e-009 6.522720923248777e-009 5.274229535167944e-009 4.21855189297883e-009
 1.997234593860558e-006 3.294049515619974e-007 6.436061553782542e-008 1.736720719570439e-008 7.532708090230213e-009 5.886569895247858e-009 6.58024800965765e-009 8.100433016364176e-009 9.910338294196242e-009 1.171254802925586e-008 1.326872950532392e-008 1.437179574057651e-008 1.487061933864158e-008 1.470590992245745e-008 1.392816083272224e-008 1.268202073904761e-008 1.116217660256301e-008 9.561698179141595e-009
 3.147209700926597e-006 8.133003023145034e-007 2.003049394684395e-007 5.788188185870011e-008 2.127058815820239e-008 1.115910577430381e-008 8.8630785772706e-009 9.291650357256409e-009 1.081356424935414e-008 1.27879698662125e-008 1.487828366899552e-008 1.684289721999106e-008 1.847571345679892e-008 1.960329102760597e-008 2.010463395294572e-008 1.993393286905106e-008 1.913136533711536e-008 1.781378689593783e-008
 4.192024005455425e-006 1.659156178962865e-006 5.380379120314795e-007 1.809458536580741e-007 6.826058064283043e-008 3.058939124359665e-008 1.758172974393902e-008 1.354419581905639e-008 1.313939563027398e-008 1.435528396638039e-008 1.633187315178354e-008 1.863204142437669e-008 2.097829023418851e-008 2.315525439752111e-008 2.497861503486132e-008 2.629401413962557e-008 2.698938334183681e-008 2.700998649518758e-008
 4.944929829035738e-006 2.777774474243491e-006 1.205814806660188e-006 4.930767941138153e-007 2.083505086386471e-007 9.502088883093332e-008 4.863411301075444e-008 2.93208195116929e-008 2.161556102348889e-008 1.923253927694275e-008 1.945539783352184e-008 2.101953460222758e-008 2.327632310737609e-008 2.584657220832436e-008 2.847105674192285e-008 3.094597939071759e-008 3.309819746605709e-008 3.478063112101289e-008
