# Created by Octave 3.6.4, Tue Mar 11 13:39:21 2014 N. Central Asia Standard Time <unknown@OShulyakov>
# name: CloseTst
# type: matrix
# rows: 50
# columns: 20
 5.417726752776098e-036 5.856583161441255e-036 1.885839406063691e-035 8.745647621031301e-027 8.769540834907625e-027 8.770047701920938e-027 8.769991348291793e-027 8.770038411042821e-027 8.76999962453408e-027 8.770042007714708e-027 8.770044584617254e-027 8.770040560054103e-027 8.770053203464947e-027 8.770035494865398e-027 8.770048284417334e-027 8.770044377455119e-027 8.77004382035886e-027 8.770044584617254e-027 8.770044584617254e-027 8.770044584617254e-027
 1.730918654393027e-011 1.734428482549068e-011 1.734439735850871e-011 1.734439744877043e-011 1.734439744746073e-011 1.734439744966365e-011 1.734439744737208e-011 1.734439744999047e-011 1.734439744477413e-011 1.734439745070416e-011 1.734439744766002e-011 1.73443974450857e-011 1.734439745000742e-011 1.734439745005643e-011 1.734439744866288e-011 1.73443974503159e-011 1.73443974505946e-011 1.734439745024005e-011 1.734439745030487e-011 1.734439744880936e-011
 6.827061872719955e-011 6.833969034287613e-011 6.833989143251403e-011 6.833989165384001e-011 6.833989165268807e-011 6.833989165454434e-011 6.833989165580935e-011 6.833989165429716e-011 6.833989165387172e-011 6.833989165482933e-011 6.833989165335595e-011 6.833989165366289e-011 6.833989165300199e-011 6.833989165254772e-011 6.83398916529477e-011 6.833989165487405e-011 6.833989165428901e-011 6.833989165441833e-011 6.833989165231786e-011 6.833989165144873e-011
 2.656339190164454e-010 2.657647628107048e-010 2.657651173358889e-010 2.657651178230957e-010 2.657651178229513e-010 2.657651178237187e-010 2.657651178217904e-010 2.657651178239648e-010 2.657651178298638e-010 2.657651178274149e-010 2.657651178235218e-010 2.657651178239808e-010 2.657651178254687e-010 2.657651178227093e-010 2.657651178244433e-010 2.657651178247516e-010 2.657651178267105e-010 2.657651178260839e-010 2.657651178267306e-010 2.657651178271749e-010
 1.007103219028014e-009 1.007334813090371e-009 1.007335411347285e-009 1.00733541233901e-009 1.007335412335865e-009 1.007335412337207e-009 1.007335412339994e-009 1.007335412337107e-009 1.00733541234071e-009 1.007335412339355e-009 1.00733541234308e-009 1.007335412336635e-009 1.00733541234219e-009 1.007335412341113e-009 1.007335412345393e-009 1.00733541234463e-009 1.007335412343481e-009 1.007335412343778e-009 1.007335412343802e-009 1.0073354123451e-009
 3.642314241583177e-009 3.642669605923449e-009 3.642670506593063e-009 3.642670508463642e-009 3.642670508468899e-009 3.642670508470342e-009 3.642670508470646e-009 3.642670508469194e-009 3.642670508470222e-009 3.642670508469977e-009 3.642670508468715e-009 3.6426705084658e-009 3.642670508468529e-009 3.642670508466881e-009 3.642670508468647e-009 3.642670508467968e-009 3.642670508469117e-009 3.642670508470054e-009 3.64267050846879e-009 3.642670508468717e-009
 1.217719869752639e-008 1.217756401477103e-008 1.217756505353795e-008 1.21775650568102e-008 1.217756505681628e-008 1.217756505681867e-008 1.217756505681846e-008 1.217756505681881e-008 1.217756505681641e-008 1.217756505682164e-008 1.217756505681968e-008 1.217756505681924e-008 1.217756505681743e-008 1.217756505681696e-008 1.217756505681723e-008 1.21775650568173e-008 1.217756505681669e-008 1.217756505681686e-008 1.217756505681726e-008 1.217756505681741e-008
 3.642025072335263e-008 3.642001776880975e-008 3.642001822890471e-008 3.642001823405752e-008 3.642001823407065e-008 3.642001823406904e-008 3.642001823406933e-008 3.642001823406797e-008 3.642001823406858e-008 3.642001823406585e-008 3.642001823406911e-008 3.642001823407097e-008 3.642001823406986e-008 3.642001823407015e-008 3.642001823407029e-008 3.642001823406953e-008 3.642001823407138e-008 3.642001823407286e-008 3.642001823406979e-008 3.642001823406894e-008
 9.671074542384451e-008 9.670798378091538e-008 9.670798196421738e-008 9.670798197116943e-008 9.670798197118891e-008 9.670798197118833e-008 9.670798197118798e-008 9.670798197119005e-008 9.67079819711864e-008 9.670798197118785e-008 9.670798197118759e-008 9.670798197118683e-008 9.670798197118753e-008 9.670798197118795e-008 9.670798197118686e-008 9.67079819711874e-008 9.670798197118703e-008 9.670798197118596e-008 9.670798197118626e-008 9.670798197118608e-008
 2.36602129665305e-007 2.365921480242816e-007 2.365921398238618e-007 2.365921398307893e-007 2.365921398308122e-007 2.365921398308113e-007 2.365921398308134e-007 2.365921398308165e-007 2.365921398308127e-007 2.365921398308095e-007 2.365921398308142e-007 2.365921398308128e-007 2.365921398308154e-007 2.365921398308138e-007 2.365921398308144e-007 2.365921398308137e-007 2.365921398308152e-007 2.365921398308134e-007 2.365921398308134e-007 2.365921398308129e-007
 5.51835458001148e-007 5.518103423448855e-007 5.518103183748597e-007 5.518103183764531e-007 5.518103183764776e-007 5.51810318376474e-007 5.51810318376476e-007 5.518103183764772e-007 5.51810318376477e-007 5.518103183764766e-007 5.518103183764775e-007 5.518103183764759e-007 5.518103183764774e-007 5.518103183764785e-007 5.518103183764775e-007 5.518103183764789e-007 5.518103183764775e-007 5.518103183764776e-007 5.518103183764782e-007 5.518103183764785e-007
 1.187217504335531e-006 1.187171768568827e-006 1.187171716495934e-006 1.187171716484799e-006 1.187171716484798e-006 1.187171716484798e-006 1.187171716484799e-006 1.1871717164848e-006 1.187171716484798e-006 1.187171716484801e-006 1.187171716484798e-006 1.187171716484803e-006 1.1871717164848e-006 1.187171716484801e-006 1.187171716484801e-006 1.187171716484801e-006 1.187171716484801e-006 1.187171716484802e-006 1.187171716484801e-006 1.187171716484801e-006
 2.214038698947871e-006 2.213979259493387e-006 2.213979177844142e-006 2.213979177818845e-006 2.213979177818801e-006 2.213979177818801e-006 2.213979177818798e-006 2.213979177818798e-006 2.213979177818798e-006 2.213979177818799e-006 2.213979177818798e-006 2.213979177818799e-006 2.213979177818798e-006 2.213979177818799e-006 2.213979177818798e-006 2.213979177818798e-006 2.213979177818799e-006 2.213979177818798e-006 2.213979177818799e-006 2.213979177818799e-006
 3.480760186767191e-006 3.480703559587062e-006 3.48070346688791e-006 3.480703466856926e-006 3.480703466856853e-006 3.480703466856853e-006 3.480703466856853e-006 3.480703466856853e-006 3.480703466856852e-006 3.480703466856853e-006 3.480703466856853e-006 3.480703466856854e-006 3.480703466856853e-006 3.480703466856853e-006 3.480703466856854e-006 3.480703466856853e-006 3.480703466856854e-006 3.480703466856853e-006 3.480703466856853e-006 3.480703466856853e-006
 4.676547996400261e-006 4.6765057657472e-006 4.676505686518839e-006 4.676505686492288e-006 4.676505686492211e-006 4.676505686492211e-006 4.676505686492212e-006 4.676505686492212e-006 4.676505686492212e-006 4.676505686492212e-006 4.676505686492212e-006 4.676505686492212e-006 4.676505686492212e-006 4.676505686492212e-006 4.676505686492212e-006 4.676505686492212e-006 4.676505686492212e-006 4.676505686492212e-006 4.676505686492212e-006 4.676505686492212e-006
 5.573922335456975e-006 5.573895748048642e-006 5.573895693521818e-006 5.573895693503751e-006 5.573895693503696e-006 5.573895693503696e-006 5.573895693503695e-006 5.573895693503695e-006 5.573895693503696e-006 5.573895693503696e-006 5.573895693503696e-006 5.573895693503695e-006 5.573895693503696e-006 5.573895693503695e-006 5.573895693503695e-006 5.573895693503695e-006 5.573895693503696e-006 5.573895693503696e-006 5.573895693503695e-006 5.573895693503696e-006
 6.142885649043016e-006 6.142870577693258e-006 6.142870545147008e-006 6.142870545136326e-006 6.142870545136293e-006 6.142870545136292e-006 6.142870545136292e-006 6.142870545136292e-006 6.142870545136293e-006 6.142870545136292e-006 6.142870545136292e-006 6.142870545136292e-006 6.142870545136292e-006 6.142870545136292e-006 6.142870545136292e-006 6.142870545136292e-006 6.142870545136292e-006 6.142870545136292e-006 6.142870545136292e-006 6.142870545136292e-006
