# Created by Octave 3.6.4, Tue Mar 11 13:39:21 2014 N. Central Asia Standard Time <unknown@OShulyakov>
# name: CloseCv
# type: matrix
# rows: 50
# columns: 20
 2.949108050872325e-036 1.773920688423895e-036 5.978399517182045e-036 4.148195102886657e-027 4.159521221018945e-027 4.159691669532074e-027 4.15962402529234e-027 4.159695519867996e-027 4.159620039380794e-027 4.159646371388843e-027 4.159651894832865e-027 4.159652006469524e-027 4.159647459493037e-027 4.159650509976432e-027 4.159650498944937e-027 4.159651401549871e-027 4.15965076251386e-027 4.159651894832865e-027 4.159651894832865e-027 4.159651894832865e-027
 9.699299786640564e-012 9.771432355077537e-012 9.771664082968131e-012 9.771664157416849e-012 9.771664156848492e-012 9.771664158004128e-012 9.771664156760032e-012 9.771664158208157e-012 9.771664155407672e-012 9.771664158595164e-012 9.771664156939168e-012 9.77166415553125e-012 9.771664158223865e-012 9.77166415823548e-012 9.771664157500397e-012 9.771664158394395e-012 9.77166415850098e-012 9.771664158322558e-012 9.771664158330644e-012 9.771664157564106e-012
 3.824900312919136e-011 3.840186073754983e-011 3.840233846151603e-011 3.840233865894354e-011 3.840233865860563e-011 3.840233865960038e-011 3.840233866027726e-011 3.840233865944525e-011 3.840233865916192e-011 3.840233865976642e-011 3.840233865893584e-011 3.84023386589857e-011 3.84023386587867e-011 3.840233865851601e-011 3.840233865868497e-011 3.840233865975012e-011 3.840233865943601e-011 3.840233865949475e-011 3.84023386583653e-011 3.840233865789316e-011
 1.487695250323337e-010 1.490824036162244e-010 1.490833629625223e-010 1.490833634191866e-010 1.490833634197426e-010 1.490833634200756e-010 1.490833634191014e-010 1.490833634201768e-010 1.490833634234068e-010 1.490833634220685e-010 1.490833634200009e-010 1.490833634202484e-010 1.490833634210671e-010 1.490833634194986e-010 1.490833634204116e-010 1.490833634206194e-010 1.490833634216709e-010 1.490833634213293e-010 1.490833634217161e-010 1.490833634219351e-010
 5.636237159937871e-010 5.642477942512726e-010 5.642496690581737e-010 5.642496700291639e-010 5.642496700287984e-010 5.642496700295242e-010 5.642496700310449e-010 5.642496700295073e-010 5.642496700313685e-010 5.642496700306634e-010 5.642496700326556e-010 5.64249670029134e-010 5.642496700322001e-010 5.642496700316203e-010 5.64249670033885e-010 5.642496700334257e-010 5.642496700328467e-010 5.642496700330029e-010 5.642496700330248e-010 5.642496700337279e-010
 2.035403946167164e-009 2.036616852731352e-009 2.036620395018248e-009 2.03662039696147e-009 2.036620396966988e-009 2.036620396967744e-009 2.036620396967836e-009 2.036620396967125e-009 2.036620396967615e-009 2.036620396967544e-009 2.036620396966856e-009 2.036620396965284e-009 2.036620396966725e-009 2.036620396965845e-009 2.036620396966803e-009 2.036620396966388e-009 2.036620396967038e-009 2.036620396967532e-009 2.036620396966845e-009 2.036620396966799e-009
 6.784312378642382e-009 6.786589033526206e-009 6.786595444098712e-009 6.786595447816179e-009 6.78659544782484e-009 6.786595447826134e-009 6.786595447826003e-009 6.786595447826171e-009 6.786595447824914e-009 6.786595447827677e-009 6.786595447826688e-009 6.786595447826455e-009 6.786595447825512e-009 6.786595447825216e-009 6.786595447825364e-009 6.786595447825377e-009 6.786595447825061e-009 6.78659544782512e-009 6.786595447825383e-009 6.786595447825465e-009
 2.016751170867228e-008 2.017155504271263e-008 2.017156610463437e-008 2.017156611140413e-008 2.017156611142186e-008 2.0171566111421e-008 2.01715661114212e-008 2.017156611142051e-008 2.017156611142079e-008 2.017156611141932e-008 2.017156611142107e-008 2.017156611142201e-008 2.017156611142144e-008 2.01715661114216e-008 2.017156611142169e-008 2.017156611142127e-008 2.017156611142224e-008 2.017156611142303e-008 2.017156611142142e-008 2.017156611142095e-008
 5.295274899764342e-008 5.295923915541807e-008 5.295925729073727e-008 5.295925730228984e-008 5.295925730232081e-008 5.295925730232056e-008 5.295925730232036e-008 5.295925730232145e-008 5.295925730231952e-008 5.295925730232028e-008 5.295925730232016e-008 5.295925730231974e-008 5.295925730232014e-008 5.295925730232032e-008 5.295925730231976e-008 5.295925730232003e-008 5.295925730231983e-008 5.295925730231928e-008 5.295925730231942e-008 5.295925730231934e-008
 1.274125506948489e-007 1.274210542008879e-007 1.274210814364948e-007 1.27421081454194e-007 1.274210814542434e-007 1.274210814542428e-007 1.27421081454244e-007 1.274210814542456e-007 1.274210814542436e-007 1.274210814542419e-007 1.274210814542445e-007 1.274210814542436e-007 1.27421081454245e-007 1.274210814542442e-007 1.274210814542445e-007 1.274210814542442e-007 1.274210814542449e-007 1.27421081454244e-007 1.27421081454244e-007 1.274210814542437e-007
 2.922189640862018e-007 2.922261531430568e-007 2.922261874232795e-007 2.922261874457455e-007 2.922261874458177e-007 2.922261874458159e-007 2.922261874458169e-007 2.922261874458176e-007 2.922261874458175e-007 2.922261874458172e-007 2.922261874458177e-007 2.922261874458169e-007 2.922261874458176e-007 2.922261874458182e-007 2.922261874458177e-007 2.922261874458185e-007 2.922261874458177e-007 2.922261874458177e-007 2.922261874458181e-007 2.922261874458183e-007
 6.218712764996914e-007 6.218717822074957e-007 6.21871814350285e-007 6.218718143716794e-007 6.21871814371758e-007 6.218718143717576e-007 6.218718143717586e-007 6.218718143717586e-007 6.218718143717575e-007 6.218718143717595e-007 6.218718143717576e-007 6.218718143717606e-007 6.218718143717587e-007 6.218718143717591e-007 6.218718143717594e-007 6.218718143717593e-007 6.218718143717593e-007 6.218718143717595e-007 6.218718143717591e-007 6.218718143717592e-007
 1.154631707735462e-006 1.154623816163338e-006 1.154623835285025e-006 1.154623835298994e-006 1.154623835299055e-006 1.154623835299055e-006 1.154623835299054e-006 1.154623835299054e-006 1.154623835299054e-006 1.154623835299055e-006 1.154623835299054e-006 1.154623835299055e-006 1.154623835299054e-006 1.154623835299055e-006 1.154623835299054e-006 1.154623835299054e-006 1.154623835299055e-006 1.154623835299054e-006 1.154623835299055e-006 1.154623835299055e-006
 1.81406583435227e-006 1.81405391522864e-006 1.814053919034605e-006 1.814053919040183e-006 1.814053919040218e-006 1.814053919040218e-006 1.814053919040218e-006 1.814053919040218e-006 1.814053919040218e-006 1.814053919040218e-006 1.814053919040218e-006 1.814053919040219e-006 1.814053919040218e-006 1.814053919040219e-006 1.814053919040219e-006 1.814053919040218e-006 1.814053919040219e-006 1.814053919040219e-006 1.814053919040219e-006 1.814053919040218e-006
 2.438855962929296e-006 2.438845277745146e-006 2.438845273045865e-006 2.438845273046563e-006 2.438845273046575e-006 2.438845273046575e-006 2.438845273046575e-006 2.438845273046575e-006 2.438845273046575e-006 2.438845273046575e-006 2.438845273046575e-006 2.438845273046575e-006 2.438845273046575e-006 2.438845273046575e-006 2.438845273046575e-006 2.438845273046575e-006 2.438845273046575e-006 2.438845273046575e-006 2.438845273046575e-006 2.438845273046575e-006
 2.908988684403855e-006 2.908981346424239e-006 2.908981340358102e-006 2.908981340357272e-006 2.908981340357274e-006 2.908981340357274e-006 2.908981340357274e-006 2.908981340357274e-006 2.908981340357274e-006 2.908981340357274e-006 2.908981340357274e-006 2.908981340357274e-006 2.908981340357274e-006 2.908981340357274e-006 2.908981340357274e-006 2.908981340357274e-006 2.908981340357274e-006 2.908981340357274e-006 2.908981340357274e-006 2.908981340357274e-006
 3.207554088883766e-006 3.207549746864329e-006 3.207549742380157e-006 3.207549742379288e-006 3.207549742379288e-006 3.207549742379288e-006 3.207549742379288e-006 3.207549742379288e-006 3.207549742379288e-006 3.207549742379288e-006 3.207549742379288e-006 3.207549742379288e-006 3.207549742379288e-006 3.207549742379288e-006 3.207549742379288e-006 3.207549742379288e-006 3.207549742379288e-006 3.207549742379288e-006 3.207549742379288e-006 3.207549742379288e-006
