# Created by Octave 3.6.4, Tue Mar 11 13:39:21 2014 N. Central Asia Standard Time <unknown@OShulyakov>
# name: HighTst
# type: matrix
# rows: 50
# columns: 20
 9.131617008869597e-036 2.54497765053328e-035 2.096342304904445e-035 8.474049866785821e-027 8.482209921197567e-027 8.482260296857568e-027 8.481673086266767e-027 8.481545919998691e-027 8.481595884288321e-027 8.481625160620848e-027 8.481661559548958e-027 8.481662767783409e-027 8.481636883420702e-027 8.481636661723718e-027 8.481649662468754e-027 8.48166104222713e-027 8.4816608374121e-027 8.481661559548958e-027 8.481661559548958e-027 8.481661559548958e-027
 1.789766557423022e-011 1.787713748781034e-011 1.787714175500649e-011 1.787714192748306e-011 1.787714192936378e-011 1.787714192852791e-011 1.787714192803791e-011 1.787714192430083e-011 1.787714192792559e-011 1.787714192904615e-011 1.787714192785087e-011 1.787714192796157e-011 1.787714192771829e-011 1.78771419262689e-011 1.787714192554939e-011 1.787714192691084e-011 1.78771419276333e-011 1.787714192723723e-011 1.787714192740808e-011 1.787714192761234e-011
 7.074396102717861e-011 7.064700619329432e-011 7.064696390213506e-011 7.064696423694138e-011 7.064696423798126e-011 7.064696423720892e-011 7.064696424055838e-011 7.064696423750469e-011 7.064696424010037e-011 7.064696423508963e-011 7.06469642345467e-011 7.064696423356145e-011 7.064696423596692e-011 7.064696423724017e-011 7.064696423649601e-011 7.064696423652996e-011 7.064696423653764e-011 7.064696423847158e-011 7.064696423853631e-011 7.064696423736634e-011
 2.764305819089936e-010 2.761483773113665e-010 2.761482197444778e-010 2.76148220365522e-010 2.761482203639824e-010 2.761482203629555e-010 2.761482203653124e-010 2.761482203632914e-010 2.761482203634948e-010 2.761482203674616e-010 2.761482203685162e-010 2.761482203641617e-010 2.76148220363936e-010 2.761482203645659e-010 2.761482203654452e-010 2.761482203641638e-010 2.761482203642487e-010 2.761482203654238e-010 2.761482203654547e-010 2.761482203655654e-010
 1.05675034251085e-009 1.05600827209488e-009 1.056007847361142e-009 1.056007848442504e-009 1.056007848442654e-009 1.056007848443759e-009 1.056007848445634e-009 1.056007848442339e-009 1.056007848444534e-009 1.056007848443107e-009 1.056007848444536e-009 1.056007848441849e-009 1.056007848444816e-009 1.05600784844423e-009 1.056007848444754e-009 1.05600784844419e-009 1.056007848444182e-009 1.056007848444666e-009 1.0560078484442e-009 1.056007848444366e-009
 3.882195828506851e-009 3.880247392620235e-009 3.880246337733891e-009 3.880246339433725e-009 3.880246339434644e-009 3.880246339433739e-009 3.880246339436261e-009 3.880246339437147e-009 3.880246339435502e-009 3.880246339434234e-009 3.88024633943607e-009 3.880246339436168e-009 3.880246339434254e-009 3.880246339434691e-009 3.880246339436769e-009 3.880246339435323e-009 3.880246339436552e-009 3.880246339437068e-009 3.880246339434964e-009 3.880246339432594e-009
 1.334541035207625e-008 1.334021447251201e-008 1.334021188288976e-008 1.334021188490072e-008 1.334021188490416e-008 1.334021188490309e-008 1.334021188490407e-008 1.334021188490088e-008 1.334021188490816e-008 1.334021188490399e-008 1.334021188490175e-008 1.334021188490419e-008 1.334021188490273e-008 1.334021188490121e-008 1.334021188490484e-008 1.334021188490144e-008 1.334021188490315e-008 1.334021188490383e-008 1.334021188490259e-008 1.334021188490195e-008
 4.166323516872512e-008 4.1649699968033e-008 4.16496936087761e-008 4.164969360910826e-008 4.164969360911261e-008 4.164969360911312e-008 4.16496936091141e-008 4.164969360911163e-008 4.164969360911317e-008 4.164969360911556e-008 4.164969360911421e-008 4.164969360911468e-008 4.164969360911072e-008 4.16496936091141e-008 4.164969360911519e-008 4.16496936091149e-008 4.1649693609115e-008 4.164969360911482e-008 4.16496936091132e-008 4.164969360911315e-008
 1.158996820370853e-007 1.158675942116754e-007 1.158675790374038e-007 1.158675790304617e-007 1.158675790304642e-007 1.158675790304639e-007 1.158675790304627e-007 1.158675790304634e-007 1.158675790304642e-007 1.15867579030463e-007 1.158675790304636e-007 1.158675790304642e-007 1.158675790304636e-007 1.158675790304634e-007 1.158675790304655e-007 1.158675790304635e-007 1.15867579030465e-007 1.15867579030465e-007 1.158675790304646e-007 1.158675790304644e-007
 2.862630645880701e-007 2.86199395844298e-007 2.861993635214116e-007 2.861993634983433e-007 2.86199363498326e-007 2.861993634983254e-007 2.861993634983262e-007 2.861993634983258e-007 2.861993634983226e-007 2.861993634983229e-007 2.861993634983252e-007 2.861993634983263e-007 2.861993634983254e-007 2.86199363498324e-007 2.861993634983239e-007 2.861993634983245e-007 2.861993634983247e-007 2.861993634983241e-007 2.861993634983248e-007 2.861993634983243e-007
 6.239555093042788e-007 6.238584281942211e-007 6.238583734869797e-007 6.238583734442406e-007 6.238583734441897e-007 6.238583734441903e-007 6.238583734441877e-007 6.238583734441882e-007 6.238583734441872e-007 6.238583734441889e-007 6.23858373444189e-007 6.238583734441896e-007 6.238583734441887e-007 6.238583734441887e-007 6.238583734441897e-007 6.23858373444189e-007 6.238583734441894e-007 6.238583734441891e-007 6.238583734441891e-007 6.238583734441901e-007
 1.190133237327892e-006 1.190025391930228e-006 1.190025321581763e-006 1.190025321531119e-006 1.190025321531046e-006 1.190025321531046e-006 1.190025321531046e-006 1.190025321531047e-006 1.190025321531045e-006 1.190025321531046e-006 1.190025321531047e-006 1.190025321531045e-006 1.190025321531045e-006 1.190025321531045e-006 1.190025321531046e-006 1.190025321531046e-006 1.190025321531046e-006 1.190025321531046e-006 1.190025321531047e-006 1.190025321531047e-006
 1.997278567785147e-006 1.997189699156221e-006 1.99718962516709e-006 1.997189625125516e-006 1.997189625125447e-006 1.997189625125447e-006 1.997189625125446e-006 1.997189625125446e-006 1.997189625125446e-006 1.997189625125447e-006 1.997189625125446e-006 1.997189625125446e-006 1.997189625125446e-006 1.997189625125446e-006 1.997189625125446e-006 1.997189625125446e-006 1.997189625125447e-006 1.997189625125446e-006 1.997189625125446e-006 1.997189625125446e-006
 2.9634280825571e-006 2.963369297409448e-006 2.963369229016019e-006 2.963369228989231e-006 2.963369228989174e-006 2.963369228989173e-006 2.963369228989172e-006 2.963369228989171e-006 2.963369228989171e-006 2.963369228989171e-006 2.963369228989172e-006 2.963369228989172e-006 2.963369228989172e-006 2.963369228989172e-006 2.963369228989172e-006 2.963369228989172e-006 2.963369228989173e-006 2.963369228989172e-006 2.963369228989172e-006 2.963369228989172e-006
 3.893223797994496e-006 3.893189689937682e-006 3.893189635493139e-006 3.893189635477803e-006 3.89318963547776e-006 3.89318963547776e-006 3.893189635477761e-006 3.893189635477761e-006 3.893189635477761e-006 3.89318963547776e-006 3.893189635477761e-006 3.89318963547776e-006 3.893189635477761e-006 3.893189635477761e-006 3.893189635477761e-006 3.893189635477761e-006 3.893189635477761e-006 3.893189635477761e-006 3.893189635477761e-006 3.893189635477761e-006
 4.608904723038573e-006 4.608886271276919e-006 4.608886234462369e-006 4.608886234454037e-006 4.608886234454009e-006 4.608886234454008e-006 4.608886234454008e-006 4.608886234454008e-006 4.608886234454008e-006 4.608886234454008e-006 4.608886234454008e-006 4.608886234454008e-006 4.608886234454008e-006 4.608886234454008e-006 4.608886234454008e-006 4.608886234454008e-006 4.608886234454008e-006 4.608886234454008e-006 4.608886234454008e-006 4.608886234454008e-006
 5.070775356474265e-006 5.07076573834131e-006 5.070765716427881e-006 5.070765716423493e-006 5.070765716423475e-006 5.070765716423475e-006 5.070765716423476e-006 5.070765716423476e-006 5.070765716423476e-006 5.070765716423476e-006 5.070765716423476e-006 5.070765716423476e-006 5.070765716423476e-006 5.070765716423476e-006 5.070765716423476e-006 5.070765716423476e-006 5.070765716423476e-006 5.070765716423476e-006 5.070765716423476e-006 5.070765716423476e-006
