# Created by Octave 3.6.4, Tue Mar 11 13:39:21 2014 N. Central Asia Standard Time <unknown@OShulyakov>
# name: lambda
# type: matrix
# rows: 50
# columns: 1
 0
 0.001
 0.002
 0.004
 0.008
 0.016
 0.032
 0.064
 0.128
 0.256
 0.512
 1.024
 2.048
 4.096
 8.192
 16.384
 32.768
 65.536
 131.072
 262.144
 524.288
 1048.576
 2097.152
 4194.304
 8388.608
 16777.216
 33554.432
 67108.864
 134217.728
 268435.456
 536870.912
 1073741.824
 2147483.648
 4294967.296
 8589934.592
 17179869.184
 34359738.368
 68719476.736
 137438953.472
 274877906.944
 549755813.888
 1099511627.776
 2199023255.552
 4398046511.104
 8796093022.208
 17592186044.416
 35184372088.832
 70368744177.664
 140737488355.328
 281474976710.656


