# Created by Octave 3.6.4, Tue Mar 11 13:39:21 2014 N. Central Asia Standard Time <unknown@OShulyakov>
# name: LowCv
# type: matrix
# rows: 50
# columns: 20
 2.262756911794474e-036 1.529258336251674e-035 8.629070609448702e-036 1.588609216281354e-026 1.592359970895162e-026 1.592434382745305e-026 1.592493738491505e-026 1.592487522615922e-026 1.5924855410446e-026 1.592492408876062e-026 1.592492577675052e-026 1.592492469618575e-026 1.59248890841425e-026 1.592490832302404e-026 1.592491958814191e-026 1.592492475079351e-026 1.592492708213425e-026 1.592492577675052e-026 1.592492577675052e-026 1.592492577675052e-026
 7.60796643823579e-012 7.765597934101129e-012 7.766212886957712e-012 7.766213123591715e-012 7.766213124951667e-012 7.766213125549133e-012 7.76621312561645e-012 7.766213125173197e-012 7.76621312480945e-012 7.766213125211009e-012 7.766213125137302e-012 7.766213125476534e-012 7.766213124286043e-012 7.766213124923806e-012 7.766213125243681e-012 7.76621312494971e-012 7.766213125759418e-012 7.766213125320006e-012 7.766213125947991e-012 7.7662131251429e-012
 3.006916633284168e-011 3.039526767805718e-011 3.039654219965034e-011 3.039654276930421e-011 3.039654277335694e-011 3.039654277345982e-011 3.039654277329952e-011 3.039654277407341e-011 3.03965427743533e-011 3.039654277334078e-011 3.039654277323052e-011 3.03965427759262e-011 3.039654277326597e-011 3.039654277369172e-011 3.039654277450469e-011 3.03965427740067e-011 3.039654277346704e-011 3.039654277401912e-011 3.039654277414625e-011 3.039654277412191e-011
 1.174744118298738e-010 1.18133746993294e-010 1.181363153076807e-010 1.181363165565507e-010 1.181363165646554e-010 1.181363165663902e-010 1.18136316564722e-010 1.181363165664897e-010 1.181363165652009e-010 1.181363165655983e-010 1.181363165651638e-010 1.181363165654479e-010 1.181363165647746e-010 1.181363165666493e-010 1.181363165668688e-010 1.181363165661715e-010 1.181363165659316e-010 1.181363165662955e-010 1.181363165655461e-010 1.181363165657357e-010
 4.489533127976071e-010 4.502612220896571e-010 4.5026626093983e-010 4.502662635324992e-010 4.502662635495362e-010 4.502662635493533e-010 4.502662635485725e-010 4.502662635485626e-010 4.502662635495347e-010 4.502662635499897e-010 4.502662635494552e-010 4.502662635516916e-010 4.502662635485686e-010 4.502662635485473e-010 4.502662635491073e-010 4.502662635504183e-010 4.50266263549714e-010 4.502662635498779e-010 4.502662635496478e-010 4.502662635493655e-010
 1.648645420926256e-009 1.651172923052237e-009 1.651182476343544e-009 1.6511824815187e-009 1.651182481549985e-009 1.651182481550388e-009 1.651182481551176e-009 1.651182481549827e-009 1.651182481551395e-009 1.651182481550489e-009 1.651182481550368e-009 1.651182481551092e-009 1.651182481550117e-009 1.651182481551096e-009 1.651182481551092e-009 1.651182481552015e-009 1.651182481551285e-009 1.651182481551437e-009 1.65118248155143e-009 1.651182481551639e-009
 5.666112440213684e-009 5.670750799525917e-009 5.670768003127731e-009 5.670768013029299e-009 5.670768013086499e-009 5.670768013085863e-009 5.670768013087203e-009 5.670768013087943e-009 5.670768013087007e-009 5.670768013088209e-009 5.670768013086465e-009 5.670768013086606e-009 5.670768013085949e-009 5.670768013086478e-009 5.670768013087111e-009 5.670768013087677e-009 5.670768013087087e-009 5.670768013087521e-009 5.670768013086333e-009 5.670768013086165e-009
 1.771125951260955e-008 1.771885213570908e-008 1.771888078457589e-008 1.771888080224445e-008 1.771888080233933e-008 1.771888080234035e-008 1.771888080233987e-008 1.771888080233909e-008 1.771888080233962e-008 1.77188808023409e-008 1.77188808023405e-008 1.771888080234113e-008 1.77188808023407e-008 1.771888080234044e-008 1.771888080233981e-008 1.771888080234117e-008 1.771888080234106e-008 1.771888080234102e-008 1.771888080234031e-008 1.771888080234093e-008
 4.956071911991714e-008 4.957036334184814e-008 4.957040588534472e-008 4.957040591314317e-008 4.957040591328512e-008 4.957040591328479e-008 4.957040591328411e-008 4.957040591328453e-008 4.957040591328418e-008 4.95704059132843e-008 4.957040591328406e-008 4.957040591328458e-008 4.957040591328357e-008 4.957040591328495e-008 4.957040591328516e-008 4.957040591328484e-008 4.957040591328506e-008 4.957040591328494e-008 4.957040591328506e-008 4.957040591328501e-008
 1.242721352948636e-007 1.242785575194151e-007 1.242786113081768e-007 1.242786113438162e-007 1.24278611343994e-007 1.242786113439947e-007 1.242786113439947e-007 1.242786113439953e-007 1.242786113439947e-007 1.24278611343995e-007 1.242786113439944e-007 1.242786113439955e-007 1.242786113439945e-007 1.242786113439945e-007 1.24278611343995e-007 1.242786113439947e-007 1.242786113439947e-007 1.242786113439947e-007 1.242786113439942e-007 1.242786113439943e-007
 2.786368382371907e-007 2.786324353375896e-007 2.786324907843083e-007 2.786324908190317e-007 2.78632490819216e-007 2.786324908192165e-007 2.786324908192155e-007 2.786324908192159e-007 2.786324908192166e-007 2.786324908192163e-007 2.786324908192153e-007 2.786324908192142e-007 2.786324908192154e-007 2.78632490819216e-007 2.786324908192156e-007 2.786324908192166e-007 2.786324908192156e-007 2.786324908192156e-007 2.786324908192155e-007 2.786324908192154e-007
 5.553112668303461e-007 5.552949672785082e-007 5.55295012338168e-007 5.552950123631756e-007 5.552950123633324e-007 5.552950123633328e-007 5.552950123633326e-007 5.552950123633324e-007 5.552950123633324e-007 5.552950123633328e-007 5.552950123633315e-007 5.552950123633325e-007 5.552950123633324e-007 5.552950123633325e-007 5.552950123633325e-007 5.552950123633328e-007 5.552950123633325e-007 5.552950123633326e-007 5.552950123633328e-007 5.552950123633327e-007
 9.8458212788524e-007 9.845610209800149e-007 9.845610469708404e-007 9.845610469838675e-007 9.845610469839709e-007 9.845610469839721e-007 9.845610469839707e-007 9.845610469839702e-007 9.845610469839704e-007 9.845610469839713e-007 9.845610469839709e-007 9.845610469839713e-007 9.845610469839711e-007 9.845610469839713e-007 9.845610469839711e-007 9.845610469839711e-007 9.845610469839711e-007 9.845610469839704e-007 9.845610469839709e-007 9.845610469839711e-007
 1.538339405318257e-006 1.53832062779009e-006 1.538320634265424e-006 1.538320634269498e-006 1.538320634269552e-006 1.538320634269552e-006 1.538320634269553e-006 1.538320634269553e-006 1.538320634269553e-006 1.538320634269552e-006 1.538320634269553e-006 1.538320634269553e-006 1.538320634269553e-006 1.538320634269553e-006 1.538320634269553e-006 1.538320634269553e-006 1.538320634269553e-006 1.538320634269553e-006 1.538320634269553e-006 1.538320634269553e-006
 2.097806422336401e-006 2.09779297330107e-006 2.097792968691738e-006 2.097792968691453e-006 2.097792968691471e-006 2.097792968691471e-006 2.097792968691472e-006 2.097792968691472e-006 2.097792968691472e-006 2.097792968691472e-006 2.097792968691472e-006 2.097792968691472e-006 2.097792968691472e-006 2.097792968691472e-006 2.097792968691472e-006 2.097792968691472e-006 2.097792968691472e-006 2.097792968691472e-006 2.097792968691472e-006 2.097792968691472e-006
 2.540139395108604e-006 2.540131059861673e-006 2.540131053016047e-006 2.540131053014677e-006 2.540131053014681e-006 2.540131053014681e-006 2.540131053014681e-006 2.540131053014681e-006 2.540131053014681e-006 2.540131053014681e-006 2.540131053014681e-006 2.540131053014681e-006 2.540131053014681e-006 2.540131053014681e-006 2.540131053014681e-006 2.540131053014681e-006 2.540131053014681e-006 2.540131053014681e-006 2.540131053014681e-006 2.540131053014681e-006
 2.829591123034457e-006 2.829586421760987e-006 2.829586416539392e-006 2.82958641653824e-006 2.82958641653824e-006 2.82958641653824e-006 2.82958641653824e-006 2.82958641653824e-006 2.82958641653824e-006 2.82958641653824e-006 2.82958641653824e-006 2.82958641653824e-006 2.82958641653824e-006 2.82958641653824e-006 2.82958641653824e-006 2.82958641653824e-006 2.82958641653824e-006 2.82958641653824e-006 2.82958641653824e-006 2.82958641653824e-006
