# Created by Octave 3.6.4, Thu Mar 20 14:40:33 2014 N. Central Asia Standard Time <unknown@OShulyakov>
# name: HighCv
# type: matrix
# rows: 50
# columns: 18
 5.821953739460034e-023 7.112704924736856e-014 7.4263016787243e-015 1.277590479781302e-009 3.35869665904508e-009 2.005870288963867e-010 8.291657485843137e-014 1.93385941464438e-013 4.102307440759019e-014 8.139531461265378e-015 1.411312920009886e-014 1.778280067230852e-014 2.097893015230168e-014 3.55682197443794e-014 5.203271772256562e-012 1.36675346838317e-011 3.488260649009309e-012 2.686523077191661e-012
 1.681618688466378e-013 2.085641168008264e-011 2.443113381450307e-011 9.254893365521008e-012 2.835535519443043e-012 8.690721986755474e-013 5.72359805083826e-013 9.207541424288603e-013 1.162555699236916e-012 1.79097712778338e-012 2.141497752471366e-012 2.669371578815822e-012 2.37598330426323e-012 2.075748979613308e-012 1.715415068478386e-012 1.254100216672962e-012 7.736555097564878e-013 5.502523412600157e-013
 6.6959799263401e-013 2.435968319737398e-011 4.524861923739842e-011 2.509973013517877e-011 8.855646539459741e-012 2.994882904918819e-012 1.261203548445681e-012 1.060552264813999e-012 1.302934168253209e-012 1.874144982259958e-012 2.611406121898918e-012 3.371751327951063e-012 3.753947812088806e-012 3.832653494115501e-012 3.533438632494083e-012 2.933683123290621e-012 2.273443673051714e-012 1.633090307127168e-012
 2.675775528418164e-012 2.652592601872933e-011 6.70429426406122e-011 5.695890202130984e-011 2.673025077279933e-011 1.017628763508329e-011 4.063440486855493e-012 2.082261555677151e-012 1.736473202488004e-012 2.151737929114878e-012 2.960092134229697e-012 3.931842557194593e-012 4.943091707296843e-012 5.71761053149116e-012 6.026451300869512e-012 5.834486645710211e-012 5.18824476108552e-012 4.279085821538505e-012
 1.067631395304846e-011 2.811145930313438e-011 8.473903483809982e-011 1.032300036121327e-010 6.815913947423911e-011 3.225366657857995e-011 1.380786974652142e-011 6.241139401846015e-012 3.559838464064536e-012 2.977443516641418e-012 3.41557614498343e-012 4.438430939506644e-012 5.785164139478659e-012 7.196329151901398e-012 8.434915236485504e-012 9.22536169064965e-012 9.383349005331252e-012 8.882971536849448e-012
 4.249117493063673e-011 3.021977880117203e-011 9.679480855272877e-011 1.513013763532428e-010 1.386435659579242e-010 8.639551156223199e-011 4.376869575453383e-011 2.086055249477675e-011 1.046997404556118e-011 6.265564192514971e-012 5.067695262141351e-012 5.393131470209275e-012 6.604217815819741e-012 8.32509117669428e-012 1.028163311357043e-011 1.216732380237814e-011 1.366901554866706e-011 1.450757786854194e-011
 1.682653560064636e-010 3.613087447301592e-011 1.04672095496143e-010 1.896853590796675e-010 2.247517988984955e-010 1.859671522300582e-010 1.184221758185811e-010 6.517697500840863e-011 3.42330488303673e-011 1.861015551324127e-011 1.147777603037431e-011 8.826618232650697e-012 8.601548764161479e-012 9.789554098936382e-012 1.185269529148134e-011 1.440646858521487e-011 1.71048448827667e-011 1.958787390683426e-011
 6.598086323332962e-010 5.764478486075611e-011 1.118455142265747e-010 2.157729819078044e-010 3.026074088400067e-010 3.173175572844771e-010 2.579369180250329e-010 1.733003373834612e-010 1.038787353822814e-010 5.953092979472192e-011 3.463039994062905e-011 2.183261611505484e-011 1.599973791393317e-011 1.419751107626489e-011 1.48008651537141e-011 1.691846559692175e-011 1.998155710627424e-011 2.355574349272308e-011
 2.538202095006448e-009 1.404429913019993e-010 1.259484142534488e-010 2.338942898237233e-010 3.59461409593011e-010 4.441097304651151e-010 4.451979385116265e-010 3.700408967123775e-010 2.656031395355433e-010 1.731145423540419e-010 1.076016507846368e-010 6.667303392036758e-011 4.310149809578218e-011 3.05949079406483e-011 2.491878494102699e-011 2.349640594097141e-011 2.480993842237008e-011 2.791428453653468e-011
 9.41676550962738e-009 4.614506410061784e-010 1.718148524219204e-010 2.536886028761927e-010 3.982070446072772e-010 5.409844723576168e-010 6.288770181814442e-010 6.26951862677402e-010 5.425290590952336e-010 4.17525768723299e-010 2.951971596823471e-010 1.98386181586868e-010 1.309203816961536e-010 8.762372626333637e-011 6.161102183964277e-011 4.721672039552021e-011 4.045863604988505e-011 3.876706927207639e-011
 3.27313651285264e-008 1.691641250722815e-009 3.425427544011256e-010 2.996514916567456e-010 4.326695529547627e-010 6.082229050147815e-010 7.71251817233206e-010 8.734647949263784e-010 8.826693321141613e-010 8.003062048126398e-010 6.598251047224422e-010 5.045112072376829e-010 3.660252713226393e-010 2.579031425483305e-010 1.806214233573427e-010 1.288072918625643e-010 9.601528553870866e-011 7.67392493104716e-011
 1.021680229120215e-007 6.258690761648608e-009 9.924391363534022e-010 4.556585143332402e-010 4.95292273213901e-010 6.659669141336112e-010 8.722065894533492e-010 1.063043756861493e-009 1.193884101768824e-009 1.232130167452325e-009 1.170218720895196e-009 1.029269162005967e-009 8.475450579092603e-010 6.62704606527411e-010 4.998771184930735e-010 3.697393020873079e-010 2.727192716975054e-010 2.042040025964253e-010
 2.730469560819756e-007 2.218207518557597e-008 3.434024258603863e-009 1.034604235862851e-009 6.88726152307015e-010 7.631503316133051e-010 9.630458933280861e-010 1.201490583182435e-009 1.429116706629346e-009 1.603856395789222e-009 1.691668385987716e-009 1.675459731800223e-009 1.56134383622954e-009 1.37595326721298e-009 1.155626185504583e-009 9.340357034463145e-010 7.344673609552473e-010 5.684049876404543e-010
 6.036558842038484e-007 7.191281468539559e-008 1.222461499239666e-008 3.193630021076538e-009 1.386090862201684e-009 1.050628596867867e-009 1.123663314745782e-009 1.341177176007457e-009 1.611103106589321e-009 1.882478580647357e-009 2.114442858292652e-009 2.271849219958559e-009 2.329778129689983e-009 2.279600619669126e-009 2.131476673697868e-009 1.911010890791145e-009 1.651296133442864e-009 1.384091142174258e-009
 1.094082504655072e-006 2.02861460244418e-007 4.134333170532713e-008 1.097618539332597e-008 3.950327039164866e-009 2.06693182401358e-009 1.603908590058153e-009 1.622065379472603e-009 1.832814063776752e-009 2.125027781439824e-009 2.440464767043728e-009 2.737041271521324e-009 2.978837414741492e-009 3.135983231635401e-009 3.188350373768618e-009 3.129406562728881e-009 2.967671070514652e-009 2.724548736165464e-009
 1.647283085352315e-006 4.777097929807741e-007 1.252391702009499e-007 3.697218904902758e-008 1.308043746284092e-008 5.743891487061778e-009 3.287398108871565e-009 2.496079004529956e-009 2.356993855051111e-009 2.505842960145437e-009 2.791066195572941e-009 3.136356290895442e-009 3.493009752348662e-009 3.822864058758413e-009 4.093179390873507e-009 4.276817742570881e-009 4.354652899499785e-009 4.318227588306763e-009
 2.128183484843456e-006 9.226447235806547e-007 3.229304840480142e-007 1.130580298861307e-007 4.310089668523534e-008 1.855251311417925e-008 9.266080029670175e-009 5.546948835123751e-009 4.058491086525141e-009 3.551090295828326e-009 3.513945214999754e-009 3.717857237024596e-009 4.047724340151347e-009 4.436623421350833e-009 4.838451943722278e-009 5.216532886367698e-009 5.539506472020324e-009 5.780845836735624e-009
 2.465987671919638e-006 1.470932301925963e-006 6.869706895663715e-007 2.963726485658787e-007 1.290403369423025e-007 5.925958143769218e-008 2.942655535795346e-008 1.611694723029872e-008 9.945707942562184e-009 7.039208865301566e-009 5.719750572124042e-009 5.219576989952617e-009 5.165944848520558e-009 5.365432349527948e-009 5.709118091875145e-009 6.128970092255135e-009 6.57710557701039e-009 7.015886961449811e-009
