# Created by Octave 3.6.4, Tue Mar 11 12:45:17 2014 N. Central Asia Standard Time <unknown@OShulyakov>
# name: CloseCv
# type: matrix
# rows: 50
# columns: 18
 1.585530484034718e-024 2.19449493303473e-014 3.020439107354405e-014 7.702164544087948e-015 2.237081158358859e-011 1.630247139920621e-010 1.410621150030154e-011 3.727249971943226e-012 2.957621770480476e-012 8.420949691077191e-016 2.17090227936289e-015 1.632383844110567e-014 1.854599354286825e-014 1.937305931765064e-014 2.797466909835944e-014 3.683692616984514e-014 5.918052197299268e-014 5.644148366515949e-013
 3.925767842983317e-013 1.560879176233272e-011 1.638987604814209e-011 7.401206357125413e-012 2.7829787591812e-012 1.290505144218654e-012 5.898379732835163e-013 7.063026817725527e-013 1.006387668977959e-012 1.276155705266161e-012 1.441636394465075e-012 1.459935856107311e-012 1.772739675763335e-012 1.137093635016281e-012 1.116165348734449e-012 7.18794250222597e-013 5.078989972952091e-013 1.110615489043049e-012
 1.565865493624904e-012 1.985270722693027e-011 2.891386402907425e-011 1.769525685807307e-011 7.537514744217554e-012 2.954100351492176e-012 1.358012366221377e-012 1.03326288561269e-012 1.23277975815244e-012 1.628499280551611e-012 2.031268399362613e-012 2.271642062556618e-012 2.352471724361374e-012 2.219506582929966e-012 1.949914715168061e-012 1.585560619112405e-012 1.233946132284115e-012 9.307582345932681e-013
 6.225223901017024e-012 2.324902684839684e-011 4.60272473098154e-011 3.714044161525603e-011 2.00618829897247e-011 9.005655517835789e-012 4.042209759913034e-012 2.20918971323291e-012 1.78245889055981e-012 2.037197692462879e-012 2.567372037426784e-012 3.118424097269121e-012 3.522619051124242e-012 3.666932476105984e-012 3.570345368331889e-012 3.283775231119955e-012 2.829600585531129e-012 2.317120914436983e-012
 2.461833253584536e-011 2.580290496414362e-011 6.441804136441211e-011 6.684217529059948e-011 4.595306320028746e-011 2.503467614173516e-011 1.236475647177409e-011 6.219475863739695e-012 3.722143840931962e-012 3.060799787807029e-012 3.318495945982015e-012 3.99478121487669e-012 4.761430089257283e-012 5.380460857752171e-012 5.715063610106824e-012 5.727685353580547e-012 5.450749277678345e-012 4.923292060033604e-012
 9.627870471658826e-011 2.982981210082511e-011 8.023267589901905e-011 1.048710997020622e-010 8.941098793038657e-011 5.972107466499235e-011 3.437206444331152e-011 1.863018608970502e-011 1.03109508307298e-011 6.545360564634042e-012 5.277134343789795e-012 5.373098681395895e-012 6.15434852796534e-012 7.184971803891218e-012 8.131537373421082e-012 8.78036361862799e-012 9.025859208518693e-012 8.864355504441111e-012
 3.68542182287458e-010 4.200516001268573e-011 9.263611545068882e-011 1.449399520802188e-010 1.498421822990839e-010 1.207429777551836e-010 8.265194742270016e-011 5.091278832106629e-011 2.996484524228252e-011 1.795424673155302e-011 1.182782909366515e-011 9.269258251041447e-012 8.794319411569278e-012 9.500892485795686e-012 1.076397557767043e-011 1.213080343817353e-011 1.326060710546637e-011 1.395104297523773e-011
 1.355713007758721e-009 8.822303078245887e-011 1.05144608808225e-010 1.797123421361083e-010 2.200780318076253e-010 2.08879097830518e-010 1.681411677879159e-010 1.203933301472467e-010 7.957478858847164e-011 5.059490812501356e-011 3.2365647420132e-011 2.196809133954506e-011 1.67536829042618e-011 1.484466851652847e-011 1.496002755821017e-011 1.622145314538373e-011 1.797834718455843e-011 1.973488166156683e-011
 4.655497719056938e-009 2.656785746665741e-010 1.325185480786512e-010 2.081720020030355e-010 2.873192602627959e-010 3.15874108405795e-010 2.927818663177791e-010 2.412947063453661e-010 1.820637194717817e-010 1.28787995681266e-010 8.785431910737981e-011 5.963352560171283e-011 4.17389399833119e-011 3.139025393923726e-011 2.624072972138908e-011 2.455125534781939e-011 2.506456626232877e-011 2.68442737872368e-011
 1.440121931747689e-008 9.222990296584168e-010 2.27186470813581e-010 2.431745970450104e-010 3.435439673960629e-010 4.232807036347742e-010 4.453827913405327e-010 4.147405403913159e-010 3.534927691002703e-010 2.812142700763549e-010 2.120760112847711e-010 1.544016990520746e-010 1.108750338225885e-010 8.04535874147244e-011 6.064702771274173e-011 4.881872689611476e-011 4.275673253931361e-011 4.071033950690043e-011
 3.928238616960922e-008 3.188417383918888e-009 5.792921679743878e-010 3.329038337751681e-010 4.011364630681508e-010 5.165256848695549e-010 6.005542002642876e-010 6.238336966656388e-010 5.912080839766306e-010 5.226541702499258e-010 4.372900335731286e-010 3.49815728958694e-010 2.706284526214293e-010 2.05326432632292e-010 1.552516712713147e-010 1.191540026829612e-010 9.467452620758053e-011 7.931830707096627e-011
 9.663489527344137e-008 1.018646162127026e-008 1.839028615678493e-009 6.473316376426402e-010 5.182676444992704e-010 6.102039120272188e-010 7.387619753841497e-010 8.343661843737399e-010 8.685079169058767e-010 8.4211355281276e-010 7.718151199213631e-010 6.761505394194899e-010 5.704760110484463e-010 4.668087793363435e-010 3.736037252041183e-010 2.954977721001067e-010 2.33738067741447e-010 1.87356760494689e-010
 2.249052596654379e-007 2.889005076024238e-008 5.964935592602703e-009 1.767234221140092e-009 8.976565944740909e-010 7.87742152624048e-010 8.852520092018709e-010 1.026522317984315e-009 1.141617663378024e-009 1.198110780664326e-009 1.189961208286869e-009 1.128212541402709e-009 1.029775789852046e-009 9.105252870312243e-010 7.836311043960543e-010 6.597153235120083e-010 5.466022752012033e-010 4.490169767286093e-010
 4.9361349318842e-007 7.301864472851463e-008 1.781252180270695e-008 5.465772367180074e-009 2.217002433426893e-009 1.337796134659588e-009 1.176056300027792e-009 1.254673337072589e-009 1.402932609306945e-009 1.542397109980656e-009 1.63266534966533e-009 1.658069793795902e-009 1.621077338739543e-009 1.534203104723066e-009 1.412679143738254e-009 1.270544732545993e-009 1.119817632484715e-009 9.705410905863475e-010
 9.629781269465189e-007 1.723002240241747e-007 4.727154526456015e-008 1.623084727121938e-008 6.497779202331374e-009 3.194050854833491e-009 2.071903700411795e-009 1.761684825184992e-009 1.773734047330568e-009 1.907555199552924e-009 2.066136993111622e-009 2.196313878812579e-009 2.270218918178697e-009 2.278598426721427e-009 2.225455414200074e-009 2.122068873444653e-009 1.981905773399697e-009 1.817828220566188e-009
 1.597382932817577e-006 3.872427461763823e-007 1.144308656172299e-007 4.332785174393215e-008 1.871274220539751e-008 9.006429525217686e-009 4.994657380449788e-009 3.337408682272165e-009 2.711947129253436e-009 2.558923126798653e-009 2.621824972413552e-009 2.770082427672185e-009 2.929892908570083e-009 3.057530777071704e-009 3.129166551090007e-009 3.136042628582833e-009 3.080336404733641e-009 2.970822542037571e-009
 2.250905916143669e-006 7.899676664317558e-007 2.637448027212795e-007 1.053492474855969e-007 4.893661657506137e-008 2.490811122769163e-008 1.368960223758901e-008 8.259923018834877e-009 5.620428797399157e-009 4.380843619630418e-009 3.8652248950544e-009 3.728984165098222e-009 3.785605594013624e-009 3.926733492244401e-009 4.085355622808892e-009 4.219155901812687e-009 4.302994202574707e-009 4.324910639845931e-009
 2.777406641884017e-006 1.383477690776942e-006 5.685252372336345e-007 2.435860091095324e-007 1.176658766740823e-007 6.299068932001877e-008 3.616870908946466e-008 2.19713659315977e-008 1.41838454120931e-008 9.866627357225574e-009 7.496601834856157e-009 6.244772432226259e-009 5.644507415469583e-009 5.424074501696128e-009 5.418669126978243e-009 5.523680057537645e-009 5.669991512569326e-009 5.811158971329895e-009
