# Created by Octave 3.6.4, Tue Mar 11 12:45:17 2014 N. Central Asia Standard Time <unknown@OShulyakov>
# name: CloseTr
# type: matrix
# rows: 50
# columns: 18
 1.729550124096328e-024 2.195626512427683e-014 3.741332801654382e-014 6.89901571709694e-014 2.255818610885314e-011 1.631018416453161e-010 1.410267899760843e-011 3.725116294102308e-012 2.955511226828279e-012 4.968037774995091e-015 1.086415715466548e-014 3.522485930633958e-014 5.056260112948609e-014 8.308833751924775e-014 1.332142274410007e-013 2.184697040195662e-013 3.615855104834981e-013 8.897994285394019e-013
 6.907863602396499e-013 9.447560631270427e-011 1.032523869111916e-010 5.006201176741317e-011 1.871670323314708e-011 8.08380768356767e-012 5.663966450839326e-012 6.992768772943343e-012 9.740367579013723e-012 1.258755284969244e-011 1.458379883022716e-011 1.525044441706033e-011 1.49191801876724e-011 1.270346331676383e-011 1.054978420971219e-011 7.936325295756866e-012 5.922243758410137e-012 8.921959122496424e-012
 2.755451782970915e-012 1.204023226219392e-010 1.813163593043215e-010 1.183809638634297e-010 5.393748932129691e-011 2.269684117737133e-011 1.17719223079224e-011 9.876364287072302e-012 1.201916662898948e-011 1.585458968062405e-011 1.982802397126868e-011 2.273091226458277e-011 2.399045070150267e-011 2.344927685792875e-011 2.133514700932537e-011 1.818604851357231e-011 1.470099323555186e-011 1.146276793531115e-011
 1.095705314797393e-011 1.399008600444609e-010 2.817309458107369e-010 2.384128710799955e-010 1.378744526689472e-010 6.627112829555255e-011 3.189766523566885e-011 1.913616548783464e-011 1.689680844774015e-011 1.978382999500042e-011 2.498607086554625e-011 3.051297087201848e-011 3.489236139436607e-011 3.725638694500683e-011 3.733474180015508e-011 3.529282899053224e-011 3.157046353772403e-011 2.685343535040854e-011
 4.332304232785143e-011 1.53286485077575e-010 3.902951507959951e-010 4.149743853646924e-010 3.008637847497402e-010 1.74248774378444e-010 9.114251923793683e-011 4.917532907187684e-011 3.213260054626633e-011 2.842179713457484e-011 3.172021826078481e-011 3.844584302793204e-011 4.606786718140774e-011 5.265957016220464e-011 5.696996121913619e-011 5.84704056186359e-011 5.715750318859488e-011 5.334753881324302e-011
 1.693714809041077e-010 1.653997256754213e-010 4.850704812611952e-010 6.392515141710964e-010 5.615281761187437e-010 3.94275223427979e-010 2.392571473659109e-010 1.364288688211844e-010 8.046020195388054e-011 5.5067394650505e-011 4.756192029069279e-011 5.019430334216122e-011 5.824969120981789e-011 6.842198943540847e-011 7.815161793039576e-011 8.560161277701461e-011 8.9765196792112e-011 9.034029903227468e-011
 6.479037190805649e-010 1.899310081236347e-010 5.543569951981548e-010 8.777158312192584e-010 9.177138427929878e-010 7.618646156883908e-010 5.443703957124338e-010 3.512104633186123e-010 2.167585419137679e-010 1.369995579369413e-010 9.619362165650837e-011 8.028241946301662e-011 7.95953844445828e-011 8.78125091192435e-011 1.004775188925253e-010 1.141536329259619e-010 1.261775529068433e-010 1.347864535329043e-010
 2.380264958317867e-009 2.73568631800412e-010 6.057009758793665e-010 1.082770967385497e-009 1.333969903565202e-009 1.281755906626199e-009 1.059478203422826e-009 7.864346443020532e-010 5.407437290619618e-010 3.582483857094307e-010 2.39777500198737e-010 1.715461333509328e-010 1.384699610016977e-010 1.28665382434975e-010 1.33642016041832e-010 1.472859974888137e-010 1.648838769837085e-010 1.826803391943487e-010
 8.153108588497175e-009 5.880114205373999e-010 6.706012992518118e-010 1.23346818764125e-009 1.73179133459063e-009 1.913641610170993e-009 1.79376706265855e-009 1.510329860362349e-009 1.173200128870961e-009 8.577983571387358e-010 6.059478122094206e-010 4.27034856283601e-010 3.119480201264923e-010 2.460135586883637e-010 2.154339547894393e-010 2.092034553112292e-010 2.189174326527091e-010 2.380424918472091e-010
 2.510134249919831e-008 1.744437890142012e-009 8.466977086221788e-010 1.355811753818088e-009 2.045092341307761e-009 2.547881598231132e-009 2.692914717256179e-009 2.529463998029398e-009 2.190546356396443e-009 1.78219555625356e-009 1.38009836829796e-009 1.034142281968052e-009 7.658030836125414e-010 5.74777252293586e-010 4.4991072546177e-010 3.771188081559955e-010 3.432309247182889e-010 3.372082090404792e-010
 6.791862529629846e-008 5.718667568954308e-009 1.471598638543197e-009 1.546831044126588e-009 2.283359114703465e-009 3.069101086661507e-009 3.604245677657985e-009 3.758753722626636e-009 3.583112578613352e-009 3.202003248844895e-009 2.722173427157747e-009 2.221686517602966e-009 1.758167093760399e-009 1.36696636181575e-009 1.061260471057566e-009 8.384258263607634e-010 6.877466167493911e-010 5.95898816304516e-010
 1.652229447642153e-007 1.792291671130227e-008 3.685862778626581e-009 2.115749963936355e-009 2.56535670381825e-009 3.46885425476279e-009 4.362751210168603e-009 4.98236761253988e-009 5.207034983301244e-009 5.067535728842196e-009 4.674362843154654e-009 4.136940560183843e-009 3.538801382765335e-009 2.944011739333384e-009 2.400326721557009e-009 1.937079800994112e-009 1.56588358043943e-009 1.285287855234139e-009
 3.803981505770174e-007 5.02419163706153e-008 1.090008909945465e-008 4.085816197168675e-009 3.267045497690103e-009 3.911764197833608e-009 4.959080815307549e-009 5.993052046723076e-009 6.762315883312203e-009 7.134694605600137e-009 7.105706836798823e-009 6.759507393657553e-009 6.203720738088785e-009 5.530327079324233e-009 4.810915524787358e-009 4.10239838891985e-009 3.448434448438749e-009 2.877791871350892e-009
 8.292994519327403e-007 1.254726310071489e-007 3.146681360743993e-008 1.054761201195787e-008 5.58696206242708e-009 4.934213327953446e-009 5.654015335488309e-009 6.82374711904798e-009 8.029399635694579e-009 9.015318896185067e-009 9.626119437536207e-009 9.811362601118318e-009 9.612175250705166e-009 9.11906564719118e-009 8.42892924343936e-009 7.623955106581638e-009 6.770210609581151e-009 5.921649827277627e-009
 1.613303465295485e-006 2.92544960116979e-007 8.202315238069001e-008 2.923112760934936e-008 1.304578359628375e-008 8.187288331986272e-009 7.294777090178487e-009 7.932831004519359e-009 9.168543808629381e-009 1.05514248529394e-008 1.180394902198488e-008 1.274130438126796e-008 1.326322763588424e-008 1.335348991915111e-008 1.306180525123293e-008 1.24718818425112e-008 1.16720804262631e-008 1.074016382747346e-008
 2.673737085093307e-006 6.519907669557264e-007 1.956774304234425e-007 7.576065692982528e-008 3.418808081796146e-008 1.827380490103783e-008 1.238491872118509e-008 1.075051954471404e-008 1.103120512769821e-008 1.218711215080171e-008 1.368643914712884e-008 1.520584704594631e-008 1.652389335295587e-008 1.749216802319639e-008 1.803238786881087e-008 1.813313409550675e-008 1.783578808412772e-008 1.72122711712562e-008
 3.766820723299294e-006 1.324755005548658e-006 4.459334003701926e-007 1.808145685646319e-007 8.594383810786112e-008 4.567548174238051e-008 2.739725092392749e-008 1.925998455366284e-008 1.611781757156865e-008 1.553588432812771e-008 1.628886118098791e-008 1.770886454801416e-008 1.939033720798453e-008 2.105864440935177e-008 2.251674272757085e-008 2.362838789494019e-008 2.431502236766732e-008 2.455303715304007e-008
 4.647835460063754e-006 2.316683091168249e-006 9.55235289819297e-007 4.126224847702237e-007 2.020957356207189e-007 1.105669448702321e-007 6.590603073611197e-008 4.27926200968959e-008 3.081407927978496e-008 2.497791270994314e-008 2.265159240605072e-008 2.236650722864212e-008 2.326177498795332e-008 2.480098002855446e-008 2.66243299851e-008 2.847331529685718e-008 3.015533714272972e-008 3.152981564130835e-008
 5.234692850696261e-006 3.430905339974819e-006 1.805061406946481e-006 8.908196903700103e-007 4.576128888251889e-007 2.549832192191931e-007 1.539808480270133e-007 9.952637428868701e-008 6.850890265468051e-008 5.049030683600995e-008 4.020472532829315e-008 3.471807578724518e-008 3.227816285630486e-008 3.178772500393243e-008 3.253107833873232e-008 3.402036420382195e-008 3.590636210867648e-008 3.79273379017478e-008
