# Created by Octave 3.6.4, Tue Mar 11 12:45:17 2014 N. Central Asia Standard Time <unknown@OShulyakov>
# name: HighTr
# type: matrix
# rows: 50
# columns: 18
 1.742905651734906e-024 2.195324626026223e-014 3.503504056164243e-014 6.003323009913039e-014 2.240413708604332e-011 1.631824477256595e-010 1.413060464078796e-011 3.72297927018111e-012 2.956943120726933e-012 7.232066248605608e-015 1.629089968118206e-014 4.69672428829703e-014 7.384007916242715e-014 1.264211843335358e-013 2.096903241733233e-013 3.474783919870302e-013 5.71019960915907e-013 5.526586510159992e-013
 6.717800914353261e-013 7.844484620503312e-011 9.839345995336757e-011 5.426405791563116e-011 2.21622526349791e-011 9.037037512449715e-012 4.866410622899335e-012 4.728736430527786e-012 6.142030395092522e-012 8.074087583907772e-012 9.852764146428058e-012 1.101979978856792e-011 1.178459938131922e-011 1.103555518637438e-011 1.035256270286396e-011 8.817093781570863e-012 7.311200192236403e-012 8.15424358832203e-012
 2.680043257095384e-012 9.564878886293766e-011 1.6493560189891e-010 1.188817515756578e-010 6.044184505451688e-011 2.655009985723298e-011 1.242678926134631e-011 8.085962932804266e-012 8.089326914351282e-012 1.0032180939077e-011 1.269557614022602e-011 1.520461783215369e-011 1.702099673719273e-011 1.783389952081018e-011 1.764710933965416e-011 1.663954643242879e-011 1.503510942911164e-011 1.30437138789623e-011
 1.066630065834149e-011 1.080037879216119e-010 2.434057961698505e-010 2.261925721247075e-010 1.432021765275198e-010 7.479453898031161e-011 3.6408788105442e-011 1.939246110858869e-011 1.365438283360123e-011 1.343660433364553e-011 1.59056588250135e-011 1.946339135573292e-011 2.303570215286229e-011 2.585775398789124e-011 2.748557123853356e-011 2.783267195173139e-011 2.701356155639247e-011 2.523370027143208e-011
 4.224477703620119e-011 1.166391813772081e-010 3.200833154831681e-010 3.75826324236717e-010 2.925885001603806e-010 1.835313585737057e-010 1.020978129332558e-010 5.482319186034185e-011 3.199656672346909e-011 2.324999798813182e-011 2.202990192206206e-011 2.476014087022677e-011 2.932002265714458e-011 3.428441230115891e-011 3.861899919114253e-011 4.165481783571856e-011 4.309918888448077e-011 4.293953290353314e-011
 1.657073057313997e-010 1.258566178121355e-010 3.822479505989123e-010 5.496317378921652e-010 5.201569963897417e-010 3.880874366064951e-010 2.518485197444122e-010 1.506046937520896e-010 8.809544172326486e-011 5.486360575598937e-011 4.012101031629467e-011 3.617361541605396e-011 3.832672237973124e-011 4.369021299047759e-011 5.029765821034493e-011 5.67148052100641e-011 6.192603401300364e-011 6.534165741306457e-011
 6.380579532481217e-010 1.482954871898521e-010 4.264365291593834e-010 7.170947381748005e-010 8.097415068629392e-010 7.127234856973185e-010 5.365501007386035e-010 3.659678838385645e-010 2.349743902325978e-010 1.479795419020346e-010 9.687484583729088e-011 7.07089399329939e-011 6.045825116457903e-011 5.994089882780922e-011 6.509435366417783e-011 7.313596507119953e-011 8.202509927387116e-011 9.025931724656793e-011
 2.374003529149423e-009 2.289997588056057e-010 4.615512394600123e-010 8.515977967578923e-010 1.116241870532362e-009 1.14365266957781e-009 9.925397871487261e-010 7.701166569865894e-010 5.544700309451798e-010 3.804662005834048e-010 2.557796362573373e-010 1.750064113828145e-010 1.279087954721899e-010 1.043904755207344e-010 9.651350925214145e-011 9.86009875883232e-011 1.066208066273887e-010 1.176199790473351e-010
 8.325619148564689e-009 5.366611190211044e-010 5.160933943529229e-010 9.489642330895037e-010 1.38549219839136e-009 1.619843274680713e-009 1.603110259682899e-009 1.408123499826134e-009 1.135597450606047e-009 8.625158231953643e-010 6.290689228876882e-010 4.48817212679142e-010 3.208282165121123e-010 2.371486793752344e-010 1.876308399027126e-010 1.628449394007547e-010 1.551831637472437e-010 1.588663208004907e-010
 2.668040196208664e-008 1.683310142314918e-009 6.828271193035474e-010 1.036782423191219e-009 1.589094151248569e-009 2.057047071189151e-009 2.283930472310903e-009 2.248884818155456e-009 2.022936390427113e-009 1.699939353671465e-009 1.358540430762968e-009 1.047607782122671e-009 7.896365750068898e-010 5.904571956345602e-010 4.465649536483912e-010 3.4975201245413e-010 2.903189546902604e-010 2.5908595334217e-010
 7.62705062667824e-008 5.718183332578388e-009 1.293442409946799e-009 1.204515091937559e-009 1.751666521892798e-009 2.399178956013543e-009 2.915545792861103e-009 3.171819982799192e-009 3.152123146890858e-009 2.917462260620051e-009 2.553581354375995e-009 2.140366773975193e-009 1.736730045142765e-009 1.377308360479922e-009 1.077819257694969e-009 8.418910387101147e-010 6.659435941120464e-010 5.424281631497845e-010
 1.934867424902476e-007 1.864350811725304e-008 3.502165872979593e-009 1.750573848373893e-009 1.984242690067294e-009 2.670298101279032e-009 3.416805700280038e-009 4.016449359844374e-009 4.349924035932738e-009 4.391754510784913e-009 4.186520884367846e-009 3.808890835617426e-009 3.336834818094026e-009 2.837189171042845e-009 2.35824144964131e-009 1.929223075838916e-009 1.564441374097922e-009 1.268146012422563e-009
 4.352341056056063e-007 5.513782992945763e-008 1.093853410296313e-008 3.700464747027671e-009 2.645889925866314e-009 3.028436148144904e-009 3.826385890922801e-009 4.68791957508594e-009 5.413788963036529e-009 5.881560860667207e-009 6.046582885335139e-009 5.93016108594186e-009 5.590916738305823e-009 5.099917107742776e-009 4.526442408217013e-009 3.929580969491465e-009 3.353584045353391e-009 2.82733644898723e-009
 8.5978372419419e-007 1.451436257039665e-007 3.332769764585307e-008 1.030938411864419e-008 4.935201130986079e-009 3.986395260545993e-009 4.396671191749528e-009 5.275139714628347e-009 6.263673591470861e-009 7.156503930301399e-009 7.819492252131349e-009 8.182921929646116e-009 8.237813823820318e-009 8.019094311978317e-009 7.584373757738636e-009 6.99833389307884e-009 6.32379880671872e-009 5.616008570216021e-009
 1.492959772078997e-006 3.395718292614186e-007 9.226991680495445e-008 3.045412983537896e-008 1.257721421991585e-008 7.20575758522848e-009 5.945464463322652e-009 6.219696728132793e-009 7.109806552842753e-009 8.211027501061247e-009 9.293245517265325e-009 1.020309836091e-008 1.084298603084759e-008 1.116851995194343e-008 1.1181713778847e-008 1.091706508920171e-008 1.042643344767336e-008 9.768031189231897e-009
 2.297022131461493e-006 7.000791693945257e-007 2.28192708116682e-007 8.421724552938765e-008 3.549405948623048e-008 1.764140549380851e-008 1.103354655502482e-008 8.926102132180123e-009 8.773066647940108e-009 9.51540818244317e-009 1.065123006580098e-008 1.189875737162371e-008 1.307341040574229e-008 1.40472423187075e-008 1.473886097672096e-008 1.511041529144996e-008 1.5161626764752e-008 1.49197058793292e-008
 3.131903457637046e-006 1.266148746433062e-006 5.00671605516238e-007 2.098476183770552e-007 9.562565482181713e-008 4.782994607323663e-008 2.685291280706944e-008 1.758603351089294e-008 1.377522566832112e-008 1.264949133160105e-008 1.290014130931413e-008 1.385928916475249e-008 1.514934914323468e-008 1.653042556397939e-008 1.783539381114064e-008 1.894489356766902e-008 1.977926418424663e-008 2.029539620511289e-008
 3.822168542678948e-006 2.025479136559115e-006 9.643230400428118e-007 4.655981446051992e-007 2.338727348791125e-007 1.241861925411334e-007 7.034263998088873e-008 4.307579670018487e-008 2.913822325847236e-008 2.220973604748617e-008 1.911493002774333e-008 1.818331538919236e-008 1.849309048349248e-008 1.950501346493731e-008 2.087995396984098e-008 2.238740004990569e-008 2.386071586095888e-008 2.51767588778469e-008
 4.291432514214111e-006 2.871351956586206e-006 1.636127743238114e-006 9.083024924171167e-007 5.10053605471579e-007 2.935086627216208e-007 1.749954719239261e-007 1.089589371223885e-007 7.142844260376514e-008 4.986450674322826e-008 3.755212882926249e-008 3.076605510186125e-008 2.736464181851648e-008 2.607411041262412e-008 2.61093842642321e-008 2.696610801113224e-008 2.830406437117535e-008 2.988147965704386e-008
