# Created by Octave 3.6.4, Tue Mar 11 12:45:17 2014 N. Central Asia Standard Time <unknown@OShulyakov>
# name: LowTr
# type: matrix
# rows: 50
# columns: 18
 1.384027712022669e-024 2.195142747646517e-014 4.597199446486618e-014 1.207006864638125e-013 2.238859562573927e-011 1.630247939741715e-010 1.41146285141014e-011 3.72795082471122e-012 2.954957031394501e-012 7.553545508214625e-015 1.490282331829299e-014 4.075188606343499e-014 5.676343340730834e-014 8.79284537744515e-014 1.323630234273095e-013 2.042092691201476e-013 3.213051794777841e-013 9.212920026967095e-013
 5.803222408827379e-013 1.32506089905655e-010 1.013843459247645e-010 3.800995613534952e-011 1.361368719793952e-011 7.55236829803969e-012 8.124261566467737e-012 1.212463794268066e-011 1.697289548646222e-011 2.029787957209537e-011 2.057824824877957e-011 1.819519208293076e-011 1.498433716660773e-011 1.099738349992566e-011 8.265342209934436e-012 5.864515898326314e-012 4.424110434504937e-012 1.033193355469302e-011
 2.31549131064426e-012 1.784669857088343e-010 2.089263825723085e-010 1.014109062533712e-010 3.995770829969791e-011 1.754385930537155e-011 1.237659843865989e-011 1.478764597530684e-011 2.077894421203445e-011 2.751585450487519e-011 3.219702630941935e-011 3.296232766770649e-011 3.008316454820353e-011 2.516475669945827e-011 1.983279580257889e-011 1.508232852350582e-011 1.132887539320031e-011 8.629181574604844e-012
 9.217442186192168e-012 2.133434526349305e-010 3.691155295849937e-010 2.384545739800939e-010 1.11803269828038e-010 4.971675475126034e-011 2.638108554731976e-011 2.143438205810158e-011 2.545220551190499e-011 3.388707719227338e-011 4.328467110499281e-011 5.024610393621351e-011 5.239272349732084e-011 4.950719396167347e-011 4.32344957187515e-011 3.567505939854395e-011 2.835121170044031e-011 2.206131921047606e-011
 3.652486232616438e-011 2.363820542637411e-010 5.556661025285332e-010 4.848409584040939e-010 2.799541277573887e-010 1.395316191760587e-010 7.028850365665957e-011 4.265178849394148e-011 3.661463530302273e-011 4.20335344212864e-011 5.33833036905412e-011 6.642750102529087e-011 7.706438356340081e-011 8.211164530293372e-011 8.049214091172759e-011 7.34595413796243e-011 6.344425353164049e-011 5.266760078112417e-011
 1.434147580061645e-010 2.532850067855754e-010 7.232918528648154e-010 8.441040144181097e-010 6.110709584221929e-010 3.572569840470469e-010 1.93494830924535e-010 1.083399307518944e-010 7.140950276253091e-011 6.175057523076642e-011 6.760829686786664e-011 8.204466574431637e-011 9.979634338830074e-011 1.159327573828966e-010 1.262170278982085e-010 1.282660870620683e-010 1.22307309152047e-010 1.105839687485169e-010
 5.533174329293622e-010 2.775402230792346e-010 8.453351852836501e-010 1.253085928960492e-009 1.147547599726742e-009 8.034436746160597e-010 4.941206946339445e-010 2.904876086164564e-010 1.767089317377627e-010 1.22132691946132e-010 1.038040703917852e-010 1.074873881781477e-010 1.242223253673944e-010 1.47362549789433e-010 1.709288812260809e-010 1.894751620627865e-010 1.989484320683869e-010 1.978143645976824e-010
 2.066696605191135e-009 3.50135203724743e-010 9.278248656613325e-010 1.613499172159133e-009 1.839309356834394e-009 1.559243673493976e-009 1.114279717018365e-009 7.285396915066235e-010 4.612625282224061e-010 2.9939160549644e-010 2.128551066982732e-010 1.76116739227463e-010 1.716053471569567e-010 1.875607428524175e-010 2.153358351534353e-010 2.475697384688348e-010 2.774508310054483e-010 2.991208682006887e-010
 7.301369742305967e-009 6.192104669993506e-010 1.004483787636248e-009 1.874344505837022e-009 2.528747801929472e-009 2.587519815823947e-009 2.171935894349038e-009 1.616205140953842e-009 1.124193730059953e-009 7.603717633701782e-010 5.206867358763918e-010 3.780992957033004e-010 3.049260892625542e-010 2.796760813481952e-010 2.868632024439577e-010 3.150100032712336e-010 3.547330679649324e-010 3.976057184651768e-010
 2.370910787877852e-008 1.621741312132466e-009 1.165424769194706e-009 2.059112338907001e-009 3.073531876580503e-009 3.673846995768802e-009 3.623482633458997e-009 3.099642985144866e-009 2.418188384248741e-009 1.784739072736333e-009 1.281504770484515e-009 9.206969400324164e-010 6.833129686880467e-010 5.420106642926016e-010 4.717706946656049e-010 4.527263561770249e-010 4.695363040193528e-010 5.098835666901442e-010
 6.923992011178262e-008 5.173347885216872e-009 1.707639574580354e-009 2.266123192031332e-009 3.45763673133394e-009 4.5750860326619e-009 5.173574190133416e-009 5.088876958403844e-009 4.491943992159594e-009 3.678968225799196e-009 2.870883115097323e-009 2.178476749369954e-009 1.638863004064219e-009 1.248927279937912e-009 9.874709767379487e-010 8.287731921612917e-010 7.491200687771949e-010 7.286696532635431e-010
 1.809261796994636e-007 1.670566807966974e-008 3.654596604931989e-009 2.777024098632804e-009 3.802071760524667e-009 5.225018311756813e-009 6.474506952311346e-009 7.163354668563894e-009 7.14153851667305e-009 6.536278684554329e-009 5.614616328495793e-009 4.615834990794376e-009 3.688418974851459e-009 2.904002490449925e-009 2.285227094377136e-009 1.826467407163724e-009 1.508224678180811e-009 1.306587942972891e-009
 4.218247260187892e-007 5.003582081133422e-008 1.026555218210969e-008 4.512780387990551e-009 4.460179072352014e-009 5.784845370866265e-009 7.428909517889042e-009 8.87760630415267e-009 9.772525417781339e-009 9.941906192595662e-009 9.442651825764092e-009 8.490071604918818e-009 7.32886242248158e-009 6.147662705961797e-009 5.062324837650347e-009 4.131988182380829e-009 3.378066446167966e-009 2.798340870467018e-009
 8.689029204428565e-007 1.35098589788081e-007 3.053529489963635e-008 1.040604662427125e-008 6.525684065925789e-009 6.764676160854661e-009 8.286596741896586e-009 1.015794162573197e-008 1.188210055803079e-008 1.310794339553433e-008 1.362561483739627e-008 1.340552426696176e-008 1.258094371216732e-008 1.136854294742065e-008 9.982165074145361e-009 8.585434641170412e-009 7.284679744985546e-009 6.140237299356257e-009
 1.580535312097027e-006 3.267656237160249e-007 8.548529588117074e-008 2.866911726899161e-008 1.338229337405436e-008 9.697386569960676e-009 9.854203317829157e-009 1.144447624864898e-008 1.352347528134969e-008 1.557682345089493e-008 1.72438255526994e-008 1.827408920962828e-008 1.855021486279301e-008 1.809977176917811e-008 1.706531948427374e-008 1.564410996567834e-008 1.402956438157757e-008 1.237758225683643e-008
 2.53779139235646e-006 7.005620357392716e-007 2.172123653418075e-007 7.881223788380458e-008 3.42922448127315e-008 1.913359345818294e-008 1.450817783541467e-008 1.410178245379309e-008 1.551910975036071e-008 1.770195462854566e-008 2.007175121121892e-008 2.223712781752998e-008 2.390886984726872e-008 2.489450010517628e-008 2.511314441539742e-008 2.459761221317588e-008 2.347113264873606e-008 2.190597740564973e-008
 3.568591452722605e-006 1.324789532973228e-006 4.935774341915278e-007 2.005404585446435e-007 9.082156423666391e-008 4.696371574653453e-008 2.894828263505483e-008 2.204214712771793e-008 2.028610760769932e-008 2.105010526537678e-008 2.305464575209567e-008 2.559063969003591e-008 2.819923698655715e-008 3.054480774729045e-008 3.237488211594189e-008 3.351820429847424e-008 3.389313643832607e-008 3.350924244686256e-008
 4.437049941772064e-006 2.21449728041981e-006 9.906216973327431e-007 4.596212257187201e-007 2.259822878673099e-007 1.197160318405251e-007 6.961788725440809e-008 4.560042797467412e-008 3.445017530470353e-008 3.000215520325261e-008 2.919324868551011e-008 3.039942872815215e-008 3.26898631791355e-008 3.54763122256411e-008 3.834614955122992e-008 4.098657912804135e-008 4.315619016059161e-008 4.468028042029336e-008
