# Created by Octave 3.6.4, Tue Mar 11 12:45:17 2014 N. Central Asia Standard Time <unknown@OShulyakov>
# name: LowTst
# type: matrix
# rows: 50
# columns: 18
 1.381402043868249e-024 2.195500442132351e-014 3.431665098427358e-014 4.090282802983107e-014 2.238169854218988e-011 1.629968365475918e-010 1.411865197320291e-011 3.731554187260295e-012 2.953357403245797e-012 5.321965254532485e-015 1.122466693757404e-014 3.533490027286341e-014 4.82186658330171e-014 7.839319456586809e-014 1.189517091268275e-013 1.905543602298714e-013 3.095666046944535e-013 8.888397769433234e-013
 5.425048044214738e-013 7.737227812679361e-011 5.202812840349288e-011 1.69341885314923e-011 5.747043577385925e-012 3.289783171822071e-012 3.247480958014105e-012 4.705520783817898e-012 6.293935119172806e-012 7.082669711031011e-012 6.662956487722774e-012 5.455927987478613e-012 4.504188433823132e-012 3.040375062178478e-012 2.503264123385558e-012 1.68826600880909e-012 1.4044337212354e-012 9.948221795759392e-012
 2.164611741032144e-012 1.072254699504828e-010 1.13137513409612e-010 4.864343484998592e-011 1.71217701422596e-011 7.184536414322226e-012 5.023494410791896e-012 5.900698614387961e-012 8.049374439009488e-012 1.019950224922052e-011 1.128998918903457e-011 1.081466120789547e-011 9.225875232409463e-012 7.306763544289277e-012 5.573039574941704e-012 4.182069068654341e-012 3.200526692044775e-012 2.553042671236796e-012
 8.617144201961432e-012 1.304733520996343e-010 2.092695162344986e-010 1.227999623121874e-010 5.158781084623603e-011 2.106432463880936e-011 1.084875436581014e-011 8.747425494556361e-012 1.015164375529405e-011 1.312798711741289e-011 1.614193792347583e-011 1.784772653837147e-011 1.756250256954823e-011 1.562176117489334e-011 1.291027670686102e-011 1.024151912858685e-011 7.994574167665827e-012 6.193947300381505e-012
 3.414675821416873e-011 1.461694323464821e-010 3.269292517003996e-010 2.636045865684416e-010 1.396679438283576e-010 6.339690477241596e-011 2.993488040470035e-011 1.771014549181432e-011 1.501284194297724e-011 1.686440626965271e-011 2.081757826661595e-011 2.503028867127617e-011 2.784855269652112e-011 2.82464423062992e-011 2.623895799198539e-011 2.272878594498191e-011 1.881247052237665e-011 1.517266783460288e-011
 1.34083027180481e-010 1.584001050578894e-010 4.367414276153423e-010 4.799465443681277e-010 3.241252773416457e-010 1.756350165438261e-010 8.799999645099155e-011 4.67160509045942e-011 3.004192579468653e-011 2.559044908550955e-011 2.741490088090273e-011 3.237883344398895e-011 3.817514823603279e-011 4.279357626975437e-011 4.470598330170382e-011 4.338342869828223e-011 3.946107442165812e-011 3.416287273265918e-011
 5.173718404058276e-010 1.785450702081332e-010 5.188533764889471e-010 7.388076311714755e-010 6.386519082679218e-010 4.212544902620613e-010 2.427489452295558e-010 1.336959085649068e-010 7.755339029808423e-011 5.225696596656005e-011 4.366961694018039e-011 4.42818332363279e-011 4.986638560608506e-011 5.750216404884568e-011 6.466250901140214e-011 6.924754191557506e-011 6.99720220422905e-011 6.678540766857103e-011
 1.933010995215607e-009 2.437735323223025e-010 5.765116076238756e-010 9.758414006072828e-010 1.066155647542775e-009 8.589327121427684e-010 5.834161566588012e-010 3.61216771082206e-010 2.164751296718521e-010 1.345309948027614e-010 9.308682654699001e-011 7.561039716899549e-011 7.22044152834608e-011 7.702901037221291e-011 8.613024972845993e-011 9.632417280752977e-011 1.048274163374734e-010 1.094890443770584e-010
 6.834763349608771e-009 4.911861345922163e-010 6.364245334500445e-010 1.152819528813296e-009 1.512160108229709e-009 1.486716413868614e-009 1.194268382396341e-009 8.513777545326097e-010 5.662757098547701e-010 3.658440074442152e-010 2.407730529096655e-010 1.699440728273197e-010 1.343333488916243e-010 1.208802777733226e-010 1.212573866903855e-010 1.299000840748306e-010 1.425836800464057e-010 1.557142912110839e-010
 2.224418327059933e-008 1.420538766060937e-009 7.783225584566436e-010 1.285744354985689e-009 1.877524943785758e-009 2.183388652496588e-009 2.078119798184054e-009 1.711760984299676e-009 1.287970020515506e-009 9.166871142978301e-010 6.340540738026385e-010 4.398538752961404e-010 3.17323231561185e-010 2.464018359981078e-010 2.105736218360712e-010 1.980946775490735e-010 2.008625022734867e-010 2.129460789100426e-010
 6.530547827752683e-008 4.72670358738098e-009 1.27545627006987e-009 1.456238420692057e-009 2.147893888078881e-009 2.785167300419999e-009 3.071077374020713e-009 2.928728547065682e-009 2.502345057004962e-009 1.987160014991976e-009 1.505542141301295e-009 1.108964148955853e-009 8.102204150383141e-010 6.014737242624675e-010 4.654533189364937e-010 3.837260623209444e-010 3.408434090763643e-010 3.251390751069439e-010
 1.722359376558183e-007 1.550348777968111e-008 3.078678057298673e-009 1.918182965639471e-009 2.42072613486812e-009 3.241675841561495e-009 3.941637175813654e-009 4.264778095486648e-009 4.140555166986584e-009 3.684558777568854e-009 3.081171690662082e-009 2.471175732157501e-009 1.928626837707812e-009 1.483682010178008e-009 1.142006188037681e-009 8.948896942004028e-010 7.265299584331619e-010 6.197844206044136e-010
 4.062705049643007e-007 4.685199205915219e-008 9.229758355766424e-009 3.522940371126016e-009 3.009616267435693e-009 3.683340268038108e-009 4.618838638698e-009 5.422336493325265e-009 5.853926638481498e-009 5.823050544303712e-009 5.398450318786302e-009 4.740113505749335e-009 4.003925264203886e-009 3.293414475864431e-009 2.66298998060034e-009 2.136207160838783e-009 1.71823636965803e-009 1.402524447990389e-009
 8.469877569319265e-007 1.277807359000078e-007 2.818731641927468e-008 9.000911484526997e-009 4.921651935845922e-009 4.561932142688119e-009 5.309807102434482e-009 6.352505120309047e-009 7.30347137623703e-009 7.919914724716847e-009 8.07774940484944e-009 7.785026046928135e-009 7.154774819889224e-009 6.338919819008451e-009 5.468699595706011e-009 4.631404967265312e-009 3.876000130771426e-009 3.226341277626977e-009
 1.56045999275141e-006 3.128946959813871e-007 8.00583804535833e-008 2.605477992751084e-008 1.130381505844185e-008 7.287727191913378e-009 6.73459495361781e-009 7.430664230603844e-009 8.546289087101173e-009 9.667798489022474e-009 1.053368871507067e-008 1.098179499907942e-008 1.095419748925677e-008 1.049505336744043e-008 9.718992925344927e-009 8.762556445320984e-009 7.744334631328252e-009 6.748333599335541e-009
 2.53811311289367e-006 6.793835455160523e-007 2.061905697072848e-007 7.328321394859782e-008 3.084416471825695e-008 1.609420732058644e-008 1.108389206148333e-008 9.889253090306586e-009 1.030232085573734e-008 1.137984908815706e-008 1.263775360664147e-008 1.37754348625238e-008 1.459019208714291e-008 1.496224783541906e-008 1.48575262272259e-008 1.432121654251231e-008 1.34537824340186e-008 1.237699866279607e-008
 3.606771886617168e-006 1.301449548161467e-006 4.750134714689518e-007 1.895581521852685e-007 8.413944441121101e-008 4.216247636052887e-008 2.460216807976719e-008 1.734687880157092e-008 1.477875239906806e-008 1.445802327371645e-008 1.522585279919697e-008 1.646624880229187e-008 1.780488209417933e-008 1.89878127794411e-008 1.983913872764895e-008 2.025217567102202e-008 2.018968462538494e-008 1.967918405311512e-008
 4.515774779833687e-006 2.204879306448408e-006 9.660995583634348e-007 4.410428907063251e-007 2.134330586242918e-007 1.109850020316188e-007 6.283861089812476e-008 3.947522150312035e-008 2.81295603378632e-008 2.293694611684429e-008 2.102782280388834e-008 2.090839437398917e-008 2.174517950908203e-008 2.30325443164415e-008 2.4434894160496e-008 2.571378504709398e-008 2.66979704927194e-008 2.727436834969094e-008
