# Created by Octave 3.6.4, Sat Mar 08 13:37:41 2014 N. Central Asia Standard Time <unknown@OShulyakov>
# name: CloseCv
# type: matrix
# rows: 50
# columns: 18
 6.511555067087837e-011 1931.475164318915 18627309.21200162 133326551.2950221 418683390.0994473 942945785.4585593 1828041397.770122 3290354436.910233 5641312433.990168 9271516709.606283 18982773715.47126 15879324074.5133 13581958423.24265 12013684026.39709 11024236653.93708 10465636834.32183 10217879910.78596 10192013330.79671
 6.511555067087837e-011 1931.475164318915 18627309.21200162 133326551.2950221 418683390.0994473 942945785.4585593 1828041397.770122 3290354436.910233 5641312433.990168 9271516709.606283 18982773715.47126 15879324074.5133 13581958423.24265 12013684026.39709 11024236653.93708 10465636834.32183 10217879910.78596 10192013330.79671
 6.511555067087837e-011 1931.475164318915 18627309.21200162 133326551.2950221 418683390.0994473 942945785.4585593 1828041397.770122 3290354436.910233 5641312433.990168 9271516709.606283 18982773715.47126 15879324074.5133 13581958423.24265 12013684026.39709 11024236653.93708 10465636834.32183 10217879910.78596 10192013330.79671
 6.511555067087837e-011 1931.475164318915 18627309.21200162 133326551.2950221 418683390.0994473 942945785.4585593 1828041397.770122 3290354436.910233 5641312433.990168 9271516709.606283 18982773715.47126 15879324074.5133 13581958423.24265 12013684026.39709 11024236653.93708 10465636834.32183 10217879910.78596 10192013330.79671
 6.511555067087837e-011 1931.475164318915 18627309.21200162 133326551.2950221 418683390.0994473 942945785.4585593 1828041397.770122 3290354436.910233 5641312433.990168 9271516709.606283 18982773715.47126 15879324074.5133 13581958423.24265 12013684026.39709 11024236653.93708 10465636834.32183 10217879910.78596 10192013330.79671
 6.511555067087837e-011 1931.475164318915 18627309.21200162 133326551.2950221 418683390.0994473 942945785.4585593 1828041397.770122 3290354436.910233 5641312433.990168 9271516709.606283 18982773715.47126 15879324074.5133 13581958423.24265 12013684026.39709 11024236653.93708 10465636834.32183 10217879910.78596 10192013330.79671
 1.678577711417805e-010 1931.475287092243 18627309.21200162 133326551.2950221 418683390.0994473 942945785.4585593 1828041397.770122 3290354436.910233 5641312433.990168 9271516709.606283 18982773715.47126 15879324074.5133 13581958423.24265 12013684026.39709 11024236653.93708 10465636834.32183 10217879910.78596 10192013330.79671
 1.678577711417805e-010 1931.475287092243 18627309.21200162 133326551.2950221 418683390.0994473 942945785.4585593 1828041397.770122 3290354436.910233 5641312433.990168 9271516709.606283 18982773715.47126 15879324074.5133 13581958423.24265 12013684026.39709 11024236653.93708 10465636834.32183 10217879910.78596 10192013330.79671
 8.985579131591366e-013 1931.475176019679 18627309.21200162 133326551.2950221 418683390.0994473 942945785.4585593 1828041397.770122 3290354436.910233 5641312433.990168 9271516709.606283 18982773715.47126 15879324074.5133 13581958423.24265 12013684026.39709 11024236653.93708 10465636834.32183 10217879910.78596 10192013330.79671
 1.633707804985952e-011 1931.475180288459 18627309.21200162 133326551.2950221 418683390.0994473 942945785.4585593 1828041397.770122 3290354436.910233 5641312433.990168 9271516709.606283 18982773715.47126 15879324074.5133 13581958423.24265 12013684026.39709 11024236653.93708 10465636834.32183 10217879910.78596 10192013330.79671
 3.914096311340905e-014 1931.475262164534 18627309.21200162 133326551.2950221 418683390.0994473 942945785.4585593 1828041397.770122 3290354436.910233 5641312433.990168 9271516709.606283 18982773715.47126 15879324074.5133 13581958423.24265 12013684026.39709 11024236653.93708 10465636834.32183 10217879910.78596 10192013330.79671
 6.351995705143161e-012 1931.475282755904 18627309.21200162 133326551.2950221 418683390.0994473 942945785.4585593 1828041397.770122 3290354436.910233 5641312433.990168 9271516709.606283 18982773715.47126 15879324074.5133 13581958423.24265 12013684026.39709 11024236653.93708 10465636834.32183 10217879910.78596 10192013330.79671
 9.332458544761303e-012 1931.475313246809 18627309.21200162 133326551.2950221 418683390.0994473 942945785.4585593 1828041397.770122 3290354436.910233 5641312433.990168 9271516709.606283 18982773715.47126 15879324074.5133 13581958423.24265 12013684026.39709 11024236653.93708 10465636834.32183 10217879910.78596 10192013330.79671
 2.917908376670248e-010 1931.475339242909 18627309.21200162 133326551.2950221 418683390.0994473 942945785.4585593 1828041397.770122 3290354436.910233 5641312433.990168 9271516709.606283 18982773715.47126 15879324074.5133 13581958423.24265 12013684026.39709 11024236653.93708 10465636834.32183 10217879910.78596 10192013330.79671
 1.469202201843088e-011 1931.475185234079 18627309.21200162 133326551.2950221 418683390.0994473 942945785.4585593 1828041397.770122 3290354436.910233 5641312433.990168 9271516709.606283 18982773715.47126 15879324074.5133 13581958423.24265 12013684026.39709 11024236653.93708 10465636834.32183 10217879910.78596 10192013330.79671
 2.454448058222412e-012 1931.475208166249 18627309.21200162 133326551.2950221 418683390.0994473 942945785.4585593 1828041397.770122 3290354436.910233 5641312433.990168 9271516709.606283 18982773715.47126 15879324074.5133 13581958423.24265 12013684026.39709 11024236653.93708 10465636834.32183 10217879910.78596 10192013330.79671
 2.219607063293392e-010 1931.475302144477 18627309.21200162 133326551.2950221 418683390.0994473 942945785.4585593 1828041397.770122 3290354436.910233 5641312433.990168 9271516709.606283 18982773715.47126 15879324074.5133 13581958423.24265 12013684026.39709 11024236653.93708 10465636834.32183 10217879910.78596 10192013330.79671
 7.415100766301064e-011 1931.475168264245 18627309.21200162 133326551.2950221 418683390.0994473 942945785.4585593 1828041397.770122 3290354436.910233 5641312433.990168 9271516709.606283 18982773715.47126 15879324074.5133 13581958423.24265 12013684026.39709 11024236653.93708 10465636834.32183 10217879910.78596 10192013330.79671
 1.952840310133016e-010 1931.475172469124 18627309.21200162 133326551.2950221 418683390.0994473 942945785.4585593 1828041397.770122 3290354436.910233 5641312433.990168 9271516709.606283 18982773715.47126 15879324074.5133 13581958423.24265 12013684026.39709 11024236653.93708 10465636834.32183 10217879910.78596 10192013330.79671
 4.727365463728715e-012 1931.475251183287 18627309.21200162 133326551.2950221 418683390.0994473 942945785.4585593 1828041397.770122 3290354436.910233 5641312433.990168 9271516709.606283 18982773715.47126 15879324074.5133 13581958423.24265 12013684026.39709 11024236653.93708 10465636834.32183 10217879910.78596 10192013330.79671
 1.476847266661009e-011 1931.475291212742 18627309.21200162 133326551.2950221 418683390.0994473 942945785.4585593 1828041397.770122 3290354436.910233 5641312433.990168 9271516709.606283 18982773715.47126 15879324074.5133 13581958423.24265 12013684026.39709 11024236653.93708 10465636834.32183 10217879910.78596 10192013330.79671
 27828.63430525171 1931.475121349871 18627309.21200162 133326551.2950221 418683390.0994473 942945785.4585593 1828041397.770122 3290354436.910233 5641312433.990168 9271516709.606283 18982773715.47126 15879324074.5133 13581958423.24265 12013684026.39709 11024236653.93708 10465636834.32183 10217879910.78596 10192013330.79671
 3983.222361297987 1931.475140927651 18627309.21200162 133326551.2950221 418683390.0994473 942945785.4585593 1828041397.770122 3290354436.910233 5641312433.990168 9271516709.606283 18982773715.47126 15879324074.5133 13581958423.24265 12013684026.39709 11024236653.93708 10465636834.32183 10217879910.78596 10192013330.79671
