# Created by Octave 3.6.4, Sat Mar 08 13:37:41 2014 N. Central Asia Standard Time <unknown@OShulyakov>
# name: LowCv
# type: matrix
# rows: 50
# columns: 18
 6.373403979792519e-011 1732.417472156625 18385850.29236326 132223497.8281404 415937016.7003068 937665907.8368287 1818898556.869204 3275033872.779513 5615965232.413215 9230326519.629425 18897741132.81074 15806485379.13194 13519241767.08058 11958828231.37439 10975139592.18683 10420497177.47419 10175231439.03076 10150702883.03226
 6.373403979792519e-011 1732.417472156625 18385850.29236326 132223497.8281404 415937016.7003068 937665907.8368287 1818898556.869204 3275033872.779513 5615965232.413215 9230326519.629425 18897741132.81074 15806485379.13194 13519241767.08058 11958828231.37439 10975139592.18683 10420497177.47419 10175231439.03076 10150702883.03226
 6.373403979792519e-011 1732.417472156625 18385850.29236326 132223497.8281404 415937016.7003068 937665907.8368287 1818898556.869204 3275033872.779513 5615965232.413215 9230326519.629425 18897741132.81074 15806485379.13194 13519241767.08058 11958828231.37439 10975139592.18683 10420497177.47419 10175231439.03076 10150702883.03226
 6.373403979792519e-011 1732.417472156625 18385850.29236326 132223497.8281404 415937016.7003068 937665907.8368287 1818898556.869204 3275033872.779513 5615965232.413215 9230326519.629425 18897741132.81074 15806485379.13194 13519241767.08058 11958828231.37439 10975139592.18683 10420497177.47419 10175231439.03076 10150702883.03226
 6.373403979792519e-011 1732.417472156625 18385850.29236326 132223497.8281404 415937016.7003068 937665907.8368287 1818898556.869204 3275033872.779513 5615965232.413215 9230326519.629425 18897741132.81074 15806485379.13194 13519241767.08058 11958828231.37439 10975139592.18683 10420497177.47419 10175231439.03076 10150702883.03226
 6.373403979792519e-011 1732.417472156625 18385850.29236326 132223497.8281404 415937016.7003068 937665907.8368287 1818898556.869204 3275033872.779513 5615965232.413215 9230326519.629425 18897741132.81074 15806485379.13194 13519241767.08058 11958828231.37439 10975139592.18683 10420497177.47419 10175231439.03076 10150702883.03226
 1.653701334268723e-010 1732.417535384276 18385850.29236326 132223497.8281404 415937016.7003068 937665907.8368287 1818898556.869204 3275033872.779513 5615965232.413215 9230326519.629425 18897741132.81074 15806485379.13194 13519241767.08058 11958828231.37439 10975139592.18683 10420497177.47419 10175231439.03076 10150702883.03226
 1.653701334268723e-010 1732.417535384276 18385850.29236326 132223497.8281404 415937016.7003068 937665907.8368287 1818898556.869204 3275033872.779513 5615965232.413215 9230326519.629425 18897741132.81074 15806485379.13194 13519241767.08058 11958828231.37439 10975139592.18683 10420497177.47419 10175231439.03076 10150702883.03226
 7.665701652682016e-013 1732.417535343605 18385850.29236326 132223497.8281404 415937016.7003068 937665907.8368287 1818898556.869204 3275033872.779513 5615965232.413215 9230326519.629425 18897741132.81074 15806485379.13194 13519241767.08058 11958828231.37439 10975139592.18683 10420497177.47419 10175231439.03076 10150702883.03226
 1.568988406720149e-011 1732.417414465951 18385850.29236326 132223497.8281404 415937016.7003068 937665907.8368287 1818898556.869204 3275033872.779513 5615965232.413215 9230326519.629425 18897741132.81074 15806485379.13194 13519241767.08058 11958828231.37439 10975139592.18683 10420497177.47419 10175231439.03076 10150702883.03226
 1.754251070578902e-014 1732.417444300535 18385850.29236326 132223497.8281404 415937016.7003068 937665907.8368287 1818898556.869204 3275033872.779513 5615965232.413215 9230326519.629425 18897741132.81074 15806485379.13194 13519241767.08058 11958828231.37439 10975139592.18683 10420497177.47419 10175231439.03076 10150702883.03226
 6.693580073515895e-012 1732.417402771716 18385850.29236326 132223497.8281404 415937016.7003068 937665907.8368287 1818898556.869204 3275033872.779513 5615965232.413215 9230326519.629425 18897741132.81074 15806485379.13194 13519241767.08058 11958828231.37439 10975139592.18683 10420497177.47419 10175231439.03076 10150702883.03226
 8.902927798866418e-012 1732.417408582141 18385850.29236326 132223497.8281404 415937016.7003068 937665907.8368287 1818898556.869204 3275033872.779513 5615965232.413215 9230326519.629425 18897741132.81074 15806485379.13194 13519241767.08058 11958828231.37439 10975139592.18683 10420497177.47419 10175231439.03076 10150702883.03226
 2.931770132662143e-010 1732.417413161414 18385850.29236326 132223497.8281404 415937016.7003068 937665907.8368287 1818898556.869204 3275033872.779513 5615965232.413215 9230326519.629425 18897741132.81074 15806485379.13194 13519241767.08058 11958828231.37439 10975139592.18683 10420497177.47419 10175231439.03076 10150702883.03226
 1.515207647455022e-011 1732.41742840848 18385850.29236326 132223497.8281404 415937016.7003068 937665907.8368287 1818898556.869204 3275033872.779513 5615965232.413215 9230326519.629425 18897741132.81074 15806485379.13194 13519241767.08058 11958828231.37439 10975139592.18683 10420497177.47419 10175231439.03076 10150702883.03226
 2.22826100716268e-012 1732.417496634729 18385850.29236326 132223497.8281404 415937016.7003068 937665907.8368287 1818898556.869204 3275033872.779513 5615965232.413215 9230326519.629425 18897741132.81074 15806485379.13194 13519241767.08058 11958828231.37439 10975139592.18683 10420497177.47419 10175231439.03076 10150702883.03226
 2.226290291206988e-010 1732.417361878551 18385850.29236326 132223497.8281404 415937016.7003068 937665907.8368287 1818898556.869204 3275033872.779513 5615965232.413215 9230326519.629425 18897741132.81074 15806485379.13194 13519241767.08058 11958828231.37439 10975139592.18683 10420497177.47419 10175231439.03076 10150702883.03226
 7.478930874411061e-011 1732.417458091237 18385850.29236326 132223497.8281404 415937016.7003068 937665907.8368287 1818898556.869204 3275033872.779513 5615965232.413215 9230326519.629425 18897741132.81074 15806485379.13194 13519241767.08058 11958828231.37439 10975139592.18683 10420497177.47419 10175231439.03076 10150702883.03226
 1.955958221639697e-010 1732.417438217363 18385850.29236326 132223497.8281404 415937016.7003068 937665907.8368287 1818898556.869204 3275033872.779513 5615965232.413215 9230326519.629425 18897741132.81074 15806485379.13194 13519241767.08058 11958828231.37439 10975139592.18683 10420497177.47419 10175231439.03076 10150702883.03226
 4.043209383639074e-012 1732.417409272872 18385850.29236326 132223497.8281404 415937016.7003068 937665907.8368287 1818898556.869204 3275033872.779513 5615965232.413215 9230326519.629425 18897741132.81074 15806485379.13194 13519241767.08058 11958828231.37439 10975139592.18683 10420497177.47419 10175231439.03076 10150702883.03226
 1.161685800524218e-011 1732.417641536218 18385850.29236326 132223497.8281404 415937016.7003068 937665907.8368287 1818898556.869204 3275033872.779513 5615965232.413215 9230326519.629425 18897741132.81074 15806485379.13194 13519241767.08058 11958828231.37439 10975139592.18683 10420497177.47419 10175231439.03076 10150702883.03226
 27706.61833658623 1732.417363181128 18385850.29236326 132223497.8281404 415937016.7003068 937665907.8368287 1818898556.869204 3275033872.779513 5615965232.413215 9230326519.629425 18897741132.81074 15806485379.13194 13519241767.08058 11958828231.37439 10975139592.18683 10420497177.47419 10175231439.03076 10150702883.03226
 3965.632211463623 1732.417399432707 18385850.29236326 132223497.8281404 415937016.7003068 937665907.8368287 1818898556.869204 3275033872.779513 5615965232.413215 9230326519.629425 18897741132.81074 15806485379.13194 13519241767.08058 11958828231.37439 10975139592.18683 10420497177.47419 10175231439.03076 10150702883.03226
