# Created by Octave 3.6.4, Sat Mar 08 13:37:41 2014 N. Central Asia Standard Time <unknown@OShulyakov>
# name: LowTr
# type: matrix
# rows: 50
# columns: 18
 4.053339734026032e-011 327.8990025266225 2173980.620805526 19200244.81902809 72271672.76268576 183060419.0331784 367183434.3092479 631748419.8078049 976031903.5824724 1393502747.7078 7979698975.882147 8506731172.097362 8906455619.938173 9207746512.989096 9434935445.068239 9607059634.739573 9738445167.972086 9839660783.200293
 4.053339734026032e-011 327.8990025266225 2173980.620805526 19200244.81902809 72271672.76268576 183060419.0331784 367183434.3092479 631748419.8078049 976031903.5824724 1393502747.7078 7979698975.882147 8506731172.097362 8906455619.938173 9207746512.989096 9434935445.068239 9607059634.739573 9738445167.972086 9839660783.200293
 4.053339734026032e-011 327.8990025266225 2173980.620805526 19200244.81902809 72271672.76268576 183060419.0331784 367183434.3092479 631748419.8078049 976031903.5824724 1393502747.7078 7979698975.882147 8506731172.097362 8906455619.938173 9207746512.989096 9434935445.068239 9607059634.739573 9738445167.972086 9839660783.200293
 4.053339734026032e-011 327.8990025266225 2173980.620805526 19200244.81902809 72271672.76268576 183060419.0331784 367183434.3092479 631748419.8078049 976031903.5824724 1393502747.7078 7979698975.882147 8506731172.097362 8906455619.938173 9207746512.989096 9434935445.068239 9607059634.739573 9738445167.972086 9839660783.200293
 4.053339734026032e-011 327.8990025266225 2173980.620805526 19200244.81902809 72271672.76268576 183060419.0331784 367183434.3092479 631748419.8078049 976031903.5824724 1393502747.7078 7979698975.882147 8506731172.097362 8906455619.938173 9207746512.989096 9434935445.068239 9607059634.739573 9738445167.972086 9839660783.200293
 4.053339734026032e-011 327.8990025266225 2173980.620805526 19200244.81902809 72271672.76268576 183060419.0331784 367183434.3092479 631748419.8078049 976031903.5824724 1393502747.7078 7979698975.882147 8506731172.097362 8906455619.938173 9207746512.989096 9434935445.068239 9607059634.739573 9738445167.972086 9839660783.200293
 1.048069196068016e-010 327.8990026832346 2173980.620805526 19200244.81902809 72271672.76268576 183060419.0331784 367183434.3092479 631748419.8078049 976031903.5824724 1393502747.7078 7979698975.882147 8506731172.097362 8906455619.938173 9207746512.989096 9434935445.068239 9607059634.739573 9738445167.972086 9839660783.200293
 1.048069196068016e-010 327.8990026832346 2173980.620805526 19200244.81902809 72271672.76268576 183060419.0331784 367183434.3092479 631748419.8078049 976031903.5824724 1393502747.7078 7979698975.882147 8506731172.097362 8906455619.938173 9207746512.989096 9434935445.068239 9607059634.739573 9738445167.972086 9839660783.200293
 5.338763081179411e-013 327.8990048046947 2173980.620805526 19200244.81902809 72271672.76268576 183060419.0331784 367183434.3092479 631748419.8078049 976031903.5824724 1393502747.7078 7979698975.882147 8506731172.097362 8906455619.938173 9207746512.989096 9434935445.068239 9607059634.739573 9738445167.972086 9839660783.200293
 1.005374550526149e-011 327.8990025692406 2173980.620805526 19200244.81902809 72271672.76268576 183060419.0331784 367183434.3092479 631748419.8078049 976031903.5824724 1393502747.7078 7979698975.882147 8506731172.097362 8906455619.938173 9207746512.989096 9434935445.068239 9607059634.739573 9738445167.972086 9839660783.200293
 1.929290725211002e-014 327.8990077753135 2173980.620805526 19200244.81902809 72271672.76268576 183060419.0331784 367183434.3092479 631748419.8078049 976031903.5824724 1393502747.7078 7979698975.882147 8506731172.097362 8906455619.938173 9207746512.989096 9434935445.068239 9607059634.739573 9738445167.972086 9839660783.200293
 4.141254624284376e-012 327.8989879535334 2173980.620805526 19200244.81902809 72271672.76268576 183060419.0331784 367183434.3092479 631748419.8078049 976031903.5824724 1393502747.7078 7979698975.882147 8506731172.097362 8906455619.938173 9207746512.989096 9434935445.068239 9607059634.739573 9738445167.972086 9839660783.200293
 5.73825535888878e-012 327.8989990902942 2173980.620805526 19200244.81902809 72271672.76268576 183060419.0331784 367183434.3092479 631748419.8078049 976031903.5824724 1393502747.7078 7979698975.882147 8506731172.097362 8906455619.938173 9207746512.989096 9434935445.068239 9607059634.739573 9738445167.972086 9839660783.200293
 1.840484851537791e-010 327.8990029295759 2173980.620805526 19200244.81902809 72271672.76268576 183060419.0331784 367183434.3092479 631748419.8078049 976031903.5824724 1393502747.7078 7979698975.882147 8506731172.097362 8906455619.938173 9207746512.989096 9434935445.068239 9607059634.739573 9738445167.972086 9839660783.200293
 9.357538247887272e-012 327.898997555914 2173980.620805526 19200244.81902809 72271672.76268576 183060419.0331784 367183434.3092479 631748419.8078049 976031903.5824724 1393502747.7078 7979698975.882147 8506731172.097362 8906455619.938173 9207746512.989096 9434935445.068239 9607059634.739573 9738445167.972086 9839660783.200293
 1.457526120440715e-012 327.8990020156286 2173980.620805526 19200244.81902809 72271672.76268576 183060419.0331784 367183434.3092479 631748419.8078049 976031903.5824724 1393502747.7078 7979698975.882147 8506731172.097362 8906455619.938173 9207746512.989096 9434935445.068239 9607059634.739573 9738445167.972086 9839660783.200293
 1.398331283430877e-010 327.8989926492647 2173980.620805526 19200244.81902809 72271672.76268576 183060419.0331784 367183434.3092479 631748419.8078049 976031903.5824724 1393502747.7078 7979698975.882147 8506731172.097362 8906455619.938173 9207746512.989096 9434935445.068239 9607059634.739573 9738445167.972086 9839660783.200293
 4.716721390946386e-011 327.8989966434768 2173980.620805526 19200244.81902809 72271672.76268576 183060419.0331784 367183434.3092479 631748419.8078049 976031903.5824724 1393502747.7078 7979698975.882147 8506731172.097362 8906455619.938173 9207746512.989096 9434935445.068239 9607059634.739573 9738445167.972086 9839660783.200293
 1.241183606842266e-010 327.8989893835047 2173980.620805526 19200244.81902809 72271672.76268576 183060419.0331784 367183434.3092479 631748419.8078049 976031903.5824724 1393502747.7078 7979698975.882147 8506731172.097362 8906455619.938173 9207746512.989096 9434935445.068239 9607059634.739573 9738445167.972086 9839660783.200293
 4.260054747677729e-012 327.8990019196436 2173980.620805526 19200244.81902809 72271672.76268576 183060419.0331784 367183434.3092479 631748419.8078049 976031903.5824724 1393502747.7078 7979698975.882147 8506731172.097362 8906455619.938173 9207746512.989096 9434935445.068239 9607059634.739573 9738445167.972086 9839660783.200293
 1.325607199479522e-011 327.8990037065862 2173980.620805526 19200244.81902809 72271672.76268576 183060419.0331784 367183434.3092479 631748419.8078049 976031903.5824724 1393502747.7078 7979698975.882147 8506731172.097362 8906455619.938173 9207746512.989096 9434935445.068239 9607059634.739573 9738445167.972086 9839660783.200293
 17460.84139307385 327.8989838810114 2173980.620805526 19200244.81902809 72271672.76268576 183060419.0331784 367183434.3092479 631748419.8078049 976031903.5824724 1393502747.7078 7979698975.882147 8506731172.097362 8906455619.938173 9207746512.989096 9434935445.068239 9607059634.739573 9738445167.972086 9839660783.200293
 2499.912471747171 327.8990049325288 2173980.620805526 19200244.81902809 72271672.76268576 183060419.0331784 367183434.3092479 631748419.8078049 976031903.5824724 1393502747.7078 7979698975.882147 8506731172.097362 8906455619.938173 9207746512.989096 9434935445.068239 9607059634.739573 9738445167.972086 9839660783.200293
