# Created by Octave 3.6.4, Sat Mar 08 13:37:41 2014 N. Central Asia Standard Time <unknown@OShulyakov>
# name: OpenCv
# type: matrix
# rows: 50
# columns: 18
 6.47869616482088e-011 2238.518689180482 18675770.63680387 133506240.2629746 419029382.96222 943379530.6513013 1828363060.980529 3290285003.652233 5640567264.96426 9269895194.978889 18981979175.86727 15880272321.95568 13584225870.88766 12016746199.6686 11027626038.73418 10469012349.16723 10221031540.7173 10194835938.31233
 6.47869616482088e-011 2238.518689180482 18675770.63680387 133506240.2629746 419029382.96222 943379530.6513013 1828363060.980529 3290285003.652233 5640567264.96426 9269895194.978889 18981979175.86727 15880272321.95568 13584225870.88766 12016746199.6686 11027626038.73418 10469012349.16723 10221031540.7173 10194835938.31233
 6.47869616482088e-011 2238.518689180482 18675770.63680387 133506240.2629746 419029382.96222 943379530.6513013 1828363060.980529 3290285003.652233 5640567264.96426 9269895194.978889 18981979175.86727 15880272321.95568 13584225870.88766 12016746199.6686 11027626038.73418 10469012349.16723 10221031540.7173 10194835938.31233
 6.47869616482088e-011 2238.518689180482 18675770.63680387 133506240.2629746 419029382.96222 943379530.6513013 1828363060.980529 3290285003.652233 5640567264.96426 9269895194.978889 18981979175.86727 15880272321.95568 13584225870.88766 12016746199.6686 11027626038.73418 10469012349.16723 10221031540.7173 10194835938.31233
 6.47869616482088e-011 2238.518689180482 18675770.63680387 133506240.2629746 419029382.96222 943379530.6513013 1828363060.980529 3290285003.652233 5640567264.96426 9269895194.978889 18981979175.86727 15880272321.95568 13584225870.88766 12016746199.6686 11027626038.73418 10469012349.16723 10221031540.7173 10194835938.31233
 6.47869616482088e-011 2238.518689180482 18675770.63680387 133506240.2629746 419029382.96222 943379530.6513013 1828363060.980529 3290285003.652233 5640567264.96426 9269895194.978889 18981979175.86727 15880272321.95568 13584225870.88766 12016746199.6686 11027626038.73418 10469012349.16723 10221031540.7173 10194835938.31233
 1.672443211502164e-010 2238.51855380735 18675770.63680387 133506240.2629746 419029382.96222 943379530.6513013 1828363060.980529 3290285003.652233 5640567264.96426 9269895194.978889 18981979175.86727 15880272321.95568 13584225870.88766 12016746199.6686 11027626038.73418 10469012349.16723 10221031540.7173 10194835938.31233
 1.672443211502164e-010 2238.51855380735 18675770.63680387 133506240.2629746 419029382.96222 943379530.6513013 1828363060.980529 3290285003.652233 5640567264.96426 9269895194.978889 18981979175.86727 15880272321.95568 13584225870.88766 12016746199.6686 11027626038.73418 10469012349.16723 10221031540.7173 10194835938.31233
 8.541359511860107e-013 2238.518678064804 18675770.63680387 133506240.2629746 419029382.96222 943379530.6513013 1828363060.980529 3290285003.652233 5640567264.96426 9269895194.978889 18981979175.86727 15880272321.95568 13584225870.88766 12016746199.6686 11027626038.73418 10469012349.16723 10221031540.7173 10194835938.31233
 1.620791811124448e-011 2238.518663161318 18675770.63680387 133506240.2629746 419029382.96222 943379530.6513013 1828363060.980529 3290285003.652233 5640567264.96426 9269895194.978889 18981979175.86727 15880272321.95568 13584225870.88766 12016746199.6686 11027626038.73418 10469012349.16723 10221031540.7173 10194835938.31233
 3.277010549565849e-014 2238.518588179188 18675770.63680387 133506240.2629746 419029382.96222 943379530.6513013 1828363060.980529 3290285003.652233 5640567264.96426 9269895194.978889 18981979175.86727 15880272321.95568 13584225870.88766 12016746199.6686 11027626038.73418 10469012349.16723 10221031540.7173 10194835938.31233
 6.470486031637342e-012 2238.518564674447 18675770.63680387 133506240.2629746 419029382.96222 943379530.6513013 1828363060.980529 3290285003.652233 5640567264.96426 9269895194.978889 18981979175.86727 15880272321.95568 13584225870.88766 12016746199.6686 11027626038.73418 10469012349.16723 10221031540.7173 10194835938.31233
 9.213933745216927e-012 2238.518537482995 18675770.63680387 133506240.2629746 419029382.96222 943379530.6513013 1828363060.980529 3290285003.652233 5640567264.96426 9269895194.978889 18981979175.86727 15880272321.95568 13584225870.88766 12016746199.6686 11027626038.73418 10469012349.16723 10221031540.7173 10194835938.31233
 2.924994112011708e-010 2238.518480845838 18675770.63680387 133506240.2629746 419029382.96222 943379530.6513013 1828363060.980529 3290285003.652233 5640567264.96426 9269895194.978889 18981979175.86727 15880272321.95568 13584225870.88766 12016746199.6686 11027626038.73418 10469012349.16723 10221031540.7173 10194835938.31233
 1.482261087913862e-011 2238.518673946845 18675770.63680387 133506240.2629746 419029382.96222 943379530.6513013 1828363060.980529 3290285003.652233 5640567264.96426 9269895194.978889 18981979175.86727 15880272321.95568 13584225870.88766 12016746199.6686 11027626038.73418 10469012349.16723 10221031540.7173 10194835938.31233
 2.372434780562807e-012 2238.518631998452 18675770.63680387 133506240.2629746 419029382.96222 943379530.6513013 1828363060.980529 3290285003.652233 5640567264.96426 9269895194.978889 18981979175.86727 15880272321.95568 13584225870.88766 12016746199.6686 11027626038.73418 10469012349.16723 10221031540.7173 10194835938.31233
 2.222738420640792e-010 2238.518533345805 18675770.63680387 133506240.2629746 419029382.96222 943379530.6513013 1828363060.980529 3290285003.652233 5640567264.96426 9269895194.978889 18981979175.86727 15880272321.95568 13584225870.88766 12016746199.6686 11027626038.73418 10469012349.16723 10221031540.7173 10194835938.31233
 7.460420617638019e-011 2238.518683328411 18675770.63680387 133506240.2629746 419029382.96222 943379530.6513013 1828363060.980529 3290285003.652233 5640567264.96426 9269895194.978889 18981979175.86727 15880272321.95568 13584225870.88766 12016746199.6686 11027626038.73418 10469012349.16723 10221031540.7173 10194835938.31233
 1.959378660823681e-010 2238.518685599012 18675770.63680387 133506240.2629746 419029382.96222 943379530.6513013 1828363060.980529 3290285003.652233 5640567264.96426 9269895194.978889 18981979175.86727 15880272321.95568 13584225870.88766 12016746199.6686 11027626038.73418 10469012349.16723 10221031540.7173 10194835938.31233
 4.134549435659833e-012 2238.518596333878 18675770.63680387 133506240.2629746 419029382.96222 943379530.6513013 1828363060.980529 3290285003.652233 5640567264.96426 9269895194.978889 18981979175.86727 15880272321.95568 13584225870.88766 12016746199.6686 11027626038.73418 10469012349.16723 10221031540.7173 10194835938.31233
 1.164843573058259e-011 2238.518546511947 18675770.63680387 133506240.2629746 419029382.96222 943379530.6513013 1828363060.980529 3290285003.652233 5640567264.96426 9269895194.978889 18981979175.86727 15880272321.95568 13584225870.88766 12016746199.6686 11027626038.73418 10469012349.16723 10221031540.7173 10194835938.31233
 27830.26221431149 2238.518737824232 18675770.63680387 133506240.2629746 419029382.96222 943379530.6513013 1828363060.980529 3290285003.652233 5640567264.96426 9269895194.978889 18981979175.86727 15880272321.95568 13584225870.88766 12016746199.6686 11027626038.73418 10469012349.16723 10221031540.7173 10194835938.31233
 3983.229935479052 2238.518700005569 18675770.63680387 133506240.2629746 419029382.96222 943379530.6513013 1828363060.980529 3290285003.652233 5640567264.96426 9269895194.978889 18981979175.86727 15880272321.95568 13584225870.88766 12016746199.6686 11027626038.73418 10469012349.16723 10221031540.7173 10194835938.31233
 12.80014206311248 2238.522560445127 18675770.63680387 133506240.2629746 419029382.96222 943379530.6513013 1828363060.980529 3290285003.652233 5640567264.96426 9269895194.978889 18981979175.86727 15880272321.95568 13584225870.88766 12016746199.6686 11027626038.73418 10469012349.16723 10221031540.7173 10194835938.31233
